CompanyID,CompanyName,Industry,Region,Year,Revenue,ProfitMargin,MarketCap,GrowthRate,ESG_Overall,ESG_Environmental,ESG_Social,ESG_Governance,CarbonEmissions,WaterUsage,EnergyConsumption,CarbonIntensity,WaterIntensity,EnergyIntensity,ESG_Avg,RevenueGrowth
1,Company_1,Retail,Latin America,2015,459.2,6.0,337.5,4.85,57.0,60.7,33.5,76.8,35577.4,17788.7,71154.7,77.47691637630662,38.73845818815331,154.9536149825784,57.0,
1,Company_1,Retail,Latin America,2016,473.8,4.6,366.6,3.2,56.7,58.9,32.8,78.5,37314.7,18657.4,74629.4,78.75622625580412,39.37821865766146,157.51245251160825,56.73333333333333,0.03179442508710806
1,Company_1,Retail,Latin America,2017,564.9,5.2,313.4,19.2,56.5,57.6,34.0,77.8,45006.4,22503.2,90012.9,79.67144627367676,39.83572313683838,159.34306956983536,56.46666666666666,0.19227522161249455
1,Company_1,Retail,Latin America,2018,558.4,4.3,283.0,-1.1,58.0,62.3,33.4,78.3,42650.1,21325.1,85300.2,76.37911891117479,38.18964899713467,152.75823782234957,58.0,-0.011506461320587746
1,Company_1,Retail,Latin America,2019,554.5,4.9,538.1,-0.7,56.6,63.7,30.0,76.1,41799.4,20899.7,83598.8,75.38214607754735,37.69107303877367,150.7642921550947,56.6,-0.006984240687679
1,Company_1,Retail,Latin America,2020,567.5,6.0,384.1,2.3,55.7,65.1,28.5,73.5,42245.4,21122.7,84490.9,74.44123348017621,37.220616740088104,148.88264317180617,55.699999999999996,0.023444544634806164
1,Company_1,Retail,Latin America,2021,604.2,5.2,479.3,6.5,55.6,66.8,25.5,74.6,44263.8,22131.9,88527.7,73.26017874875869,36.630089374379345,146.52052300562727,55.633333333333326,0.06466960352422912
1,Company_1,Retail,Latin America,2022,593.2,4.2,248.4,-1.8,57.7,69.0,27.1,76.9,42536.3,21268.2,85072.6,71.70650708024274,35.85333782872556,143.4130141604855,57.666666666666664,-0.018205892088712372
1,Company_1,Retail,Latin America,2023,636.7,5.3,373.9,7.3,57.8,68.3,27.0,78.1,45956.3,22978.2,91912.6,72.17889115753101,36.08952410868541,144.35778231506202,57.79999999999999,0.0733310856372218
1,Company_1,Retail,Latin America,2024,687.0,4.6,460.1,7.9,58.5,68.9,29.9,76.8,49289.1,24644.5,98578.1,71.74541484716157,35.872634643377005,143.49068413391558,58.53333333333334,0.07900109941887856
1,Company_1,Retail,Latin America,2025,734.5,5.0,628.8,6.9,59.2,70.7,29.1,78.0,51805.8,25902.9,103611.7,70.53206262763786,35.26603131381893,141.0642614023145,59.26666666666667,0.0691411935953421
2,Company_2,Retail,Asia,2015,2934.8,-2.9,1803.1,5.949999999999999,59.9,61.1,48.6,69.8,226554.2,113277.1,453108.3,77.19578846940166,38.59789423470083,154.39154286493115,59.833333333333336,
2,Company_2,Retail,Asia,2016,3140.3,-1.1,13885.2,7.0,60.6,61.1,50.1,70.5,242555.1,121277.6,485110.3,77.23946756679298,38.61974970544215,154.4789669776773,60.56666666666666,0.07002180727817908
2,Company_2,Retail,Asia,2017,3463.1,-2.2,5283.7,10.3,61.7,61.4,53.1,70.5,266651.3,133325.7,533302.7,76.99786318616269,38.49894603101268,153.99575524818803,61.666666666666664,0.10279272680954032
2,Company_2,Retail,Asia,2018,2939.7,-1.7,4408.0,-15.1,61.5,61.7,52.0,70.6,225701.3,112850.6,451402.6,76.77698404599109,38.38847501445726,153.55396809198217,61.43333333333334,-0.15113626519592271
2,Company_2,Retail,Asia,2019,3125.6,1.2,566.4,6.3,61.1,63.1,52.5,67.8,237019.5,118509.7,474039.0,75.83168031737907,37.915824161760945,151.66336063475813,61.133333333333326,0.06323774534816473
2,Company_2,Retail,Asia,2020,2999.8,-0.3,1997.8,-4.0,63.3,64.2,57.9,67.9,225128.2,112564.1,450256.4,75.04773651576772,37.52386825788386,150.09547303153545,63.333333333333336,-0.04024827233171224
2,Company_2,Retail,Asia,2021,3167.9,-0.4,15634.9,5.6,63.0,62.9,60.0,66.1,240710.6,120355.3,481421.2,75.98427980681208,37.99213990340604,151.96855961362417,63.0,0.0560370691379426
2,Company_2,Retail,Asia,2022,3106.4,0.8,514.3,-1.9,64.0,66.7,57.7,67.8,227761.4,113880.7,455522.7,73.32004893123873,36.660024465619365,146.64006567087304,64.06666666666666,-0.019413491587486953
2,Company_2,Retail,Asia,2023,3691.6,-0.7,2523.2,18.8,66.0,66.6,61.6,70.0,271015.1,135507.6,542030.3,73.41399393217033,36.70701051034782,146.82801495286597,66.06666666666666,0.18838526912181286
2,Company_2,Retail,Asia,2024,3822.9,-1.2,5807.8,3.6,65.7,65.4,63.0,68.7,283660.0,141830.0,567320.0,74.20021449684793,37.10010724842397,148.40042899369587,65.7,0.03556723371979631
2,Company_2,Retail,Asia,2025,4371.5,-2.4,20376.3,14.4,66.3,65.8,62.8,70.3,323282.0,161641.0,646564.1,73.95219032368752,36.97609516184376,147.90440352281826,66.3,0.14350362290407803
3,Company_3,Transportation,Latin America,2015,259.7,5.9,140.2,6.449999999999999,25.5,3.3,41.6,31.5,183314.5,30552.4,611048.2,705.8702348864074,117.64497497112053,2352.900269541779,25.46666666666667,
3,Company_3,Transportation,Latin America,2016,245.2,8.5,224.0,-5.6,26.9,7.0,40.2,33.5,169346.3,28224.4,564487.8,690.6455954323002,115.10766721044047,2302.1525285481243,26.900000000000002,-0.05583365421640352
3,Company_3,Transportation,Latin America,2017,282.4,6.5,289.7,15.2,27.9,8.8,42.6,32.3,192824.3,32137.4,642747.8,682.8055949008499,113.80099150141645,2276.0191218130317,27.900000000000002,0.15171288743882538
3,Company_3,Transportation,Latin America,2018,300.2,3.1,100.7,6.3,28.2,8.3,42.9,33.5,205699.6,34283.3,685665.5,685.2085276482345,114.20153231179215,2284.028980679547,28.233333333333334,0.06303116147308785
3,Company_3,Transportation,Latin America,2019,322.6,5.1,290.7,7.5,29.8,14.8,43.6,31.2,212286.3,35381.0,707621.0,658.0480471171729,109.67451952882826,2193.4934903905764,29.86666666666667,0.07461692205196546
3,Company_3,Transportation,Latin America,2020,337.9,2.7,76.5,4.7,30.8,17.7,42.0,32.6,218171.7,36362.0,727239.0,645.6694288250962,107.61171944362238,2152.2314294169873,30.76666666666667,0.047427154370737634
3,Company_3,Transportation,Latin America,2021,348.4,4.5,128.8,3.1,31.6,18.5,43.9,32.2,223833.0,37305.5,746110.0,642.4598163031,107.07663605051665,2141.5327210103333,31.53333333333333,0.031074282332050895
3,Company_3,Transportation,Latin America,2022,389.6,7.1,327.9,11.8,31.3,18.8,44.9,30.2,249794.5,41632.4,832648.3,641.1563141683778,106.85934291581108,2137.1876283367556,31.3,0.11825487944890933
3,Company_3,Transportation,Latin America,2023,415.2,8.1,498.7,6.6,32.3,20.2,43.8,32.9,263632.1,43938.7,878773.7,634.9520712909441,105.82538535645472,2116.506984585742,32.300000000000004,0.0657084188911703
3,Company_3,Transportation,Latin America,2024,438.0,10.3,739.4,5.5,32.1,23.4,41.5,31.5,272361.8,45393.6,907872.8,621.8305936073059,103.63835616438355,2072.7689497716897,32.13333333333333,0.054913294797687806
3,Company_3,Transportation,Latin America,2025,479.8,11.6,1020.7,9.5,34.3,24.4,43.7,34.9,296242.0,49373.7,987473.3,617.4280950395998,102.90475197999166,2058.0935806586076,34.333333333333336,0.09543378995433782
4,Company_4,Technology,Africa,2015,5036.7,21.2,23192.4,4.5,54.2,97.6,46.2,18.9,130146.6,78087.9,260293.2,25.839656918220264,15.503782238370361,51.67931383644053,54.23333333333334,
4,Company_4,Technology,Africa,2016,5192.5,25.1,25137.8,3.1,54.6,98.9,45.2,19.9,131888.8,79133.3,263777.6,25.39986519017814,15.239922965816081,50.79973038035628,54.66666666666668,0.03093295213135594
4,Company_4,Technology,Africa,2017,5497.1,23.4,33251.0,5.9,55.9,100.0,47.4,20.4,137428.2,82456.9,274856.3,25.000127339870115,15.000072765640063,50.0002364883302,55.93333333333334,0.058661531054405414
4,Company_4,Technology,Africa,2018,5978.5,26.1,31801.0,8.8,55.6,99.7,46.3,20.7,150000.0,90000.0,300000.0,25.089905494689305,15.053943296813582,50.17981098937861,55.56666666666666,0.08757344781794019
4,Company_4,Technology,Africa,2019,6529.4,28.2,42706.4,9.2,56.0,100.0,46.1,21.8,163234.8,97940.9,326469.6,24.99996936931418,14.99998468465709,49.99993873862836,55.96666666666667,0.09214685958016222
4,Company_4,Technology,Africa,2020,6123.5,30.6,38574.1,-6.2,58.4,100.0,50.9,24.4,153087.8,91852.7,306175.6,25.000048991589775,15.000032661059851,50.00009798317955,58.43333333333334,-0.062164976873832156
4,Company_4,Technology,Africa,2021,5784.3,29.4,37578.6,-5.5,60.0,100.0,55.1,24.8,144607.6,86764.6,289215.2,25.000017288176615,15.000017288176617,50.00003457635323,59.96666666666667,-0.055393157507961144
4,Company_4,Technology,Africa,2022,5711.3,26.1,35339.1,-1.3,60.5,100.0,58.9,22.5,142781.6,85669.0,285563.2,24.999842417663228,14.999912454257348,49.999684835326455,60.46666666666667,-0.012620368929688985
4,Company_4,Technology,Africa,2023,5844.2,26.5,34781.6,2.3,62.6,100.0,64.1,23.8,146104.4,87662.6,292208.7,24.999897334109033,14.999931556072688,49.999777557236236,62.63333333333333,0.023269658396512183
4,Company_4,Technology,Africa,2024,6555.1,26.0,45451.6,12.2,63.5,100.0,64.8,25.6,163877.9,98326.7,327755.8,25.000061021189605,15.000030510594803,50.00012204237921,63.46666666666667,0.1216419698162281
4,Company_4,Technology,Africa,2025,7675.6,22.9,42400.4,17.1,64.1,100.0,65.4,27.0,191891.1,115134.7,383782.3,25.000143311272083,15.000091198082233,50.000299650841626,64.13333333333334,0.17093560738966596
5,Company_5,Finance,Middle East,2015,2720.9,16.1,3884.5,-0.6000000000000001,43.5,71.9,19.1,39.4,37894.7,18947.3,94736.7,13.92726671321989,6.963614980337388,34.81814840677717,43.46666666666667,
5,Company_5,Finance,Middle East,2016,2647.4,17.6,9275.6,-2.7,42.5,74.2,16.0,37.4,36048.3,18024.2,90120.8,13.616491652187053,6.80826471254816,34.04124801692226,42.53333333333333,-0.027013120658605616
5,Company_5,Finance,Middle East,2017,2553.4,19.9,9760.9,-3.6,44.3,74.7,18.7,39.6,34565.5,17282.7,86413.7,13.53704864102765,6.768504738779666,33.84260202083496,44.333333333333336,-0.03550653471330367
5,Company_5,Finance,Middle East,2018,2758.9,22.6,7367.6,8.1,45.4,75.8,18.7,41.8,36945.9,18472.9,92364.7,13.391532857298198,6.69574830548407,33.47881402008046,45.43333333333334,0.08048092739092971
5,Company_5,Finance,Middle East,2019,2746.9,21.3,11365.5,-0.4,46.0,77.0,20.4,40.7,36325.1,18162.6,90812.9,13.224034366012596,6.612035385343478,33.06014052204303,46.03333333333334,-0.004349559607089826
5,Company_5,Finance,Middle East,2020,3243.0,19.3,10066.1,18.1,46.8,75.5,22.5,42.5,43534.1,21767.0,108835.2,13.424020968239285,6.711995066296639,33.56003700277521,46.833333333333336,0.18060358950089195
5,Company_5,Finance,Middle East,2021,3120.1,19.3,8787.3,-3.8,47.5,78.5,22.7,41.3,40596.3,20298.2,101490.8,13.011217589179836,6.505624819717317,32.528059998076984,47.5,-0.037897008942337385
5,Company_5,Finance,Middle East,2022,3094.2,20.1,9600.4,-0.8,47.6,78.4,22.3,42.3,40314.0,20157.0,100785.1,13.028892767112664,6.514446383556332,32.5722642363131,47.666666666666664,-0.008301015993077199
5,Company_5,Finance,Middle East,2023,3281.7,21.9,6441.8,6.1,45.9,76.5,20.0,41.3,43628.2,21814.1,109070.6,13.294390102690679,6.6471950513453395,33.23600572873816,45.93333333333334,0.06059724646112086
5,Company_5,Finance,Middle East,2024,3282.1,22.5,9663.0,0.0,47.4,80.4,19.9,41.8,41818.8,20909.4,104546.9,12.741476493708298,6.370738246854149,31.853660765973004,47.366666666666674,0.00012188804583002089
5,Company_5,Finance,Middle East,2025,3162.1,22.4,6674.6,-3.7,48.0,82.1,18.7,43.3,39561.3,19780.6,98903.2,12.511084405932767,6.255526390689731,31.277695202555265,48.03333333333333,-0.03656195728344658
6,Company_6,Transportation,Oceania,2015,2339.1,0.8,256.7,4.0,69.1,56.9,76.8,73.7,1125550.2,187591.7,3751834.0,481.1894318327562,80.1982386387927,1603.964772775854,69.13333333333333,
6,Company_6,Transportation,Oceania,2016,2574.5,-1.0,11890.9,10.1,68.4,56.1,76.9,72.2,1246956.8,207826.1,4156522.6,484.3491163332686,80.72483977471354,1614.497028549233,68.39999999999999,0.10063699713565044
6,Company_6,Transportation,Oceania,2017,2508.9,-4.0,3844.3,-2.6,68.7,60.3,75.8,70.0,1171117.0,195186.2,3903723.3,466.78504523894935,77.79752082585993,1555.9501375104626,68.7,-0.02548067585939018
6,Company_6,Transportation,Oceania,2018,2472.4,-8.2,1595.7,-1.5,66.9,60.0,73.1,67.5,1157116.5,192852.8,3857055.1,468.013468694386,78.00226500566251,1560.044936094483,66.86666666666666,-0.014548208378173721
6,Company_6,Transportation,Oceania,2019,2598.8,-8.5,8095.7,5.1,68.7,62.3,73.8,70.1,1191171.2,198528.5,3970570.6,458.354317377251,76.39237340310912,1527.8476989379712,68.73333333333333,0.05112441352531949
6,Company_6,Transportation,Oceania,2020,2563.3,-11.4,10251.2,-1.4,70.5,64.0,74.3,73.3,1156823.6,192803.9,3856078.8,451.30246167050285,75.21706394101354,1504.341590917957,70.53333333333335,-0.01366015083884875
6,Company_6,Transportation,Oceania,2021,2466.6,-8.5,7550.0,-3.8,70.8,64.2,75.3,72.9,1110593.7,185099.0,3701979.0,450.25285818535633,75.04216330171086,1500.8428606178545,70.8,-0.037724807864861765
6,Company_6,Transportation,Oceania,2022,2747.5,-7.9,12663.9,11.4,72.5,68.4,77.0,72.1,1188684.3,198114.0,3962281.0,432.6421474067334,72.10700636942676,1442.140491355778,72.5,0.11388145625557455
6,Company_6,Transportation,Oceania,2023,3009.5,-9.8,4910.0,9.5,71.7,68.1,75.7,71.2,1305812.3,217635.4,4352707.7,433.8967602591793,72.31613224788171,1446.3225452733013,71.66666666666667,0.0953594176524113
6,Company_6,Transportation,Oceania,2024,3095.6,-8.6,2201.1,2.9,69.5,62.2,75.7,70.7,1420617.4,236769.6,4735391.3,458.9150407029332,76.48585088512728,1529.7167915751388,69.53333333333335,0.028609403555407864
6,Company_6,Transportation,Oceania,2025,3297.0,-10.0,7887.8,6.5,73.1,68.2,77.4,73.6,1428863.2,238143.9,4762877.2,433.38283287837424,72.2304822565969,1444.6094024871095,73.06666666666668,0.0650600852823362
7,Company_7,Healthcare,Oceania,2015,4664.1,6.2,4597.8,2.35,53.0,74.6,37.1,47.5,316163.3,316163.3,632326.6,67.78656118007761,67.78656118007761,135.57312236015522,53.06666666666666,
7,Company_7,Healthcare,Oceania,2016,5080.6,9.0,6228.6,8.9,52.4,72.7,38.3,46.1,351094.3,351094.3,702188.6,69.10488918631657,69.10488918631657,138.20977837263314,52.36666666666667,0.08929911451298223
7,Company_7,Healthcare,Oceania,2017,5192.0,6.4,7750.2,2.2,53.9,77.8,38.1,45.7,340222.4,340222.4,680444.7,65.52819722650231,65.52819722650231,131.056375192604,53.866666666666674,0.02192654410896333
7,Company_7,Healthcare,Oceania,2018,5320.5,4.3,2608.0,2.5,53.4,77.7,38.4,44.2,349079.0,349079.0,698158.1,65.61018701249883,65.61018701249883,131.22039282022365,53.43333333333334,0.024749614791987673
7,Company_7,Healthcare,Oceania,2019,5421.6,1.3,1267.0,1.9,54.4,78.5,39.0,45.7,352693.8,352693.8,705387.6,65.05345285524568,65.05345285524568,130.10690571049136,54.4,0.01900197349873145
7,Company_7,Healthcare,Oceania,2020,6225.1,3.5,4571.3,14.8,53.9,78.3,38.5,45.0,406012.5,406012.5,812025.1,65.221843825802,65.221843825802,130.44370371560296,53.93333333333334,0.148203482366829
7,Company_7,Healthcare,Oceania,2021,6470.9,-2.3,21238.4,3.9,53.3,78.0,34.6,47.2,423188.3,423188.3,846376.6,65.3986771546462,65.3986771546462,130.7973543092924,53.26666666666667,0.039485309472940155
7,Company_7,Healthcare,Oceania,2022,6387.4,-2.2,18488.5,-1.3,53.9,80.9,34.8,45.8,404596.4,404596.4,809192.9,63.34289382221249,63.34289382221249,126.68580330024737,53.833333333333336,-0.012903923720038901
7,Company_7,Healthcare,Oceania,2023,6014.8,-1.7,10294.8,-5.8,53.7,81.6,35.2,44.2,378353.9,378353.9,756707.8,62.903820575912754,62.903820575912754,125.80764115182551,53.666666666666664,-0.058333594263706545
7,Company_7,Healthcare,Oceania,2024,6084.6,-3.6,27425.5,1.2,55.8,81.9,39.1,46.5,381475.3,381475.3,762950.7,62.695214147191265,62.695214147191265,125.39044472931663,55.833333333333336,0.011604708385981377
7,Company_7,Healthcare,Oceania,2025,6444.2,0.1,38.0,5.9,58.4,87.6,41.6,46.1,378090.2,378090.2,756180.5,58.671394432202604,58.671394432202604,117.34280438223519,58.43333333333333,0.0591000230089076
8,Company_8,Healthcare,Europe,2015,7090.7,10.6,14828.8,0.10000000000000003,74.4,69.4,87.8,66.1,506391.0,506391.0,1012782.0,71.41622124754961,71.41622124754961,142.83244249509923,74.43333333333332,
8,Company_8,Healthcare,Europe,2016,7395.2,10.4,17692.4,4.3,75.5,69.3,89.8,67.6,528938.5,528938.5,1057876.9,71.52456999134574,71.52456999134574,143.04912646040674,75.56666666666666,0.04294357397718129
8,Company_8,Healthcare,Europe,2017,7077.8,10.7,14011.4,-4.3,76.8,71.8,92.2,66.6,493832.6,493832.6,987665.3,69.77204781146683,69.77204781146683,139.54410975161773,76.86666666666666,-0.042919731717871
8,Company_8,Healthcare,Europe,2018,6957.5,8.2,9292.2,-1.7,76.6,69.5,92.8,67.6,496422.5,496422.5,992845.0,71.3507006827165,71.3507006827165,142.701401365433,76.63333333333334,-0.016996806917403684
8,Company_8,Healthcare,Europe,2019,6690.8,9.7,8033.5,-3.8,77.0,67.2,98.8,64.9,488275.3,488275.3,976550.7,72.97711783344293,72.97711783344293,145.95425061278172,76.96666666666667,-0.0383327344592167
8,Company_8,Healthcare,Europe,2020,6751.9,8.7,7083.4,0.9,78.5,70.2,98.2,67.0,478492.5,478492.5,956984.9,70.8678297960574,70.8678297960574,141.73564478146892,78.46666666666667,0.009131942368625579
8,Company_8,Healthcare,Europe,2021,6397.5,10.1,10983.2,-5.2,78.2,74.1,95.1,65.5,435991.0,435991.0,871982.0,68.15021492770613,68.15021492770613,136.30042985541226,78.23333333333333,-0.05248892904219549
8,Company_8,Healthcare,Europe,2022,6583.8,10.3,8606.9,2.9,79.6,75.2,95.3,68.3,443275.8,443275.8,886551.6,67.328260275221,67.328260275221,134.656520550442,79.60000000000001,0.029120750293083253
8,Company_8,Healthcare,Europe,2023,6810.4,11.1,9866.0,3.4,79.6,75.4,95.2,68.2,457696.4,457696.4,915392.8,67.20550922119112,67.20550922119112,134.41101844238224,79.60000000000001,0.03441781342082062
8,Company_8,Healthcare,Europe,2024,7168.5,13.7,17539.0,5.3,81.4,78.2,95.0,71.1,468000.4,468000.4,936000.8,65.28568040733767,65.28568040733767,130.57136081467533,81.43333333333332,0.05258134617643617
8,Company_8,Healthcare,Europe,2025,7117.1,8.6,10386.3,-0.7,81.6,77.1,97.6,69.9,469707.3,469707.3,939414.6,65.99700720799201,65.99700720799201,131.99401441598403,81.53333333333333,-0.007170258771011961
9,Company_9,Technology,North America,2015,1490.2,11.9,4559.0,16.85,59.8,37.8,77.7,63.7,69681.3,41808.8,139362.7,46.75969668500873,28.055831432022547,93.51946047510401,59.73333333333333,
9,Company_9,Technology,North America,2016,1761.8,9.7,4234.3,18.2,58.8,38.0,78.7,59.7,82263.8,49358.3,164527.5,46.69304120785561,28.0158360767397,93.38602565557953,58.800000000000004,0.1822574151120655
9,Company_9,Technology,North America,2017,2085.0,15.3,7991.2,18.3,60.2,37.2,77.2,66.2,97986.2,58791.7,195972.4,46.9957793764988,28.19745803357314,93.9915587529976,60.20000000000001,0.1834487456010898
9,Company_9,Technology,North America,2018,2575.4,14.1,5543.0,23.5,63.5,40.8,81.7,68.1,117733.8,70640.3,235467.6,45.71476275530015,27.428865418964044,91.4295255106003,63.53333333333333,0.23520383693045566
9,Company_9,Technology,North America,2019,3208.8,11.2,8416.4,24.6,63.3,40.5,83.8,65.6,147097.1,88258.2,294194.1,45.84177885814012,27.505048616305157,91.68352655198204,63.29999999999999,0.2459423778830474
9,Company_9,Technology,North America,2020,3584.9,10.1,10662.5,11.7,63.1,39.7,84.7,64.9,165277.3,99166.4,330554.5,46.10374069011687,27.662249993026304,92.20745348545287,63.1,0.11720892545499861
9,Company_9,Technology,North America,2021,4399.8,8.5,7008.7,22.7,63.8,39.7,84.3,67.3,202835.4,121701.3,405670.9,46.10105004772944,27.660643665621166,92.20212282376473,63.76666666666667,0.22731456944405704
9,Company_9,Technology,North America,2022,4673.0,6.7,8480.9,6.2,65.3,43.5,83.4,69.0,209222.4,125533.4,418444.8,44.77260860261074,26.86355660175476,89.54521720522148,65.3,0.062093731533251484
9,Company_9,Technology,North America,2023,5102.1,4.4,5222.0,9.2,63.3,45.0,80.8,64.0,225770.9,135462.6,451541.9,44.250583093236116,26.550361615805254,88.50118578624487,63.26666666666667,0.09182537984164352
9,Company_9,Technology,North America,2024,5853.9,6.3,5804.7,14.7,63.2,45.6,81.9,62.1,257772.5,154663.5,515545.0,44.03431900100788,26.420591400604728,88.06863800201576,63.199999999999996,0.14735109072734742
9,Company_9,Technology,North America,2025,6764.0,4.5,5954.9,15.5,63.5,48.4,82.6,59.6,291193.2,174715.9,582386.4,43.05044352454169,25.830263157894738,86.10088704908338,63.53333333333333,0.1554690035702695
10,Company_10,Technology,Latin America,2015,48720.0,11.9,186028.6,9.1,62.2,81.7,62.5,42.5,1530517.6,918310.6,3061035.3,31.414564860426932,18.84873973727422,62.82913177339901,62.23333333333333,
10,Company_10,Technology,Latin America,2016,56121.2,9.4,134112.7,15.2,64.8,79.6,68.6,46.2,1803672.0,1082203.2,3607344.1,32.13887087232632,19.283322523395793,64.27774352651049,64.8,0.1519129720853858
10,Company_10,Technology,Latin America,2017,60556.9,8.6,86036.0,7.9,65.0,79.2,67.5,48.5,1955375.5,1173225.3,3910751.0,32.28988769240169,19.373932615441014,64.57977538480338,65.06666666666666,0.07903786804273616
10,Company_10,Technology,Latin America,2018,65683.3,11.0,223764.9,8.5,65.1,79.7,70.0,45.8,2109725.6,1265835.4,4219451.2,32.11966512035784,19.2717996811975,64.23933024071567,65.16666666666667,0.08465426730892767
10,Company_10,Technology,Latin America,2019,72498.6,11.0,215468.5,10.4,64.2,77.8,72.1,42.5,2374857.6,1424914.5,4749715.1,32.757289106272395,19.65437263616125,65.5145768332078,64.13333333333333,0.10376001205785945
10,Company_10,Technology,Latin America,2020,79033.4,13.5,313712.7,9.0,65.8,81.3,73.5,42.4,2492114.3,1495268.6,4984228.6,31.532419205044956,18.919451776084543,63.06483841008991,65.73333333333333,0.09013691298866444
10,Company_10,Technology,Latin America,2021,79619.8,12.0,263994.0,0.7,67.0,81.8,75.4,43.9,2497067.9,1498240.8,4994135.9,31.36239854910462,18.817439883044166,62.72479835417823,67.03333333333333,0.007419647895699821
10,Company_10,Technology,Latin America,2022,93510.8,14.4,446629.1,17.4,67.1,79.8,78.1,43.5,2998092.6,1798855.6,5996185.2,32.06145814173336,19.236875312798094,64.12291628346672,67.13333333333333,0.17446665276727646
10,Company_10,Technology,Latin America,2023,108029.1,17.3,416982.0,15.5,67.4,79.5,77.9,44.9,3476430.3,2085858.2,6952860.6,32.180498587880486,19.30829933786359,64.36099717576097,67.43333333333334,0.15525800228422826
10,Company_10,Technology,Latin America,2024,117939.2,14.9,610070.0,9.2,68.6,77.8,78.2,50.0,3864217.0,2318530.2,7728434.0,32.76448373399175,19.658690240395053,65.5289674679835,68.66666666666667,0.09173546757308904
10,Company_10,Technology,Latin America,2025,104787.3,17.1,412517.1,-11.2,69.6,80.9,79.9,48.1,3319085.3,1991451.2,6638170.6,31.67449967696467,19.004699997041627,63.34899935392934,69.63333333333334,-0.11151423784458425
11,Company_11,Energy,Europe,2015,1102.8,11.0,1367.9,-14.700000000000001,59.5,44.6,75.4,58.5,978737.8,293621.3,9787378.2,887.5025389916577,266.2507254261879,8875.025571273123,59.5,
11,Company_11,Energy,Europe,2016,833.7,7.9,657.0,-24.4,60.1,45.7,75.2,59.4,733816.9,220145.1,7338168.9,880.1929950821639,264.0579345088161,8801.929830874415,60.1,-0.2440152339499455
11,Company_11,Energy,Europe,2017,621.3,10.8,849.4,-25.5,58.6,44.8,73.0,58.0,550492.2,165147.7,5504921.9,886.0328343795268,265.8099146949944,8860.328182842428,58.6,-0.254767902123066
11,Company_11,Energy,Europe,2018,571.5,6.0,551.3,-8.0,61.2,51.1,73.7,58.8,481346.8,144404.0,4813468.2,842.2516185476816,252.67541557305336,8422.516535433071,61.20000000000001,-0.08015451472718482
11,Company_11,Energy,Europe,2019,507.9,-1.6,371.5,-11.1,64.3,57.2,74.0,61.6,405962.7,121788.8,4059626.6,799.2965150620201,239.7889348296909,7992.964363063596,64.26666666666667,-0.1112860892388452
11,Company_11,Energy,Europe,2020,404.5,-1.7,1455.4,-20.3,64.8,61.8,71.4,61.3,310497.4,93149.2,3104974.2,767.6079110012362,230.2823238566131,7676.079604449938,64.83333333333333,-0.20358338255562114
11,Company_11,Energy,Europe,2021,356.4,0.9,54.4,-11.9,64.4,64.0,68.7,60.4,267955.8,80386.7,2679558.1,751.8400673400673,225.55190796857465,7518.400953984288,64.36666666666666,-0.11891223733003708
11,Company_11,Energy,Europe,2022,295.3,0.6,17.0,-17.1,66.2,66.3,71.4,61.1,217375.8,65212.7,2173758.1,736.1185235353877,220.8354216051473,7361.18557399255,66.26666666666667,-0.17143658810325468
11,Company_11,Energy,Europe,2023,266.7,3.7,155.1,-9.7,67.7,68.9,72.8,61.5,191370.2,57411.1,1913701.7,717.5485564304463,215.2647169103862,7175.484439445069,67.73333333333333,-0.09685066034541157
11,Company_11,Energy,Europe,2024,194.5,5.8,114.8,-27.1,69.2,70.3,74.9,62.2,137628.4,41288.5,1376284.1,707.6010282776349,212.280205655527,7076.010796915168,69.13333333333333,-0.27071616047993996
11,Company_11,Energy,Europe,2025,170.6,4.7,158.9,-12.3,70.3,71.3,76.8,62.8,119639.5,35891.8,1196394.7,701.2866354044548,210.38569753810086,7012.864595545135,70.3,-0.12287917737789211
12,Company_12,Finance,Asia,2015,3081.4,9.4,2730.3,1.7,52.8,90.4,43.2,24.7,34963.6,17481.8,87409.0,11.346660608814174,5.673330304407087,28.366651522035436,52.76666666666667,
12,Company_12,Finance,Asia,2016,3202.0,10.8,6084.8,3.9,54.1,91.5,42.7,28.0,35841.1,17920.6,89602.8,11.193347907557776,5.596689569019363,27.983385384134916,54.06666666666666,0.03913805413123894
12,Company_12,Finance,Asia,2017,3731.1,10.1,6952.2,16.5,51.9,89.1,39.7,26.8,42998.9,21499.4,107497.2,11.524456594569967,5.762214896411247,28.81112808555118,51.866666666666674,0.1652404747033105
12,Company_12,Finance,Asia,2018,3934.3,9.5,4269.2,5.4,50.8,88.5,38.2,25.7,45675.8,22837.9,114189.6,11.609638309229087,5.804819154614544,29.024121190554865,50.800000000000004,0.05446115086703651
12,Company_12,Finance,Asia,2019,3908.6,9.9,4904.0,-0.7,51.1,87.4,40.0,25.9,46001.9,23001.0,115004.8,11.769405925395283,5.884715755001791,29.42352760579236,51.1,-0.006532292911064275
12,Company_12,Finance,Asia,2020,3655.5,14.6,5327.5,-6.5,51.8,87.0,40.9,27.4,43190.8,21595.4,107977.0,11.815292025714678,5.907646012857339,29.53823006428669,51.76666666666667,-0.06475464360640637
12,Company_12,Finance,Asia,2021,3718.8,19.5,7799.8,1.7,52.1,87.0,40.2,29.0,43956.7,21978.3,109891.6,11.820130149510593,5.9100516295579215,29.55028503818436,52.06666666666666,0.017316372589249118
12,Company_12,Finance,Asia,2022,3533.5,18.5,12821.9,-5.0,53.2,87.7,43.5,28.4,41437.8,20718.9,103594.6,11.727126078958541,5.863563039479271,29.31784349794821,53.199999999999996,-0.04982790147359373
12,Company_12,Finance,Asia,2023,3302.9,19.4,11416.2,-6.5,54.5,87.3,42.6,33.6,38923.6,19461.8,97309.1,11.784674074298342,5.892337037149171,29.46171546216961,54.5,-0.06526107259091551
12,Company_12,Finance,Asia,2024,3517.8,17.7,11569.2,6.5,54.6,88.6,41.9,33.3,40801.4,20400.7,102003.4,11.598555915629086,5.799277957814543,28.99636136221502,54.6,0.06506403463622878
12,Company_12,Finance,Asia,2025,3577.8,18.4,10452.9,1.7,53.6,87.9,42.6,30.3,41848.9,20924.4,104622.2,11.696824864441835,5.84839845715244,29.242048186036108,53.6,0.017056114617090223
13,Company_13,Consumer Goods,Asia,2015,497.7,9.9,550.8,14.05,44.6,80.2,23.0,30.7,63581.8,79477.3,317909.1,127.75125577657224,159.68917018284108,638.7564798071127,44.63333333333333,
13,Company_13,Consumer Goods,Asia,2016,568.6,10.5,1184.3,14.3,46.9,82.8,24.5,33.3,70541.0,88176.2,352704.9,124.06085121350685,155.07597608160393,620.3040801969751,46.86666666666667,0.1424552943540287
13,Company_13,Consumer Goods,Asia,2017,690.7,13.2,1132.3,21.5,47.2,85.1,24.3,32.1,83465.7,104332.1,417328.4,120.84218908353843,151.05270015925873,604.2108006370349,47.166666666666664,0.21473795286669017
13,Company_13,Consumer Goods,Asia,2018,739.2,14.2,2343.1,7.0,48.8,86.2,27.3,33.0,88238.5,110298.1,441192.6,119.37026515151514,149.21279761904762,596.851461038961,48.833333333333336,0.07021861879252933
13,Company_13,Consumer Goods,Asia,2019,833.5,11.5,1872.2,12.7,51.1,88.7,30.8,34.0,96578.4,120723.0,482892.1,115.87090581883622,144.8386322735453,579.3546490701859,51.166666666666664,0.12757034632034636
13,Company_13,Consumer Goods,Asia,2020,954.0,10.7,1851.3,14.5,52.3,89.5,31.9,35.7,109460.7,136825.9,547303.5,114.73867924528301,143.4233752620545,573.6933962264151,52.366666666666674,0.1445710857828435
13,Company_13,Consumer Goods,Asia,2021,1086.0,9.8,1547.5,13.8,53.0,90.9,31.6,36.5,122495.9,153119.8,612479.3,112.79548802946593,140.99429097605892,563.9772559852671,53.0,0.1383647798742138
13,Company_13,Consumer Goods,Asia,2022,1067.8,11.7,2422.7,-1.7,54.6,90.7,32.9,40.2,120619.7,150774.7,603098.7,112.96094774302304,141.20125491665107,564.8049260161079,54.6,-0.016758747697974252
13,Company_13,Consumer Goods,Asia,2023,1194.6,10.6,1792.2,11.9,55.6,95.5,30.9,40.3,126979.9,158724.9,634899.7,106.29491043026955,132.86865896534405,531.4747195714046,55.56666666666666,0.11874882936879572
13,Company_13,Consumer Goods,Asia,2024,1402.8,12.6,2355.0,17.4,55.2,97.0,30.3,38.2,146186.4,182733.0,730932.2,104.2104362703165,130.26304533789565,521.0523239235814,55.166666666666664,0.17428427925665502
13,Company_13,Consumer Goods,Asia,2025,1671.6,13.9,3789.7,19.2,56.1,97.8,28.3,42.1,172327.4,215409.2,861637.0,103.09128978224456,128.86408231634363,515.4564489112228,56.06666666666666,0.19161676646706582
14,Company_14,Transportation,Middle East,2015,774.9,6.2,902.2,6.35,38.5,20.8,60.0,34.8,490364.3,81727.4,1634547.6,632.8097819073429,105.46831849270873,2109.3658536585367,38.53333333333333,
14,Company_14,Transportation,Middle East,2016,865.3,3.9,279.9,11.7,40.0,22.4,60.9,36.7,541578.0,90263.0,1805260.1,625.8846642782851,104.3141107130475,2086.282329827806,40.0,0.11666021422118988
14,Company_14,Transportation,Middle East,2017,917.5,7.5,643.6,6.0,39.5,24.2,59.9,34.5,567519.6,94586.6,1891731.9,618.5499727520436,103.0916621253406,2061.8331335149865,39.53333333333333,0.06032589853230097
14,Company_14,Transportation,Middle East,2018,956.1,5.6,802.8,4.2,40.3,25.1,62.1,33.7,587497.8,97916.3,1958326.0,614.4731722623156,102.41219537705261,2048.243907541052,40.300000000000004,0.042070844686648456
14,Company_14,Transportation,Middle East,2019,986.3,0.9,70.7,3.2,42.0,25.8,61.2,39.2,603338.6,100556.4,2011128.7,611.7191523877117,101.95315826827537,2039.0638750887153,42.06666666666667,0.03158665411567818
14,Company_14,Transportation,Middle East,2020,1013.5,3.4,638.5,2.8,41.3,24.6,59.8,39.6,625021.9,104170.3,2083406.3,616.6964972866305,102.78273310310804,2055.6549580661076,41.333333333333336,0.027577816080300188
14,Company_14,Transportation,Middle East,2021,1081.7,0.5,90.6,6.7,42.9,26.6,63.8,38.3,657776.8,109629.5,2192589.4,608.0954053804197,101.3492650457613,2026.9847462327816,42.9,0.06729156388751845
14,Company_14,Transportation,Middle East,2022,1158.1,-0.1,988.5,7.1,42.7,27.5,62.3,38.3,700213.7,116702.3,2334045.7,604.6228304982299,100.77048614109319,2015.4094637768762,42.699999999999996,0.07062956457428116
14,Company_14,Transportation,Middle East,2023,1404.4,1.5,364.0,21.3,42.9,27.5,61.9,39.3,849092.3,141515.4,2830307.5,604.594346340074,100.76573625747649,2015.314369125605,42.9,0.21267593472066326
14,Company_14,Transportation,Middle East,2024,1408.8,6.0,1560.2,0.3,44.8,29.2,64.2,41.1,841594.3,140265.7,2805314.2,597.3838018171494,99.56395513912551,1991.2792447473028,44.833333333333336,0.0031330105383080564
14,Company_14,Transportation,Middle East,2025,1623.4,4.7,678.5,15.2,46.1,30.4,66.6,41.2,961413.8,160235.6,3204712.5,592.2223727978317,98.70370826660096,1974.074473327584,46.06666666666666,0.15232822260079515
15,Company_15,Healthcare,Oceania,2015,5737.2,23.7,15249.0,11.149999999999999,51.0,75.8,50.4,26.7,384081.3,384081.3,768162.6,66.94577494248065,66.94577494248065,133.8915498849613,50.96666666666666,
15,Company_15,Healthcare,Oceania,2016,5724.4,25.1,29017.6,-0.2,50.6,76.3,47.5,28.0,381278.5,381278.5,762557.0,66.60584515407729,66.60584515407729,133.21169030815457,50.6,-0.0022310534755630718
15,Company_15,Healthcare,Oceania,2017,6468.8,23.9,23465.8,13.0,52.6,80.4,44.9,32.5,412080.4,412080.4,824160.8,63.7027578530794,63.7027578530794,127.4055157061588,52.6,0.13003982950178194
15,Company_15,Healthcare,Oceania,2018,6947.3,28.3,45474.5,7.4,54.2,81.1,47.2,34.3,439374.6,439374.6,878749.1,63.243936493313946,63.243936493313946,126.48785859254674,54.20000000000001,0.07397044274053921
15,Company_15,Healthcare,Oceania,2019,6699.5,32.0,45050.0,-3.6,55.6,84.8,48.5,33.4,406070.7,406070.7,812141.4,60.61209045451153,60.61209045451153,121.22418090902306,55.56666666666667,-0.0356685330991896
15,Company_15,Healthcare,Oceania,2020,7409.3,31.3,40312.2,10.6,56.9,86.9,48.2,35.5,438267.5,438267.5,876535.1,59.15099941964828,59.15099941964828,118.30201233584819,56.866666666666674,0.10594820508993208
15,Company_15,Healthcare,Oceania,2021,6442.6,34.2,27413.4,-13.0,56.6,84.4,49.5,35.8,392268.1,392268.1,784536.2,60.88661409989755,60.88661409989755,121.7732281997951,56.56666666666666,-0.13047116461744024
15,Company_15,Healthcare,Oceania,2022,7357.3,31.1,33992.8,14.2,57.1,84.5,50.7,36.2,447629.5,447629.5,895258.9,60.841545132045724,60.841545132045724,121.68307667214874,57.133333333333326,0.14197684164778201
15,Company_15,Healthcare,Oceania,2023,8220.8,31.2,38672.5,11.7,57.6,82.9,50.7,39.2,509178.2,509178.2,1018356.4,61.93779194239004,61.93779194239004,123.87558388478008,57.6,0.11736642518315121
15,Company_15,Healthcare,Oceania,2024,9291.0,27.8,53148.3,13.0,57.6,83.2,50.5,39.0,573492.9,573492.9,1146985.9,61.7256377139167,61.7256377139167,123.45128619093745,57.56666666666666,0.13018197742312188
15,Company_15,Healthcare,Oceania,2025,11489.1,28.7,61972.3,23.7,58.6,85.1,50.4,40.3,694213.6,694213.6,1388427.2,60.423671131768366,60.423671131768366,120.84734226353673,58.6,0.23658379076525682
16,Company_16,Energy,Europe,2015,1160.6,16.3,1921.2,2.7,47.2,46.8,38.7,56.1,1012659.6,303797.9,10126595.9,872.5311046010685,261.75934861278654,8725.310959848355,47.199999999999996,
16,Company_16,Energy,Europe,2016,1213.5,14.3,2914.3,4.6,46.9,46.9,38.3,55.5,1057599.4,317279.8,10575993.9,871.5281417387721,261.45842604037904,8715.281334981459,46.9,0.04557987247975204
16,Company_16,Energy,Europe,2017,1248.2,14.2,1935.3,2.9,47.5,48.3,39.1,55.1,1075823.2,322747.0,10758232.4,861.8996955616086,258.56994071462907,8618.99727607755,47.5,0.02859497321796467
16,Company_16,Energy,Europe,2018,1320.2,17.3,4087.7,5.8,50.1,49.6,41.3,59.3,1126052.2,337815.6,11260521.6,852.9406150583244,255.88213906983788,8529.405847598848,50.06666666666666,0.057683063611600804
16,Company_16,Energy,Europe,2019,1268.4,15.1,2918.0,-3.9,50.8,52.2,41.0,59.3,1058730.8,317619.3,10587308.4,834.6978871018606,250.40941343424785,8346.979186376537,50.833333333333336,-0.03923647932131491
16,Company_16,Energy,Europe,2020,1265.3,16.6,3606.5,-0.2,51.4,51.6,41.3,61.3,1061247.1,318374.1,10612470.7,838.7316051529283,251.6194578360863,8387.31581443136,51.4,-0.0024440239672028907
16,Company_16,Energy,Europe,2021,1387.7,14.6,2539.7,9.7,52.6,54.6,39.1,64.0,1135154.7,340546.4,11351546.8,818.011601931253,245.40347337320748,8180.115875189163,52.56666666666666,0.09673595194815476
16,Company_16,Energy,Europe,2022,1283.2,20.5,3303.6,-7.5,56.8,59.6,44.0,66.7,1004250.2,301275.0,10042501.7,782.6139339152119,234.78413341645884,7826.139105361595,56.76666666666667,-0.07530446061828922
16,Company_16,Energy,Europe,2023,1119.0,29.3,2683.5,-12.8,57.7,58.3,45.2,69.8,886537.9,265961.4,8865378.6,792.2590705987488,237.67774798927616,7922.5903485254685,57.76666666666667,-0.12796134663341652
16,Company_16,Energy,Europe,2024,1219.4,45.0,10664.6,9.0,57.7,59.3,45.8,67.9,956950.4,287085.1,9569503.7,784.7715269804821,235.43144169263567,7847.715023782187,57.666666666666664,0.08972296693476323
16,Company_16,Energy,Europe,2025,1249.8,36.9,5866.9,2.5,59.8,63.6,47.0,68.8,943634.4,283090.3,9436344.2,755.0283245319251,226.50848135701713,7550.283405344855,59.79999999999999,0.024930293587009933
17,Company_17,Utilities,Oceania,2015,3577.1,12.7,3876.1,2.15,62.9,55.9,87.3,45.4,2314884.0,1446802.5,23148840.2,647.1398618993039,404.46241368706495,6471.398674904252,62.86666666666667,
17,Company_17,Utilities,Oceania,2016,3460.1,13.0,5855.9,-3.3,63.8,57.5,87.7,46.1,2207551.8,1379719.9,22075517.8,638.0023120719054,398.7514522701656,6380.023062917257,63.76666666666666,-0.032708059601353034
17,Company_17,Utilities,Oceania,2017,3855.5,12.2,4729.2,11.4,64.7,59.5,87.0,47.7,2416031.1,1510019.5,24160311.5,626.6453378290754,391.6533523537803,6266.45350797562,64.73333333333333,0.11427415392618712
17,Company_17,Utilities,Oceania,2018,3910.5,13.4,4504.2,1.4,65.2,59.6,89.8,46.2,2448835.7,1530522.3,24488357.2,626.2206111750417,391.3878787878788,6262.20616289477,65.2,0.014265335235378096
17,Company_17,Utilities,Oceania,2019,4023.2,17.2,9379.8,2.9,65.8,61.4,88.2,47.6,2478297.7,1548936.1,24782977.2,616.0016156293499,385.0010190892822,6160.01620600517,65.73333333333333,0.028819844009717377
17,Company_17,Utilities,Oceania,2020,4324.4,16.8,9737.7,7.5,66.3,59.2,89.5,50.3,2717984.9,1698740.5,27179848.5,628.5230089723431,392.8268661548423,6285.229974100454,66.33333333333333,0.07486577848478815
17,Company_17,Utilities,Oceania,2021,4158.1,17.5,9928.2,-3.8,67.5,62.0,88.8,51.6,2548603.1,1592876.9,25486030.6,612.9249176306486,383.0780645006132,6129.249080108703,67.46666666666667,-0.0384562020164646
17,Company_17,Utilities,Oceania,2022,3932.8,17.1,6485.7,-5.4,67.9,62.8,91.5,49.5,2392036.0,1495022.5,23920359.9,608.2272172497966,380.14201078112285,6082.272147070788,67.93333333333334,-0.05418340107260533
17,Company_17,Utilities,Oceania,2023,4066.6,15.5,5952.4,3.4,67.7,62.3,89.4,51.5,2484365.5,1552728.5,24843655.2,610.9195642551517,381.82474302857423,6109.1956917326515,67.73333333333333,0.034021562245728054
17,Company_17,Utilities,Oceania,2024,4012.2,15.7,5680.9,-1.3,67.4,64.7,86.8,50.8,2398691.0,1499181.9,23986910.4,597.8493096057026,373.6558247345596,5978.493195752953,67.43333333333334,-0.013377268479811133
17,Company_17,Utilities,Oceania,2025,4630.8,18.3,6876.5,15.4,68.1,64.8,89.3,50.2,2763980.6,1727487.8,27639805.5,596.8689211367366,373.0430595145547,5968.689103394661,68.10000000000001,0.15417975175714083
18,Company_18,Energy,Europe,2015,7905.8,7.3,9920.4,8.3,68.6,62.6,81.4,61.8,6022569.0,1806770.7,60225690.0,761.7912165751726,228.53736497255179,7617.912165751726,68.60000000000001,
18,Company_18,Energy,Europe,2016,7833.6,1.8,1889.4,-0.9,67.9,65.1,78.9,59.6,5832359.2,1749707.8,58323592.4,744.5311478758169,223.35934946895424,7445.311529820261,67.86666666666666,-0.009132535606769743
18,Company_18,Energy,Europe,2017,8556.8,2.4,2419.7,9.2,68.2,64.4,79.8,60.4,6409746.9,1922924.1,64097469.4,749.0822386873599,224.7246751121915,7490.822433620046,68.2,0.09232026143790839
18,Company_18,Energy,Europe,2018,9566.1,-1.0,22410.1,11.8,69.8,66.5,82.8,60.3,7028856.5,2108656.9,70288564.5,734.7671987539331,220.4301543993895,7347.671935271427,69.86666666666667,0.11795297307404651
18,Company_18,Energy,Europe,2019,10444.4,0.9,1175.7,9.2,70.1,66.0,84.8,59.5,7711241.8,2313372.5,77112417.8,738.3135268660718,221.494054230018,7383.1352495117,70.10000000000001,0.09181380081747004
18,Company_18,Energy,Europe,2020,11604.7,5.0,10578.4,11.1,72.0,65.6,85.6,64.9,8598140.2,2579442.1,85981402.1,740.9187829069256,222.27563831895696,7409.187837686453,72.03333333333333,0.11109302592777004
18,Company_18,Energy,Europe,2021,12463.7,2.9,4405.9,7.4,70.9,63.5,83.8,65.5,9415470.5,2824641.2,94154705.2,755.4314128228375,226.6294278585011,7554.314144274975,70.93333333333334,0.07402173257387101
18,Company_18,Energy,Europe,2022,12305.5,0.2,398.7,-1.3,73.3,66.1,85.0,68.8,9069726.1,2720917.8,90697261.1,737.0465320385193,221.11395717362154,7370.465328511641,73.3,-0.01269286006563064
18,Company_18,Energy,Europe,2023,11839.6,6.3,10385.7,-3.8,74.0,68.9,80.9,72.3,8496541.5,2548962.4,84965414.9,717.6375468765837,215.29125983985944,7176.375460319606,74.03333333333335,-0.037861119011823985
18,Company_18,Energy,Europe,2024,13785.1,15.1,20222.1,16.4,74.9,70.4,82.6,71.7,9745915.4,2923774.6,97459154.4,706.9890969234899,212.0967276262051,7069.890998251736,74.89999999999999,0.1643214297780331
18,Company_18,Energy,Europe,2025,14675.7,12.4,35497.2,6.5,75.6,72.9,83.3,70.8,10126534.1,3037960.2,101265340.7,690.0205169089038,207.00615302847564,6900.205148647083,75.66666666666667,0.06460598762431902
19,Company_19,Technology,Latin America,2015,69314.3,14.9,340068.5,9.2,48.7,91.8,43.0,11.2,1931859.7,1159115.8,3863719.4,27.87101218651851,16.722607023370358,55.74202437303702,48.666666666666664,
19,Company_19,Technology,Latin America,2016,71999.1,16.7,180408.7,3.9,48.9,91.9,43.6,11.3,2004620.0,1202772.0,4009239.9,27.842292473100358,16.705375483860212,55.68458355729446,48.93333333333334,0.0387337100713705
19,Company_19,Technology,Latin America,2017,72920.6,12.8,245197.1,1.3,49.9,91.8,42.9,15.1,2033473.4,1220084.0,4066946.7,27.8861309424223,16.731678016911545,55.77226051349001,49.93333333333333,0.012798771095749784
19,Company_19,Technology,Latin America,2018,80546.7,9.1,172099.6,10.5,51.2,94.5,41.9,17.3,2168207.9,1300924.7,4336415.8,26.918643470185618,16.151185585505054,53.837286940371236,51.23333333333334,0.10458087289462781
19,Company_19,Technology,Latin America,2019,92918.5,6.7,171478.9,15.4,51.0,93.0,43.7,16.3,2551607.4,1530964.5,5103214.9,27.46070373499357,16.476422886723313,54.92140854619909,51.0,0.15359785068786191
19,Company_19,Technology,Latin America,2020,98400.8,8.0,250697.3,5.9,52.0,91.9,46.0,18.2,2738517.5,1643110.5,5477035.0,27.830236136291575,16.698141681774946,55.66047227258315,52.03333333333333,0.059001167689964884
19,Company_19,Technology,Latin America,2021,122196.4,5.3,143651.3,24.2,52.9,89.0,51.9,17.8,3524270.2,2114562.1,7048540.4,28.841031323345046,17.304618630336083,57.68206264669009,52.900000000000006,0.24182323720945353
19,Company_19,Technology,Latin America,2022,125147.1,4.7,182797.0,2.4,54.6,87.9,55.8,19.9,3657244.2,2194346.5,7314488.5,29.223563310695972,17.53413782660565,58.44712742045161,54.53333333333333,0.024147192552317565
19,Company_19,Technology,Latin America,2023,143507.8,1.8,54146.3,14.7,56.1,89.8,58.5,20.2,4101768.5,2461061.1,8203537.1,28.58219901636009,17.149319409816055,57.16439872954641,56.166666666666664,0.1467129482025551
19,Company_19,Technology,Latin America,2024,154868.9,3.8,146956.3,7.9,55.2,88.1,57.6,19.8,4514092.8,2708455.7,9028185.7,29.147832779854443,17.488699797054156,58.29566620541632,55.166666666666664,0.079167125410605
19,Company_19,Technology,Latin America,2025,180810.4,0.7,39614.5,16.8,57.1,91.2,58.8,21.3,5078874.7,3047324.8,10157749.4,28.089505360311133,16.853703105573572,56.179010720622266,57.1,0.16750619394855915
20,Company_20,Technology,North America,2015,4449.5,21.5,32323.9,9.05,59.6,96.8,57.4,24.5,116153.9,69692.3,232307.8,26.10493313855489,15.662950893358804,52.20986627710978,59.56666666666666,
20,Company_20,Technology,North America,2016,5171.8,21.4,17645.3,16.2,61.5,98.4,60.1,26.1,132261.8,79357.1,264523.6,25.57364940639622,15.3441935109633,51.14729881279244,61.53333333333333,0.16233284638723466
20,Company_20,Technology,North America,2017,4773.2,21.8,25275.9,-7.7,61.1,97.2,57.1,29.2,123996.5,74397.9,247993.0,25.977646023631944,15.586587614179166,51.95529204726389,61.166666666666664,-0.07707181252175266
20,Company_20,Technology,North America,2018,5284.2,21.5,18946.4,10.7,62.0,96.8,59.5,29.7,138073.3,82844.0,276146.6,26.129461413269745,15.677680632829947,52.25892282653949,62.0,0.10705606301852
20,Company_20,Technology,North America,2019,5526.3,23.3,44458.7,4.6,62.1,96.0,58.2,32.1,145797.7,87478.6,291595.4,26.382516330999042,15.829506179541466,52.765032661998085,62.099999999999994,0.045815828318383156
20,Company_20,Technology,North America,2020,6024.2,21.4,31498.1,9.0,61.9,96.3,58.6,30.6,158387.9,95032.8,316775.9,26.29193917864613,15.775173467016367,52.58389495700675,61.833333333333336,0.09009644789461291
20,Company_20,Technology,North America,2021,6606.7,23.4,42298.9,9.7,61.9,97.8,57.3,30.6,170326.4,102195.8,340652.7,25.780858825132064,15.468509240619372,51.561702514114465,61.9,0.09669333687460568
20,Company_20,Technology,North America,2022,6865.1,18.0,22596.7,3.9,63.1,100.0,58.4,30.8,171627.8,102976.7,343255.6,25.00004369929061,15.000029132860409,50.00008739858122,63.06666666666667,0.03911181073758474
20,Company_20,Technology,North America,2023,7487.0,23.1,26405.0,9.1,63.4,100.0,58.2,31.9,187175.5,112305.3,374351.0,25.000066782422866,15.00004006945372,50.00013356484573,63.36666666666667,0.0905886294445819
20,Company_20,Technology,North America,2024,7317.2,20.0,50630.3,-2.3,65.0,100.0,59.5,35.6,182931.2,109758.7,365862.3,25.000163997157387,15.000095665008473,50.000314327884986,65.03333333333333,-0.02267931080539609
20,Company_20,Technology,North America,2025,8581.5,18.0,31522.2,17.3,65.8,100.0,60.6,36.8,214537.3,128722.4,429074.6,24.999976694051156,14.999988347025578,49.99995338810231,65.8,0.17278467173235668
21,Company_21,Energy,Asia,2015,2021.8,9.9,1956.4,-2.2,30.6,21.9,38.6,31.4,2116341.2,634902.3,21163411.5,1046.7609061232565,314.0282421604511,10467.608813928184,30.633333333333336,
21,Company_21,Energy,Asia,2016,1931.1,11.6,2533.4,-4.5,30.4,23.4,38.7,29.3,2001281.6,600384.5,20012815.6,1036.3428097975248,310.9028532960489,10363.427890839419,30.46666666666667,-0.04486101493718475
21,Company_21,Energy,Asia,2017,1932.6,15.4,4568.5,0.1,31.8,25.5,37.2,32.7,1973532.2,592059.7,19735322.1,1021.1798613267101,306.353979095519,10211.798665010867,31.8,0.000776759359950363
21,Company_21,Energy,Asia,2018,2025.9,28.5,10493.5,4.8,33.4,27.2,38.3,34.8,2045814.9,613744.5,20458149.3,1009.8301495631571,302.9490596771805,10098.301643713905,33.43333333333333,0.048276932629618186
21,Company_21,Energy,Asia,2019,2035.1,31.7,8793.0,0.5,33.7,29.1,36.7,35.3,2027301.6,608190.5,20273016.0,996.1680507100389,298.85042504053854,9961.68050710039,33.7,0.004541191569179093
21,Company_21,Energy,Asia,2020,2120.5,25.4,9358.5,4.2,33.6,29.2,36.5,35.0,2111070.1,633321.0,21110701.1,995.5529827870786,298.66588068851684,9955.529875029475,33.56666666666667,0.041963539875190525
21,Company_21,Energy,Asia,2021,1854.6,18.2,6238.9,-12.5,34.4,26.9,40.6,35.7,1876502.7,562950.8,18765027.2,1011.8099320608218,303.5429742262483,10118.099428448182,34.4,-0.12539495402027823
21,Company_21,Energy,Asia,2022,1652.2,16.6,4510.0,-10.9,35.7,27.8,39.7,39.4,1660624.1,498187.2,16606241.1,1005.0987168623653,301.52959690110157,10050.987229149014,35.63333333333333,-0.10913404507710556
21,Company_21,Energy,Asia,2023,1721.3,11.6,3276.9,4.2,36.6,29.6,41.3,38.9,1708731.8,512619.5,17087318.0,992.6984256085517,297.80950444431534,9926.984256085518,36.6,0.04182302384699188
21,Company_21,Energy,Asia,2024,1229.6,13.5,1571.1,-28.6,36.8,28.9,43.4,38.2,1227098.8,368129.7,12270988.4,997.965842550423,299.38980156148347,9979.658750813274,36.833333333333336,-0.2856561900888863
21,Company_21,Energy,Asia,2025,1100.4,16.6,3066.5,-10.5,37.0,31.3,42.1,37.7,1079769.8,323930.9,10797698.2,981.2520901490367,294.37559069429295,9812.521083242456,37.03333333333334,-0.10507482108002586
22,Company_22,Manufacturing,Latin America,2015,518.6,7.9,723.0,7.0,51.5,67.8,37.4,49.2,112808.1,150410.8,1880134.9,217.52429618202854,290.03239490937136,3625.4047435403004,51.46666666666666,
22,Company_22,Manufacturing,Latin America,2016,549.7,10.2,487.4,6.0,52.2,71.7,37.4,47.7,115138.3,153517.7,1918971.3,209.45661269783517,279.27542295797707,3490.942877933418,52.26666666666667,0.05996914770536055
22,Company_22,Manufacturing,Latin America,2017,584.8,12.2,585.4,6.4,53.0,74.5,36.5,48.0,119074.9,158766.5,1984581.8,203.61645006839944,271.4885430916553,3393.607729138167,53.0,0.06385301073312699
22,Company_22,Manufacturing,Latin America,2018,635.1,15.1,1129.1,8.6,53.5,75.0,37.4,48.2,128616.3,171488.4,2143604.5,202.51346244685877,270.017949929145,3375.2235868367184,53.53333333333334,0.08601231190150482
22,Company_22,Manufacturing,Latin America,2019,684.2,13.9,1509.5,7.7,52.5,73.4,35.7,48.3,140901.6,187868.8,2348360.4,205.9362759427068,274.5817012569424,3432.271850336159,52.46666666666667,0.07731065973862394
22,Company_22,Manufacturing,Latin America,2020,736.2,15.9,1831.7,7.6,53.1,72.6,38.5,48.1,152818.6,203758.2,2546977.1,207.5775604455311,276.77017114914423,3459.6265960336864,53.06666666666666,0.07600116924875766
22,Company_22,Manufacturing,Latin America,2021,815.7,19.0,2313.7,10.8,52.7,71.9,40.2,46.1,170485.9,227314.6,2841432.3,209.00563932818437,278.6742675003065,3483.4280985656487,52.73333333333334,0.1079869600651997
22,Company_22,Manufacturing,Latin America,2022,805.9,17.5,1302.9,-1.2,56.1,76.2,41.7,50.4,161238.9,214985.2,2687315.3,200.07308599081773,266.7641146544236,3334.5518054349172,56.1,-0.012014220914551954
22,Company_22,Manufacturing,Latin America,2023,921.1,11.8,2070.6,14.3,59.2,81.5,44.0,52.0,173937.9,231917.2,2898964.6,188.83715123222234,251.7828683096298,3147.2854196069916,59.166666666666664,0.14294577491003846
22,Company_22,Manufacturing,Latin America,2024,953.8,9.0,1491.6,3.5,59.5,82.1,44.1,52.2,178970.8,238627.7,2982846.3,187.63975676242399,250.18630740197108,3127.3288949465295,59.46666666666666,0.03550103137552929
22,Company_22,Manufacturing,Latin America,2025,1009.7,11.8,2210.1,5.9,60.1,85.0,43.3,52.1,183334.3,244445.7,3055571.3,181.5730414974745,242.09735565019312,3026.2169951470732,60.13333333333333,0.05860767456489846
23,Company_23,Healthcare,Asia,2015,1042.0,11.9,1714.9,-0.04999999999999999,50.7,50.8,42.1,59.2,88010.6,88010.6,176021.1,84.46314779270634,84.46314779270634,168.92619961612286,50.70000000000001,
23,Company_23,Healthcare,Asia,2016,1052.2,19.8,2417.8,1.0,53.3,53.8,43.6,62.3,86601.0,86601.0,173202.0,82.30469492491922,82.30469492491922,164.60938984983844,53.23333333333333,0.009788867562380066
23,Company_23,Healthcare,Asia,2017,1032.0,15.3,3448.4,-1.9,56.0,55.2,47.9,64.9,83925.2,83925.2,167850.3,81.32286821705426,81.32286821705426,162.6456395348837,56.0,-0.019197871127162203
23,Company_23,Healthcare,Asia,2018,1021.4,18.5,4475.3,-1.0,56.6,53.8,48.6,67.4,84098.3,84098.3,168196.7,82.3363031133738,82.3363031133738,164.6727041315841,56.6,-0.010271317829457338
23,Company_23,Healthcare,Asia,2019,1095.2,20.6,5309.9,7.2,56.5,54.0,48.4,67.1,90060.4,90060.4,180120.7,82.23192111029948,82.23192111029948,164.46375091307524,56.5,0.07225376933620531
23,Company_23,Healthcare,Asia,2020,1042.5,21.6,3740.8,-4.8,56.9,53.5,49.3,68.0,86072.5,86072.5,172145.0,82.56354916067146,82.56354916067146,165.1270983213429,56.93333333333334,-0.048119065010956974
23,Company_23,Healthcare,Asia,2021,1085.5,22.9,4045.7,4.1,57.2,54.5,47.7,69.3,88851.5,88851.5,177703.0,81.8530631045601,81.8530631045601,163.7061262091202,57.166666666666664,0.041247002398081545
23,Company_23,Healthcare,Asia,2022,1095.5,25.4,3456.7,0.9,58.9,55.6,47.7,73.4,88855.0,88855.0,177710.0,81.10908261068005,81.10908261068005,162.2181652213601,58.900000000000006,0.009212344541685846
23,Company_23,Healthcare,Asia,2023,1139.3,23.4,6088.1,4.0,60.9,57.8,48.5,76.6,90654.0,90654.0,181307.9,79.56991134907399,79.56991134907399,159.13973492495393,60.96666666666666,0.03998174349612049
23,Company_23,Healthcare,Asia,2024,1080.1,26.2,4832.3,-5.2,62.3,58.4,51.6,76.9,85439.4,85439.4,170878.8,79.10323118229793,79.10323118229793,158.20646236459586,62.300000000000004,-0.05196173088738698
23,Company_23,Healthcare,Asia,2025,924.5,25.0,2909.9,-14.4,64.6,61.4,53.8,78.5,71201.3,71201.3,142402.5,77.01600865332612,77.01600865332612,154.03190914007573,64.56666666666666,-0.1440607351171187
24,Company_24,Technology,Middle East,2015,11781.5,19.2,67237.9,2.65,49.8,84.2,21.6,43.7,359647.0,215788.2,719294.1,30.526418537537666,18.3158511225226,61.05284556295887,49.833333333333336,
24,Company_24,Technology,Middle East,2016,11745.1,20.4,67390.9,-0.3,49.7,84.8,20.9,43.5,356269.3,213761.6,712538.7,30.333441179726012,18.200066410673386,60.66689087364092,49.73333333333333,-0.003089589610830501
24,Company_24,Technology,Middle East,2017,12904.6,18.9,73924.4,9.9,50.9,85.4,24.3,43.0,388660.6,233196.4,777321.3,30.117988934178506,18.07079646017699,60.23598561753173,50.9,0.09872202024674115
24,Company_24,Technology,Middle East,2018,13566.6,19.7,83160.2,5.1,51.3,88.1,25.5,40.4,395692.2,237415.3,791384.4,29.16664455353589,17.499985257912815,58.33328910707178,51.333333333333336,0.05129953659935227
24,Company_24,Technology,Middle East,2019,13010.4,18.2,41732.0,-4.1,51.7,86.5,28.6,40.1,386946.2,232167.7,773892.4,29.741299268277686,17.84477802373486,59.48259853655537,51.73333333333333,-0.040997744460660845
24,Company_24,Technology,Middle East,2020,13503.1,18.2,57602.7,3.8,52.7,88.2,27.7,42.3,393204.2,235922.5,786408.3,29.119550325480816,17.471728714147122,58.23909324525479,52.73333333333333,0.037869704236610735
24,Company_24,Technology,Middle East,2021,14899.5,18.3,71411.9,10.3,55.4,89.5,29.4,47.3,427041.5,256224.9,854082.9,28.661465149837245,17.196879089902346,57.32292358803987,55.4,0.10341329028149082
24,Company_24,Technology,Middle East,2022,15017.5,23.5,68451.5,0.8,55.8,87.1,30.9,49.3,443042.0,265825.2,886083.9,29.50171466622274,17.701028799733646,59.00342267354753,55.76666666666667,0.007919728849961505
24,Company_24,Technology,Middle East,2023,15013.1,21.9,106974.2,-0.0,56.8,88.4,30.7,51.4,436094.0,261656.4,872188.0,29.047565126456227,17.428539075873736,58.095130252912455,56.833333333333336,-0.00029299150990513834
24,Company_24,Technology,Middle East,2024,16637.7,27.5,145466.8,10.8,56.6,88.3,27.8,53.6,483961.6,290376.9,967923.1,29.0882513809,17.45294722227231,58.17649675135385,56.56666666666666,0.10821216137906231
24,Company_24,Technology,Middle East,2025,16884.5,32.2,108912.3,1.5,56.7,91.0,28.2,51.0,475072.2,285043.3,950144.4,28.136586810388227,16.88195090171459,56.273173620776454,56.73333333333333,0.014833781111571964
25,Company_25,Utilities,Middle East,2015,698.2,10.1,991.2,-3.5999999999999996,36.9,19.4,65.6,25.8,594511.5,371569.7,5945115.2,851.4916929246633,532.1823259810942,8514.917215697507,36.93333333333333,
25,Company_25,Utilities,Middle East,2016,646.6,10.6,678.2,-7.4,38.0,20.3,67.9,25.8,547141.1,341963.2,5471411.4,846.1817197649242,528.8635941849675,8461.817816269719,38.0,-0.07390432540819247
25,Company_25,Utilities,Middle East,2017,690.5,10.9,729.4,6.8,37.5,16.3,65.3,30.9,599746.6,374841.6,5997466.4,868.5685734974655,542.8553222302679,8685.686314265025,37.5,0.06789359727806987
25,Company_25,Utilities,Middle East,2018,663.4,7.1,536.6,-3.9,39.4,14.4,67.8,36.2,583275.3,364547.1,5832753.5,879.2211335544167,549.5132649984926,8792.212089237262,39.46666666666667,-0.03924692251991313
25,Company_25,Utilities,Middle East,2019,680.9,7.6,515.8,2.6,37.2,10.7,65.4,35.7,613028.9,383143.1,6130288.9,900.3214862681746,562.7009839917756,9003.214715817301,37.26666666666667,0.02637925836599342
25,Company_25,Utilities,Middle East,2020,607.7,6.7,559.6,-10.7,39.2,13.4,68.0,36.3,537957.6,336223.5,5379576.4,885.2354780319235,553.2721737699522,8852.355438538752,39.233333333333334,-0.10750477309443374
25,Company_25,Utilities,Middle East,2021,587.4,6.8,509.3,-3.3,40.4,14.2,67.3,39.8,517089.5,323180.9,5170894.7,880.3021790943139,550.1887980932926,8803.02128021791,40.43333333333333,-0.033404640447589395
25,Company_25,Utilities,Middle East,2022,554.7,7.3,398.6,-5.6,41.5,16.8,65.4,42.4,480371.6,300232.2,4803715.8,866.0025238867855,541.2514872904272,8660.0248783126,41.53333333333333,-0.055669050051072366
25,Company_25,Utilities,Middle East,2023,586.9,8.0,374.3,5.8,43.6,19.4,66.9,44.5,499700.2,312312.6,4997002.2,851.4230703697393,532.1393763843926,8514.23104447095,43.6,0.05804939606994752
25,Company_25,Utilities,Middle East,2024,530.5,8.8,405.4,-9.6,47.2,22.6,69.7,49.4,442217.0,276385.6,4422170.2,833.5852968897267,520.9907634307257,8335.853345900094,47.23333333333334,-0.09609814278411988
25,Company_25,Utilities,Middle East,2025,522.7,10.1,542.4,-1.5,49.4,22.5,73.2,52.6,435890.6,272431.6,4358905.6,833.9211784962692,521.200688731586,8339.211019705375,49.43333333333334,-0.014703110273326936
26,Company_26,Healthcare,Asia,2015,5781.8,15.3,10673.5,6.6,53.3,87.7,42.5,29.6,338678.3,338678.3,677356.6,58.57661973779791,58.57661973779791,117.15323947559583,53.26666666666666,
26,Company_26,Healthcare,Asia,2016,6276.4,13.9,14779.8,8.6,54.8,90.0,45.1,29.4,357822.4,357822.4,715644.7,57.01077050538526,57.01077050538526,114.02152507807023,54.833333333333336,0.08554429416444687
26,Company_26,Healthcare,Asia,2017,6563.5,13.4,15991.0,4.6,56.0,91.5,47.7,28.8,367180.1,367180.1,734360.1,55.94272872705111,55.94272872705111,111.88544221832863,56.0,0.04574278248677599
26,Company_26,Healthcare,Asia,2018,6579.5,18.9,26612.8,0.2,55.5,89.8,48.0,28.6,376172.3,376172.3,752344.7,57.173387035489014,57.173387035489014,114.34678926970133,55.46666666666667,0.002437723775424727
26,Company_26,Healthcare,Asia,2019,7911.2,26.6,26299.1,20.2,56.1,89.9,48.8,29.6,451247.9,451247.9,902495.9,57.039121751441,57.039121751441,114.0782561431894,56.099999999999994,0.20240139828254433
26,Company_26,Healthcare,Asia,2020,7473.7,29.8,42198.3,-5.5,57.3,89.9,51.7,30.3,426273.9,426273.9,852547.8,57.036528091842065,57.036528091842065,114.07305618368413,57.30000000000001,-0.05530134492870864
26,Company_26,Healthcare,Asia,2021,9050.8,34.9,36575.3,21.1,57.2,88.7,52.4,30.6,524016.4,524016.4,1048032.8,57.89724665222965,57.89724665222965,115.7944933044593,57.23333333333333,0.21101997671835893
26,Company_26,Healthcare,Asia,2022,9850.7,34.5,54189.0,8.8,57.5,91.2,51.3,30.2,553274.8,553274.8,1106549.6,56.166038961698156,56.166038961698156,112.33207792339631,57.56666666666666,0.08837892782958434
26,Company_26,Healthcare,Asia,2023,10042.8,34.4,77931.6,2.0,54.6,89.4,48.9,25.4,576773.0,576773.0,1153546.1,57.4314932090652,57.4314932090652,114.86299637551282,54.56666666666667,0.019501152202381355
26,Company_26,Healthcare,Asia,2024,10146.9,34.5,39609.9,1.0,54.8,90.7,47.2,26.6,573431.6,573431.6,1146863.2,56.51298426120293,56.51298426120293,113.02596852240586,54.833333333333336,0.010365635081849733
26,Company_26,Healthcare,Asia,2025,13120.6,30.0,49236.8,29.3,56.3,93.0,46.7,29.2,720235.7,720235.7,1440471.3,54.893503345883566,54.893503345883566,109.78699907016447,56.29999999999999,0.2930648769574944
27,Company_27,Healthcare,Europe,2015,1376.0,14.2,2738.2,16.45,59.2,91.0,47.7,39.0,77479.1,77479.1,154958.2,56.30748546511629,56.30748546511629,112.61497093023257,59.23333333333333,
27,Company_27,Healthcare,Europe,2016,1549.9,11.0,1800.9,12.6,60.8,97.3,45.2,40.0,80448.9,80448.9,160897.8,51.905864894509314,51.905864894509314,103.81172978901863,60.833333333333336,0.12638081395348855
27,Company_27,Healthcare,Europe,2017,1845.7,13.7,3020.7,19.1,61.5,98.5,45.0,41.1,94256.1,94256.1,188512.2,51.06794170233516,51.06794170233516,102.13588340467032,61.53333333333333,0.19085102264662224
27,Company_27,Healthcare,Europe,2018,2050.8,15.9,7535.0,11.1,63.1,100.0,45.4,43.9,102537.6,102537.6,205075.2,49.99882972498537,49.99882972498537,99.99765944997074,63.1,0.11112315110798088
27,Company_27,Healthcare,Europe,2019,2367.2,11.4,3867.1,15.4,63.4,100.0,47.2,42.9,118359.2,118359.2,236718.3,49.99966204798919,49.99966204798919,99.99928185197702,63.36666666666667,0.15428125609518228
27,Company_27,Healthcare,Europe,2020,2781.1,5.4,2603.6,17.5,63.8,100.0,48.1,43.3,139053.3,139053.3,278106.6,49.99938873107763,49.99938873107763,99.99877746215526,63.79999999999999,0.17484792159513352
27,Company_27,Healthcare,Europe,2021,3276.1,6.7,4076.0,17.8,64.8,100.0,51.0,43.4,163806.9,163806.9,327613.7,50.000579957876745,50.000579957876745,100.00112939165471,64.8,0.17798712739563483
27,Company_27,Healthcare,Europe,2022,3762.3,9.2,6109.4,14.8,65.2,100.0,51.9,43.8,188115.5,188115.5,376231.0,50.00013289742976,50.00013289742976,100.00026579485952,65.23333333333333,0.14840816824883252
27,Company_27,Healthcare,Europe,2023,4253.6,12.0,10412.8,13.1,64.8,100.0,51.5,42.9,212678.3,212678.3,425356.6,49.99960033853676,49.99960033853676,99.99920067707352,64.8,0.13058501448581983
27,Company_27,Healthcare,Europe,2024,5268.2,10.7,7977.7,23.9,66.0,100.0,53.1,44.8,263408.6,263408.6,526817.3,49.999734254584105,49.999734254584105,99.99948749098365,65.96666666666665,0.23852736505548222
27,Company_27,Healthcare,Europe,2025,6291.5,9.1,12161.5,19.4,67.5,100.0,55.0,47.7,314574.8,314574.8,629149.6,49.99996821107844,49.99996821107844,99.99993642215688,67.56666666666666,0.19424091720132108
28,Company_28,Technology,Latin America,2015,2691.8,21.6,13341.0,10.7,74.6,98.8,48.3,76.7,68384.6,41030.7,136769.2,25.404784902295862,15.242848651459987,50.809569804591725,74.60000000000001,
28,Company_28,Technology,Latin America,2016,2983.2,17.5,9358.1,10.8,76.4,100.0,51.3,78.0,74579.3,44747.6,149158.6,24.99976535264146,14.99986591579512,49.99953070528292,76.43333333333334,0.1082546994576119
28,Company_28,Technology,Latin America,2017,3268.2,13.5,7985.6,9.6,77.6,99.5,54.1,79.1,82294.9,49376.9,164589.7,25.180496909613854,15.108285906615263,50.36096322134509,77.56666666666666,0.09553499597747384
28,Company_28,Technology,Latin America,2018,3347.3,14.2,7441.4,2.4,76.6,99.7,51.8,78.2,84066.9,50440.1,168133.7,25.114838825321897,15.068891345263346,50.229647775819316,76.56666666666666,0.02420292515757927
28,Company_28,Technology,Latin America,2019,3860.8,15.9,14761.4,15.3,78.0,100.0,52.8,81.3,96518.9,57911.3,193037.7,24.999715084956485,14.999818690426855,49.999404268545376,78.03333333333335,0.15340722373256055
28,Company_28,Technology,Latin America,2020,4414.7,21.4,22950.0,14.3,77.8,99.5,51.2,82.8,111191.5,66714.9,222382.9,25.18664914943258,15.111989489659546,50.37327564726935,77.83333333333333,0.14346767509324487
28,Company_28,Technology,Latin America,2021,4449.3,19.7,15917.8,0.8,78.3,100.0,49.8,85.2,111232.0,66739.2,222464.0,24.99988762277212,14.999932573663271,49.99977524554424,78.33333333333333,0.007837452148503843
28,Company_28,Technology,Latin America,2022,4726.3,19.2,17000.4,6.2,79.9,100.0,52.1,87.5,118156.4,70893.8,236312.8,24.999767259801533,14.999851892600978,49.99953451960307,79.86666666666666,0.06225698424471271
28,Company_28,Technology,Latin America,2023,5340.3,16.7,19489.1,13.0,79.6,100.0,53.0,85.9,133506.6,80104.0,267013.2,24.999831470142126,14.999906372301181,49.99966294028425,79.63333333333334,0.129911347142585
28,Company_28,Technology,Latin America,2024,6033.6,19.4,38765.1,13.0,80.8,100.0,54.8,87.6,150839.2,90503.5,301678.3,24.999867409175284,14.999917130734552,49.99971824449747,80.8,0.12982416718161893
28,Company_28,Technology,Latin America,2025,6674.2,17.5,18520.1,10.6,81.7,100.0,56.8,88.3,166854.3,100112.6,333708.6,24.999895118516076,14.999940067723474,49.99979023703215,81.7,0.10617210289047985
29,Company_29,Transportation,Oceania,2015,1572.4,11.2,3444.6,-6.449999999999999,25.0,6.2,58.4,10.6,1091477.3,181912.9,3638257.7,694.1473543627576,115.69123632663444,2313.8245357415417,25.066666666666663,
29,Company_29,Transportation,Oceania,2016,1308.0,14.3,3397.4,-16.8,25.2,6.5,60.1,8.8,905932.9,150988.8,3019776.4,692.609250764526,115.4348623853211,2308.6975535168194,25.13333333333333,-0.1681505978122616
29,Company_29,Transportation,Oceania,2017,1369.0,14.1,2040.9,4.7,27.0,9.5,63.8,7.8,931255.4,155209.2,3104184.6,680.244996347699,113.37414170927686,2267.483272461651,27.03333333333333,0.04663608562691124
29,Company_29,Transportation,Oceania,2018,1258.3,17.3,2560.9,-8.1,28.6,12.1,62.0,11.6,842129.8,140355.0,2807099.3,669.2599539060637,111.5433521417786,2230.8664865294445,28.566666666666663,-0.08086194302410521
29,Company_29,Transportation,Oceania,2019,1103.5,18.9,3888.4,-12.3,26.5,11.3,59.6,8.6,742008.7,123668.1,2473362.4,672.4138649750793,112.06896239238786,2241.3796103307654,26.5,-0.12302312644043545
29,Company_29,Transportation,Oceania,2020,1066.1,15.0,1320.6,-3.4,25.6,10.1,59.7,7.1,722558.3,120426.4,2408527.8,677.7584654347623,112.95975987243223,2259.1950098489824,25.63333333333333,-0.033892161304938884
29,Company_29,Transportation,Oceania,2021,779.9,14.6,1633.2,-26.8,26.6,10.9,60.2,8.7,525843.6,87640.6,1752812.0,674.2449031927171,112.37415053211951,2247.48301064239,26.600000000000005,-0.2684551167807897
29,Company_29,Transportation,Oceania,2022,742.6,19.6,1710.4,-4.8,28.4,12.3,62.1,10.7,496177.2,82696.2,1653923.8,668.1621330460544,111.36035550767572,2227.206840829518,28.36666666666667,-0.04782664444159501
29,Company_29,Transportation,Oceania,2023,738.2,19.7,1380.0,-0.6,29.7,12.9,63.0,13.1,491614.3,81935.7,1638714.5,665.9635600108371,110.99390409103223,2219.878759143863,29.666666666666668,-0.005925127928898433
29,Company_29,Transportation,Oceania,2024,657.6,14.3,1168.5,-10.9,30.6,14.4,63.9,13.7,433756.2,72292.7,1445854.0,659.6049270072992,109.93415450121654,2198.683090024331,30.666666666666668,-0.10918450284475756
29,Company_29,Transportation,Oceania,2025,638.4,14.9,1648.5,-2.9,28.9,10.8,62.5,13.4,430640.1,71773.3,1435467.0,674.561560150376,112.42684837092733,2248.5385338345864,28.900000000000002,-0.02919708029197088
30,Company_30,Transportation,Middle East,2015,705.5,4.5,536.8,9.100000000000001,26.0,4.2,64.5,9.3,495563.5,82593.9,1651878.3,702.4287739192063,117.07143869596031,2341.4291991495393,26.0,
30,Company_30,Transportation,Middle East,2016,777.3,3.6,432.5,10.2,26.5,8.3,62.9,8.2,532427.8,88738.0,1774759.3,684.9707963463271,114.16184227454008,2283.235944937605,26.46666666666667,0.10177179305457118
30,Company_30,Transportation,Middle East,2017,749.3,3.0,304.0,-3.6,28.1,10.3,64.1,9.9,507199.8,84533.3,1690666.1,676.8981716268518,112.81636193780864,2256.3273722140666,28.099999999999998,-0.03602212787855397
30,Company_30,Transportation,Middle East,2018,733.4,2.6,369.6,-2.1,29.2,8.1,65.0,14.5,503221.3,83870.2,1677404.5,686.1484865012271,114.35805835833106,2287.1618489228254,29.2,-0.021219805151474702
30,Company_30,Transportation,Middle East,2019,787.7,2.1,293.9,7.4,29.8,8.3,69.8,11.2,539543.2,89923.9,1798477.4,684.9602640599212,114.16008632728195,2283.2009648343274,29.766666666666666,0.07403872375238629
30,Company_30,Transportation,Middle East,2020,806.9,1.9,153.3,2.4,29.0,6.5,69.8,10.8,558978.8,93163.1,1863262.7,692.7485438096419,115.45804932457554,2309.161854009171,29.03333333333333,0.02437476196521504
30,Company_30,Transportation,Middle East,2021,907.5,-2.1,2238.4,12.5,29.6,8.4,68.9,11.6,621332.1,103555.4,2071107.2,684.6634710743801,114.11063360881542,2282.211790633609,29.633333333333336,0.12467468087743216
30,Company_30,Transportation,Middle East,2022,987.0,-2.0,1337.9,8.8,30.2,10.3,69.4,10.9,668097.6,111349.6,2226991.9,676.89726443769,112.816210739615,2256.324113475177,30.200000000000003,0.08760330578512399
30,Company_30,Transportation,Middle East,2023,1101.5,2.5,304.6,11.6,32.4,10.9,72.7,13.7,742677.2,123779.5,2475590.7,674.2416704493871,112.37358147980028,2247.4722650930553,32.43333333333334,0.11600810536980743
30,Company_30,Transportation,Middle East,2024,1204.6,-0.5,4785.1,9.4,32.1,11.3,73.2,11.7,810345.5,135057.6,2701151.5,672.7091980740495,112.11821351485972,2242.3638552216503,32.06666666666667,0.09359963685882877
30,Company_30,Transportation,Middle East,2025,1356.5,1.7,390.6,12.6,31.7,11.4,73.4,10.5,911951.2,151991.9,3039837.3,672.2824917065979,112.047106524143,2240.941614448949,31.76666666666667,0.12609995019093478
31,Company_31,Transportation,Middle East,2015,3478.7,3.8,1234.0,-11.65,23.9,28.3,10.6,32.8,2090644.7,348440.8,6968815.5,600.9844769597838,100.1640842843591,2003.2815419553283,23.899999999999995,
31,Company_31,Transportation,Middle East,2016,2917.2,5.6,1680.0,-16.1,23.7,26.3,11.1,33.7,1778315.3,296385.9,5927717.8,609.5966337583985,101.5994446729741,2031.9888249005896,23.7,-0.16141087187742553
31,Company_31,Transportation,Middle East,2017,2708.7,1.7,705.6,-7.1,26.8,31.3,14.9,34.4,1594740.5,265790.1,5315801.6,588.7475541772807,98.12459851589323,1962.4918226455495,26.866666666666664,-0.07147264500205674
31,Company_31,Transportation,Middle East,2018,2346.0,-1.6,10611.9,-13.4,27.9,35.1,14.6,34.2,1343519.1,223919.8,4478397.0,572.6850383631714,95.44748508098891,1908.950127877238,27.96666666666667,-0.1339018717465943
31,Company_31,Transportation,Middle East,2019,1500.4,-0.6,2006.9,-36.0,28.0,33.4,16.8,33.8,869662.5,144943.8,2898875.1,579.6204345507864,96.60343908291121,1932.0681818181818,28.0,-0.3604433077578857
31,Company_31,Transportation,Middle East,2020,1074.2,-0.1,4456.6,-28.4,29.7,33.5,19.3,36.4,622413.5,103735.6,2074711.7,579.4204989759821,96.57009867808601,1931.4016942841183,29.73333333333333,-0.2840575846440949
31,Company_31,Transportation,Middle East,2021,1085.4,-2.4,4820.6,1.0,29.7,35.3,16.2,37.6,620495.4,103415.9,2068318.1,571.6744057490326,95.27906762483876,1905.5814446287081,29.7,0.010426363805622785
31,Company_31,Transportation,Middle East,2022,977.7,-2.6,1051.4,-9.9,28.6,37.7,11.6,36.6,549185.1,91530.9,1830617.1,561.7112611230439,93.61859466093892,1872.3709726910095,28.633333333333336,-0.09922609176340524
31,Company_31,Transportation,Middle East,2023,836.1,-5.2,423.6,-14.5,28.5,37.2,13.4,34.8,471373.1,78562.2,1571243.7,563.775983734003,93.9626838894869,1879.253318980983,28.46666666666667,-0.144829702362688
31,Company_31,Transportation,Middle East,2024,839.3,-4.1,2015.9,0.4,28.2,36.1,11.5,37.0,477172.6,79528.8,1590575.3,568.5363993804361,94.75610627904207,1895.1212915524843,28.2,0.0038272933859584413
31,Company_31,Transportation,Middle East,2025,836.2,-5.2,3812.0,-0.4,28.7,34.8,10.9,40.4,479852.3,79975.4,1599507.5,573.8487204018177,95.64147333173881,1912.8288686917003,28.7,-0.0036935541522696846
32,Company_32,Utilities,North America,2015,405.4,4.6,247.7,3.1,52.1,8.7,70.3,77.2,369409.0,230880.6,3694090.1,911.2210162802171,569.5130735076468,9112.210409472127,52.06666666666666,
32,Company_32,Utilities,North America,2016,426.5,4.1,150.8,5.2,52.5,8.9,70.3,78.2,388112.8,242570.5,3881127.8,909.9948417350528,568.746776084408,9099.94794841735,52.46666666666667,0.05204736063147508
32,Company_32,Utilities,North America,2017,428.2,4.0,142.1,0.4,52.0,9.2,69.9,76.8,388983.8,243114.9,3889838.4,908.4161606725829,567.760158804297,9084.162540868752,51.96666666666667,0.00398593200468933
32,Company_32,Utilities,North America,2018,450.7,4.4,253.8,5.3,52.0,9.3,73.6,73.0,409187.7,255742.3,4091876.6,907.8937208786333,567.4335478145108,9078.936321278012,51.96666666666666,0.05254553946753848
32,Company_32,Utilities,North America,2019,453.2,1.5,77.8,0.6,53.2,11.9,73.7,74.0,404870.2,253043.9,4048702.5,893.3587819947044,558.3492939099735,8933.58892321271,53.20000000000001,0.005546927002440638
32,Company_32,Utilities,North America,2020,451.0,3.1,121.4,-0.5,56.1,13.6,74.3,80.4,398536.1,249085.1,3985360.8,883.6720620842572,552.2951219512195,8836.720177383591,56.1,-0.004854368932038833
32,Company_32,Utilities,North America,2021,469.8,5.9,324.7,4.2,54.4,11.1,73.5,78.8,421876.3,263672.7,4218763.5,897.9912728820774,561.2445721583653,8979.913793103447,54.46666666666666,0.04168514412416857
32,Company_32,Utilities,North America,2022,477.0,6.1,373.5,1.5,55.0,12.5,71.0,81.3,424499.9,265312.5,4244999.4,889.9368972746332,556.2106918238994,8899.369811320756,54.93333333333334,0.015325670498084198
32,Company_32,Utilities,North America,2023,486.3,8.2,337.8,2.0,54.9,14.4,71.1,79.1,427736.2,267335.1,4277362.0,879.5726917540613,549.7328809376927,8795.726917540613,54.86666666666667,0.019496855345912056
32,Company_32,Utilities,North America,2024,520.1,7.6,321.1,6.9,54.2,14.5,69.2,78.8,456999.7,285624.8,4569997.0,878.6766006537205,549.1728513747356,8786.766006537204,54.166666666666664,0.0695044211392144
32,Company_32,Utilities,North America,2025,556.0,7.4,451.9,6.9,55.2,16.1,71.6,77.8,483791.4,302369.6,4837913.8,870.1284172661871,543.8302158273381,8701.28381294964,55.166666666666664,0.06902518746394914
33,Company_33,Finance,North America,2015,949.7,10.5,868.2,3.0,61.2,73.9,53.3,56.4,12968.1,6484.0,32420.2,13.654943666420975,6.827419185005791,34.13730651784774,61.199999999999996,
33,Company_33,Finance,North America,2016,1007.0,10.6,1083.6,6.0,62.0,73.4,56.9,55.7,13823.9,6912.0,34559.8,13.72780536246276,6.86395233366435,34.31956305858987,62.0,0.06033484258186794
33,Company_33,Finance,North America,2017,1026.3,14.0,1747.2,1.9,61.2,71.4,56.1,56.0,14375.0,7187.5,35937.5,14.006625742960148,7.003312871480074,35.01656435740037,61.166666666666664,0.019165839126117135
33,Company_33,Finance,North America,2018,988.5,12.2,1908.7,-3.7,61.5,70.4,56.7,57.3,13984.9,6992.4,34962.2,14.14759736975215,7.073748103186646,35.36894284269094,61.46666666666667,-0.03683133586670562
33,Company_33,Finance,North America,2019,1045.8,12.5,1193.1,5.8,63.3,74.7,59.9,55.2,14159.1,7079.5,35397.7,13.539013195639702,6.769458787531077,33.84748517881048,63.26666666666667,0.05796661608497722
33,Company_33,Finance,North America,2020,1172.7,14.2,2735.1,12.1,62.8,73.4,57.3,57.6,16089.8,8044.9,40224.6,13.720303572951307,6.860151786475654,34.3008442056792,62.76666666666666,0.12134251290877796
33,Company_33,Finance,North America,2021,1300.8,11.1,2650.9,10.9,64.3,75.5,58.4,58.9,17464.6,8732.3,43661.5,13.426045510455104,6.713022755227552,33.565113776137764,64.26666666666667,0.10923509849066249
33,Company_33,Finance,North America,2022,1264.0,13.2,2147.8,-2.8,65.6,78.9,59.0,58.9,16379.6,8189.8,40948.9,12.958544303797469,6.479272151898734,32.39628164556962,65.60000000000001,-0.028290282902828978
33,Company_33,Finance,North America,2023,1315.8,9.9,2546.1,4.1,67.2,82.1,58.9,60.5,16453.5,8226.7,41133.7,12.504559963520292,6.252241982064144,31.261361909104725,67.16666666666667,0.04098101265822773
33,Company_33,Finance,North America,2024,1306.6,9.9,1176.3,-0.7,68.0,82.8,60.0,61.4,16219.1,8109.5,40547.7,12.4132098576458,6.2065666615643655,31.032986376855963,68.06666666666668,-0.006991944064447475
33,Company_33,Finance,North America,2025,1244.4,9.0,1480.1,-4.8,69.9,87.3,63.3,59.3,14662.4,7331.2,36655.9,11.782706525233042,5.891353262616521,29.45668595306975,69.96666666666665,-0.04760446961579656
34,Company_34,Energy,Middle East,2015,7972.5,13.6,8847.6,7.8,25.5,47.7,10.6,18.1,6906699.0,2072009.7,69066989.5,866.3153339604892,259.89460018814674,8663.153276889307,25.46666666666667,
34,Company_34,Energy,Middle East,2016,8625.3,17.3,15528.5,8.2,27.6,51.5,12.5,18.9,7240743.8,2172223.1,72407438.0,839.477328324812,251.84319385992376,8394.77328324812,27.633333333333336,0.08188146754468484
34,Company_34,Energy,Middle East,2017,10563.1,16.4,32959.7,22.5,30.2,51.3,15.1,24.1,8885120.7,2665536.2,88851207.1,841.1470780358038,252.34412246404938,8411.470789824956,30.166666666666668,0.2246646493455302
34,Company_34,Energy,Middle East,2018,10633.4,9.5,18884.7,0.7,33.4,54.5,16.9,28.9,8705051.5,2611515.4,87050514.6,818.6517482649012,245.59551977730547,8186.517445031693,33.43333333333334,0.006655243252454257
34,Company_34,Energy,Middle East,2019,10737.1,13.6,19214.7,1.0,34.2,53.4,21.4,27.9,8867653.5,2660296.0,88676534.7,825.8890668802562,247.766715407326,8258.890640862057,34.23333333333333,0.009752289954295001
34,Company_34,Energy,Middle East,2020,11030.1,17.9,26351.4,2.7,35.0,53.1,21.9,29.9,9139066.8,2741720.0,91390668.1,828.5570212418745,248.56710274612198,8285.570221484844,34.96666666666667,0.027288560225759317
34,Company_34,Energy,Middle East,2021,11844.2,19.2,29351.8,7.4,35.1,53.3,19.9,32.1,9793081.9,2937924.6,97930819.1,826.8251042704446,248.04753381401866,8268.251051147396,35.099999999999994,0.07380712776856058
34,Company_34,Energy,Middle East,2022,12447.2,17.8,19585.5,5.1,35.5,55.4,18.3,32.8,10109918.6,3032975.6,101099186.4,812.224323542644,243.6672986695803,8122.243267562183,35.5,0.05091099441076641
34,Company_34,Energy,Middle East,2023,13563.0,14.3,22271.6,9.0,35.1,57.1,16.6,31.7,10858627.3,3257588.2,108586272.8,800.606598835066,240.1819803878198,8006.065973604659,35.13333333333333,0.08964265055594822
34,Company_34,Energy,Middle East,2024,18074.5,20.5,45597.9,33.3,35.7,60.2,16.2,30.9,14078566.5,4223570.0,140785665.3,778.9187252759413,233.67562034911063,7789.187269357382,35.76666666666667,0.3326328983263289
34,Company_34,Energy,Middle East,2025,21020.8,14.8,43800.0,16.3,34.8,58.4,16.3,29.6,16627583.0,4988274.9,166275829.7,791.0061938651241,237.30185815953723,7910.061924379662,34.76666666666667,0.1630086586074304
35,Company_35,Healthcare,Middle East,2015,652.2,15.1,2249.3,13.65,66.5,65.4,83.1,51.1,48425.5,48425.5,96851.0,74.24946335479913,74.24946335479913,148.49892670959827,66.53333333333333,
35,Company_35,Healthcare,Middle East,2016,763.1,12.0,1026.9,17.0,67.3,66.5,83.1,52.4,56069.2,56069.2,112138.5,73.47556021491285,73.47556021491285,146.95125147424977,67.33333333333333,0.1700398650720638
35,Company_35,Healthcare,Middle East,2017,806.5,11.2,1208.5,5.7,69.0,72.3,84.4,50.2,55947.2,55947.2,111894.3,69.37036577805331,69.37036577805331,138.74060756354618,68.96666666666665,0.05687328004193426
35,Company_35,Healthcare,Middle East,2018,863.8,13.8,1934.2,7.1,70.4,77.5,87.6,46.0,56794.7,56794.7,113589.3,65.74982634869183,65.74982634869183,131.49953692984488,70.36666666666666,0.07104773713577184
35,Company_35,Healthcare,Middle East,2019,1020.4,16.4,2108.1,18.1,69.5,73.2,88.1,47.2,70140.5,70140.5,140281.0,68.73823990591924,68.73823990591924,137.4764798118385,69.5,0.18129196573280848
35,Company_35,Healthcare,Middle East,2020,1194.3,13.9,3167.0,17.0,69.5,74.4,88.0,46.1,81118.5,81118.5,162237.1,67.92137653855815,67.92137653855815,135.84283680817217,69.5,0.170423363386907
35,Company_35,Healthcare,Middle East,2021,1358.8,11.9,2113.5,13.8,70.6,77.1,88.0,46.7,89706.1,89706.1,179412.3,66.01861937003238,66.01861937003238,132.03731233441272,70.60000000000001,0.13773758687097049
35,Company_35,Healthcare,Middle East,2022,1375.3,11.1,3350.8,1.2,70.7,78.0,88.4,45.6,89926.6,89926.6,179853.3,65.38689740420273,65.38689740420273,130.77386751981385,70.66666666666667,0.01214306741242277
35,Company_35,Healthcare,Middle East,2023,1711.1,13.5,4705.1,24.4,73.0,79.6,92.4,46.9,110015.0,110015.0,220030.1,64.2948980188183,64.2948980188183,128.58985447957454,72.96666666666667,0.2441649094742966
35,Company_35,Healthcare,Middle East,2024,1941.7,13.4,3902.0,13.5,75.2,83.0,92.4,50.2,120155.8,120155.8,240311.6,61.88175310295102,61.88175310295102,123.76350620590205,75.2,0.13476710887733057
35,Company_35,Healthcare,Middle East,2025,2196.1,12.6,6455.6,13.1,76.1,82.4,92.8,53.2,136826.4,136826.4,273652.8,62.30426665452393,62.30426665452393,124.60853330904786,76.13333333333333,0.1310192099706442
36,Company_36,Healthcare,Europe,2015,1387.2,19.2,6545.4,8.1,71.7,29.7,97.6,87.8,137592.0,137592.0,275184.0,99.18685121107266,99.18685121107266,198.37370242214533,71.7,
36,Company_36,Healthcare,Europe,2016,1614.4,18.5,5940.1,16.4,71.9,32.0,95.8,87.9,157524.5,157524.5,315049.0,97.5746407333994,97.5746407333994,195.1492814667988,71.89999999999999,0.1637831603229527
36,Company_36,Healthcare,Europe,2017,1695.7,20.0,6191.3,5.0,74.2,34.4,99.1,89.2,162683.1,162683.1,325366.2,95.93860942383677,95.93860942383677,191.87721884767353,74.23333333333333,0.05035926660059453
36,Company_36,Healthcare,Europe,2018,1863.5,21.6,7150.3,9.9,75.5,36.2,97.9,92.5,176408.2,176408.2,352816.5,94.66498524282265,94.66498524282265,189.3300241481084,75.53333333333335,0.09895618328713796
36,Company_36,Healthcare,Europe,2019,2041.6,20.5,9767.7,9.6,76.3,36.2,99.1,93.4,193204.2,193204.2,386408.4,94.63371865203763,94.63371865203763,189.26743730407526,76.23333333333333,0.09557284679366784
36,Company_36,Healthcare,Europe,2020,2216.1,24.1,10576.5,8.6,76.5,37.6,100.0,91.9,207581.2,207581.2,415162.3,93.66959974730383,93.66959974730383,187.33915437029015,76.5,0.08547217868338564
36,Company_36,Healthcare,Europe,2021,2385.2,28.6,9598.3,7.6,75.9,38.2,99.2,90.4,222478.1,222478.1,444956.1,93.27440046956231,93.27440046956231,186.54875901391918,75.93333333333334,0.0763052208835342
36,Company_36,Healthcare,Europe,2022,2390.3,26.9,10525.3,0.2,76.1,39.2,100.0,89.0,221229.5,221229.5,442459.1,92.55302681671756,92.55302681671756,185.10609546918795,76.06666666666666,0.002138185477108978
36,Company_36,Healthcare,Europe,2023,2744.7,28.2,16966.6,14.8,76.5,42.3,100.0,87.3,248141.7,248141.7,496283.5,90.40758552847306,90.40758552847306,180.81520749080047,76.53333333333335,0.14826590804501505
36,Company_36,Healthcare,Europe,2024,2901.3,28.0,15900.3,5.7,76.2,40.9,98.7,89.0,265049.9,265049.9,530099.8,91.35556474683763,91.35556474683763,182.71112949367526,76.2,0.05705541589244745
36,Company_36,Healthcare,Europe,2025,2872.1,29.2,11714.4,-1.0,76.6,39.2,100.0,90.6,265870.0,265870.0,531740.0,92.56989659134432,92.56989659134432,185.13979318268863,76.6,-0.010064453865508693
37,Company_37,Energy,Oceania,2015,8377.9,18.2,14923.9,-4.15,68.1,45.0,72.4,86.9,7412891.7,2223867.5,74128916.7,884.8150133088245,265.4445027990308,8848.15009727975,68.10000000000001,
37,Company_37,Energy,Oceania,2016,8220.4,21.9,29648.9,-1.9,70.3,47.2,74.1,89.5,7148109.2,2144432.7,71481091.6,869.5573451413558,260.86719624349183,8695.573402754124,70.26666666666667,-0.018799460485324437
37,Company_37,Energy,Oceania,2017,7909.6,20.9,24590.5,-3.8,69.2,46.1,72.2,89.4,6941628.3,2082488.5,69416283.4,877.6206508546576,263.2861965206837,8776.206559118034,69.23333333333333,-0.03780837915429902
37,Company_37,Energy,Oceania,2018,8190.8,15.8,12390.7,3.6,70.5,49.3,72.3,89.9,7003417.6,2101025.3,70034176.2,855.0346242125311,256.51038970552327,8550.34626654295,70.5,0.03555173460099126
37,Company_37,Energy,Oceania,2019,7818.9,19.1,19127.5,-4.5,71.5,48.9,72.5,93.1,6703610.7,2011083.2,67036106.6,857.3598204350997,257.20794485157757,8573.598153192905,71.5,-0.04540460028324467
37,Company_37,Energy,Oceania,2020,7942.1,14.9,17657.4,1.6,73.3,50.8,75.1,94.0,6708157.5,2012447.3,67081575.0,844.6327167877513,253.38982133188955,8446.327167877513,73.3,0.01575669211781716
37,Company_37,Energy,Oceania,2021,6869.8,7.9,8351.7,-13.5,74.9,50.7,80.0,93.9,5803707.6,1741112.3,58037075.8,844.8146379807272,253.44439430551108,8448.146350694342,74.86666666666666,-0.135014668664459
37,Company_37,Energy,Oceania,2022,5289.1,7.3,7421.2,-23.0,76.8,54.0,81.9,94.4,4347961.0,1304388.3,43479610.4,822.0606530411601,246.61819591234803,8220.606606038833,76.76666666666667,-0.23009403476083723
37,Company_37,Energy,Oceania,2023,4941.0,12.6,11406.9,-6.6,77.3,54.0,82.7,95.3,4063178.7,1218953.6,40631787.3,822.3393442622951,246.70180125480672,8223.393503339405,77.33333333333333,-0.06581459983740157
37,Company_37,Energy,Oceania,2024,4776.1,13.0,10577.2,-3.3,78.1,53.5,82.4,98.3,3944163.3,1183249.0,39441633.0,825.8125458009672,247.74376583404867,8258.125458009672,78.06666666666666,-0.033373810969439366
37,Company_37,Energy,Oceania,2025,4183.6,24.2,19649.3,-12.4,77.3,54.8,82.1,94.9,3415695.4,1024708.6,34156954.3,816.4488478822066,244.93464958409024,8164.488550530642,77.26666666666667,-0.1240551914742154
38,Company_38,Energy,Africa,2015,514.8,12.4,1244.3,8.2,35.5,26.9,50.6,29.1,520757.6,156227.3,5207575.5,1011.5726495726497,303.4718337218337,10115.725524475525,35.53333333333333,
38,Company_38,Energy,Africa,2016,603.5,20.7,1747.2,17.2,36.3,30.3,50.0,28.4,596092.7,178827.8,5960926.9,987.7260977630488,296.31781275890637,9877.260811930406,36.23333333333333,0.17229992229992241
38,Company_38,Energy,Africa,2017,634.6,25.0,2446.0,5.2,37.2,34.5,49.8,27.2,608066.8,182420.0,6080667.6,958.1890954932242,287.45666561613615,9581.890324613929,37.166666666666664,0.05153272576636292
38,Company_38,Energy,Africa,2018,595.3,18.7,1787.2,-6.2,39.0,34.9,51.6,30.5,568979.3,170693.8,5689793.1,955.7858222744836,286.735763480598,9557.858390727364,39.0,-0.0619287740308857
38,Company_38,Energy,Africa,2019,669.8,12.8,1170.5,12.5,38.9,35.3,51.9,29.5,638236.4,191470.9,6382363.9,952.8760824126606,285.86279486413855,9528.760674828309,38.9,0.12514698471358976
38,Company_38,Energy,Africa,2020,757.7,12.9,973.6,13.1,38.1,35.5,51.5,27.5,721090.9,216327.3,7210909.3,951.6839118384585,285.5052131450442,9516.83951431965,38.166666666666664,0.1312332039414752
38,Company_38,Energy,Africa,2021,872.9,5.8,587.2,15.2,38.3,33.9,52.4,28.6,840471.2,252141.4,8404712.2,962.8493527322717,288.8548516439455,9628.493756444037,38.300000000000004,0.15203906559324265
38,Company_38,Energy,Africa,2022,928.4,4.4,732.1,6.4,40.4,36.6,55.9,28.9,876403.1,262920.9,8764031.0,943.9929987074537,283.1978672985782,9439.929987074536,40.46666666666667,0.06358116622751742
38,Company_38,Energy,Africa,2023,931.9,0.9,94.6,0.4,42.4,39.6,56.0,31.5,859999.0,257999.7,8599990.5,922.8447258289516,276.8534177486855,9228.44779482777,42.36666666666667,0.0037699267557087524
38,Company_38,Energy,Africa,2024,1025.5,1.8,308.0,10.0,41.2,38.9,53.8,30.9,951652.2,285495.7,9516522.0,927.9884934178449,278.3965870307167,9279.88493417845,41.199999999999996,0.10043996136924571
38,Company_38,Energy,Africa,2025,1039.9,2.9,481.9,1.4,41.3,39.9,54.6,29.3,957434.1,287230.2,9574341.5,920.6982402154052,276.2094432156938,9206.982882969516,41.266666666666666,0.014041930765480437
39,Company_39,Transportation,Latin America,2015,809.3,3.2,357.9,13.7,41.6,21.2,57.9,45.6,510651.5,85108.6,1702171.8,630.979241319659,105.16322748053875,2103.264302483628,41.56666666666666,
39,Company_39,Transportation,Latin America,2016,977.4,3.3,418.4,20.8,42.4,20.4,60.4,46.5,619783.7,103297.3,2065945.8,634.1146920401063,105.68579905872724,2113.7157765500306,42.43333333333333,0.20771036698381318
39,Company_39,Transportation,Latin America,2017,1078.3,-3.1,4921.7,10.3,45.1,20.9,63.6,50.8,681565.8,113594.3,2271885.9,632.074376333117,105.34572938885283,2106.9144950384866,45.1,0.1032330673214652
39,Company_39,Transportation,Latin America,2018,1033.8,-0.8,4172.0,-4.1,46.4,21.3,65.6,52.3,651774.1,108629.0,2172580.4,630.4644031727607,105.07738440704199,2101.548075062875,46.4,-0.041268663637206715
39,Company_39,Transportation,Latin America,2019,1292.0,5.4,1057.0,25.0,50.0,26.9,67.4,55.6,784472.9,130745.5,2614909.6,607.1771671826625,101.19620743034056,2023.923839009288,49.96666666666667,0.24975817372799392
39,Company_39,Transportation,Latin America,2020,1388.4,5.8,1000.5,7.5,48.6,26.3,66.2,53.3,846168.3,141028.1,2820561.1,609.4557044079515,101.57598674733507,2031.519086718525,48.6,0.0746130030959753
39,Company_39,Transportation,Latin America,2021,1583.5,3.3,999.5,14.0,49.2,25.8,67.0,54.9,968806.6,161467.8,3229355.2,611.8134512156615,101.96892958635932,2039.3780865172089,49.23333333333333,0.14052146355517126
39,Company_39,Transportation,Latin America,2022,1867.7,5.8,1653.1,17.9,51.3,26.9,70.7,56.2,1133580.4,188930.1,3778601.2,606.9392300690688,101.15655619210794,2023.130695507844,51.26666666666667,0.17947584464793187
39,Company_39,Transportation,Latin America,2023,2118.0,9.4,2731.4,13.4,52.6,26.2,73.5,58.2,1292152.1,215358.7,4307173.6,610.0812559017942,101.68021718602456,2033.6041548630783,52.63333333333333,0.13401509878460138
39,Company_39,Transportation,Latin America,2024,2395.7,8.4,2154.6,13.1,54.1,26.4,78.0,57.8,1459073.0,243178.8,4863576.6,609.0382769128022,101.50636557164921,2030.1275618817047,54.06666666666666,0.1311142587346552
39,Company_39,Transportation,Latin America,2025,2744.5,4.8,2414.7,14.6,56.2,29.0,79.8,59.8,1641232.2,273538.7,5470773.9,598.007724539989,99.66795408999818,1993.3590453634542,56.199999999999996,0.1455941895896815
40,Company_40,Transportation,Oceania,2015,2337.7,4.0,1791.9,5.35,53.4,26.0,73.6,60.6,1427581.7,237930.3,4758605.6,610.6778885229072,101.77965521666596,2035.5929332249648,53.4,
40,Company_40,Transportation,Oceania,2016,2448.4,2.0,545.0,4.7,52.4,26.8,70.7,59.8,1487717.3,247952.9,4959057.8,607.6283695474596,101.27140173174317,2025.4279529488645,52.43333333333334,0.04735423707062503
40,Company_40,Transportation,Oceania,2017,2489.8,-0.6,1709.9,1.7,54.3,30.2,74.6,58.1,1477177.5,246196.2,4923924.8,593.2916298497871,98.88191822636357,1977.6386858382198,54.300000000000004,0.016909001797092094
40,Company_40,Transportation,Oceania,2018,2856.7,1.6,707.3,14.7,52.6,28.2,70.7,58.7,1718642.3,286440.4,5728807.8,601.6180557986488,100.26968180067912,2005.3935660027305,52.53333333333334,0.14736123383404265
40,Company_40,Transportation,Oceania,2019,3110.5,3.3,1362.4,8.9,54.3,30.1,75.1,57.6,1845987.3,307664.6,6153291.0,593.469635106896,98.9116219257354,1978.2321170229866,54.26666666666666,0.08884377078447159
40,Company_40,Transportation,Oceania,2020,3003.0,1.6,464.0,-3.5,55.8,32.9,77.3,57.2,1747311.4,291218.6,5824371.3,581.8552780552781,96.97589077589076,1939.5175824175824,55.79999999999999,-0.03456036007072816
40,Company_40,Transportation,Oceania,2021,3397.6,1.7,1087.5,13.1,55.1,31.1,77.4,56.7,2002287.7,333714.6,6674292.2,589.324140569814,98.22068518954556,1964.4137626559925,55.06666666666666,0.13140193140193146
40,Company_40,Transportation,Oceania,2022,3602.6,-0.9,7336.3,6.0,56.9,34.0,79.6,57.0,2079475.6,346579.3,6931585.3,577.2152334425137,96.20254815966247,1924.0507688891357,56.86666666666667,0.06033670826465731
40,Company_40,Transportation,Oceania,2023,3642.3,1.3,462.2,1.1,57.6,33.7,79.4,59.7,2106949.3,351158.2,7023164.2,578.4667105949536,96.41111385662906,1928.2223320429398,57.6,0.011019819019597143
40,Company_40,Transportation,Oceania,2024,4002.7,3.4,2451.8,9.9,58.0,32.8,82.4,58.8,2331201.9,388533.6,7770672.8,582.4073500387238,97.06787918155246,1941.3577834961402,58.0,0.0989484666282292
40,Company_40,Transportation,Oceania,2025,4126.1,0.7,266.1,3.1,59.6,37.1,82.1,59.6,2327861.1,387976.9,7759537.1,564.1795157654929,94.02993141222946,1880.5984101209372,59.599999999999994,0.03082919029655007
41,Company_41,Energy,North America,2015,7409.3,5.8,5982.6,0.95,52.7,30.7,44.2,83.2,7299469.8,2189840.9,72994697.7,985.1767103505053,295.55300770653093,9851.767063015399,52.70000000000001,
41,Company_41,Energy,North America,2016,7477.9,11.2,13760.6,0.9,53.5,34.5,40.6,85.3,7168975.1,2150692.5,71689751.2,958.6882814693964,287.6064804289975,9586.882841439443,53.46666666666666,0.009258634418905842
41,Company_41,Energy,North America,2017,7116.3,7.6,8086.9,-4.8,54.0,35.0,41.7,85.4,6797243.4,2039173.0,67972433.6,955.1653808861347,286.54961145539113,9551.65375265236,54.03333333333334,-0.04835582182163434
41,Company_41,Energy,North America,2018,7512.4,12.5,14477.0,5.6,55.0,35.2,43.2,86.5,7161256.7,2148377.0,71612566.8,953.2581731537192,285.97745061498324,9532.58170491454,54.96666666666667,0.055660947402442096
41,Company_41,Energy,North America,2019,7754.0,14.5,12294.7,3.2,57.4,39.4,46.4,86.2,7164609.4,2149382.8,71646093.7,923.9888315708022,277.1966468919267,9239.888277018314,57.333333333333336,0.032160161865715464
41,Company_41,Energy,North America,2020,7459.6,12.4,8666.2,-3.8,57.0,40.5,46.0,84.6,6837896.1,2051368.8,68378961.0,916.657206820741,274.9971580245589,9166.57206820741,57.03333333333333,-0.037967500644828456
41,Company_41,Energy,North America,2021,7613.6,15.6,20118.5,2.1,57.8,42.1,45.5,85.9,6893156.5,2067946.9,68931564.6,905.374133130188,271.61223337186084,9053.741278764315,57.833333333333336,0.020644538581157112
41,Company_41,Energy,North America,2022,7691.9,12.4,9447.4,1.0,59.0,42.2,48.1,86.7,6957685.0,2087305.5,69576850.1,904.5469909905225,271.3640972971568,9045.469922905913,59.0,0.010284228223179426
41,Company_41,Energy,North America,2023,8198.6,10.9,13370.5,6.6,60.5,42.7,50.1,88.6,7389174.3,2216752.3,73891743.4,901.2726928987876,270.3818090893567,9012.726977776694,60.46666666666667,0.06587449134804158
41,Company_41,Energy,North America,2024,7708.9,7.6,4826.3,-6.0,62.1,42.6,51.1,92.8,6951394.4,2085418.3,69513943.5,901.7362269584507,270.52086549313134,9017.36220472441,62.166666666666664,-0.05972970995047944
41,Company_41,Energy,North America,2025,6929.7,6.8,5147.9,-10.1,64.9,44.4,53.9,96.3,6160667.0,1848200.1,61606670.4,889.0236229562607,266.70708688687824,8890.236287285165,64.86666666666666,-0.10107797480833836
42,Company_42,Energy,North America,2015,1946.2,2.4,654.5,-7.0,45.7,30.1,27.2,79.9,1925688.0,577706.4,19256880.2,989.4604871030726,296.8381461309218,9894.604973795087,45.73333333333333,
42,Company_42,Energy,North America,2016,1798.1,2.7,900.2,-7.6,47.0,30.2,26.7,84.1,1777626.9,533288.1,17776268.7,988.6140370390968,296.58422779600687,9886.14020354819,47.0,-0.07609700955708565
42,Company_42,Energy,North America,2017,1747.1,1.2,420.6,-2.8,45.9,29.9,25.4,82.4,1730345.0,519103.5,17303450.5,990.4098219907276,297.1229465972183,9904.098506095816,45.9,-0.02836327234302871
42,Company_42,Energy,North America,2018,1371.7,-2.1,2640.1,-21.5,45.9,29.9,25.4,82.4,1358630.4,407589.1,13586304.1,990.4719690894509,297.14157614638765,9904.719763796747,45.9,-0.21487035659092202
42,Company_42,Energy,North America,2019,1306.3,-4.5,3262.6,-4.8,48.2,33.6,26.5,84.5,1260026.7,378008.0,12600266.5,964.5768200260277,289.37303835259894,9645.76781749981,48.199999999999996,-0.04767806371655614
42,Company_42,Energy,North America,2020,1213.0,-5.9,4799.3,-7.1,47.2,28.9,27.0,85.6,1209822.6,362946.8,12098225.6,997.3805441055235,299.2141797197032,9973.805111294312,47.166666666666664,-0.07142310342187852
42,Company_42,Energy,North America,2021,1012.6,-3.4,1486.9,-16.5,48.4,29.4,27.8,88.0,1006834.9,302050.5,10068348.7,994.3066363815919,298.2920205411811,9943.066067548883,48.4,-0.16521022258862328
42,Company_42,Energy,North America,2022,1013.3,0.8,130.6,0.1,48.1,28.1,26.8,89.4,1016308.1,304892.4,10163080.9,1002.96861738873,300.89055561038197,10029.686075199843,48.1,0.0006912897491604397
42,Company_42,Energy,North America,2023,943.3,-0.4,1033.7,-6.9,49.7,31.7,30.3,87.0,922566.9,276770.1,9225668.7,978.0206721085551,293.40623343581046,9780.206403053111,49.666666666666664,-0.06908121977696635
42,Company_42,Energy,North America,2024,1012.9,-1.6,5053.6,7.4,48.1,32.4,28.1,84.0,986023.5,295807.0,9860234.8,973.465791292329,292.0396880244842,9734.657715470432,48.166666666666664,0.07378352591964377
42,Company_42,Energy,North America,2025,922.7,-2.6,2524.7,-8.9,48.9,35.3,29.0,82.4,879541.3,263862.4,8795412.6,953.225642137206,285.96770347892055,9532.255987861708,48.9,-0.08905123901668466
43,Company_43,Transportation,Europe,2015,444.2,3.9,141.2,0.8,43.8,27.5,83.4,20.5,268455.9,44742.6,894853.0,604.3581719945971,100.72624943719046,2014.52723998199,43.800000000000004,
43,Company_43,Transportation,Europe,2016,458.3,-0.5,2237.4,3.2,44.6,31.5,80.4,21.7,269289.4,44881.6,897631.3,587.5832424176305,97.93061313550076,1958.6107353262055,44.53333333333333,0.03174245835209377
43,Company_43,Transportation,Europe,2017,437.7,1.9,155.5,-4.5,44.3,34.2,76.7,22.0,252228.8,42038.1,840762.6,576.2595384966872,96.04318026045236,1920.8649760109663,44.300000000000004,-0.04494872354353052
43,Company_43,Transportation,Europe,2018,432.2,3.0,137.0,-1.2,45.3,36.2,78.4,21.4,245572.0,40928.7,818573.2,568.1906524757057,94.69851920407218,1893.9685330865339,45.333333333333336,-0.012565684258624588
43,Company_43,Transportation,Europe,2019,380.2,1.4,101.0,-12.0,43.1,31.3,78.2,19.8,223692.7,37282.1,745642.2,588.3553392951079,98.05917937927407,1961.1841136244082,43.1,-0.12031466913465994
43,Company_43,Transportation,Europe,2020,344.9,-1.7,1060.3,-9.3,44.7,32.6,79.9,21.8,201181.6,33530.3,670605.4,583.3041461293129,97.21745433458975,1944.3473470571182,44.76666666666667,-0.09284587059442406
43,Company_43,Transportation,Europe,2021,352.3,-2.1,601.2,2.1,43.2,31.3,76.9,21.5,207386.6,34564.4,691288.8,588.664774340051,98.11070110701107,1962.21629293216,43.23333333333333,0.02145549434618732
43,Company_43,Transportation,Europe,2022,368.8,-2.3,1341.5,4.7,43.2,31.4,78.5,19.7,216871.1,36145.2,722903.5,588.0452819956616,98.00759219088935,1960.1504880694142,43.199999999999996,0.046835083735452754
43,Company_43,Transportation,Europe,2023,396.7,-3.1,1797.1,7.6,41.7,30.4,77.5,17.3,234922.1,39153.7,783073.5,592.190824300479,98.69851273002268,1973.968994202168,41.733333333333334,0.07565075921908893
43,Company_43,Transportation,Europe,2024,394.9,-0.7,1393.5,-0.5,43.3,32.4,77.2,20.1,230494.1,38415.7,768313.7,583.6771334515067,97.27956444669536,1945.5905292479108,43.23333333333333,-0.0045374338290899985
43,Company_43,Transportation,Europe,2025,423.4,-2.4,898.5,7.2,44.3,31.1,79.5,22.4,249629.8,41605.0,832099.3,589.5838450637694,98.26405290505433,1965.279404818139,44.333333333333336,0.07217016966320577
44,Company_44,Healthcare,Oceania,2015,8643.8,26.4,36906.0,3.7,50.9,39.1,30.9,82.7,800376.2,800376.2,1600752.5,92.59540942640969,92.59540942640969,185.19083042180523,50.9,
44,Company_44,Healthcare,Oceania,2016,9247.6,25.4,27131.5,7.0,53.3,42.0,32.3,85.6,838153.8,838153.8,1676307.6,90.63473766166356,90.63473766166356,181.26947532332713,53.29999999999999,0.06985353663897831
44,Company_44,Healthcare,Oceania,2017,8677.4,29.6,51957.2,-6.2,55.0,46.0,29.4,89.8,761898.9,761898.9,1523797.9,87.80267130707355,87.80267130707355,175.60535413833637,55.06666666666666,-0.061659241316666
44,Company_44,Healthcare,Oceania,2018,9498.1,27.7,35202.9,9.5,56.4,44.9,31.4,93.0,841267.4,841267.4,1682534.7,88.57217759341341,88.57217759341341,177.14434465840534,56.43333333333334,0.09457902136584706
44,Company_44,Healthcare,Oceania,2019,10238.6,28.4,66082.6,7.8,54.8,43.9,31.3,89.3,913851.4,913851.4,1827702.8,89.25550368214404,89.25550368214404,178.51100736428808,54.833333333333336,0.07796296101325528
44,Company_44,Healthcare,Oceania,2020,10346.8,29.7,52205.3,1.1,55.2,42.8,35.6,87.2,931780.8,931780.8,1863561.7,90.05497351838251,90.05497351838251,180.1099567015889,55.20000000000001,0.010567851073388868
44,Company_44,Healthcare,Oceania,2021,10763.5,32.2,84929.7,4.0,57.4,41.3,39.4,91.6,980682.3,980682.3,1961364.7,91.11184094393089,91.11184094393089,182.22369117852,57.43333333333333,0.04027332122008742
44,Company_44,Healthcare,Oceania,2022,10424.8,32.2,38133.9,-3.1,57.6,38.9,42.0,91.8,966874.7,966874.7,1933749.3,92.74755390990714,92.74755390990714,185.49509822730414,57.56666666666666,-0.03146745946950347
44,Company_44,Healthcare,Oceania,2023,11297.2,33.3,54234.6,8.4,59.2,38.5,46.3,92.7,1051475.0,1051475.0,2102949.9,93.0739475268208,93.0739475268208,186.1478862018907,59.166666666666664,0.08368505870616239
44,Company_44,Healthcare,Oceania,2024,11686.3,33.7,79382.4,3.4,59.6,40.2,47.1,91.5,1073497.2,1073497.2,2146994.3,91.85945936695104,91.85945936695104,183.71891017687378,59.6,0.034442162659773956
44,Company_44,Healthcare,Oceania,2025,11371.6,36.7,78853.3,-2.7,61.2,44.1,49.9,89.5,1013756.1,1013756.1,2027512.3,89.14806183826374,89.14806183826374,178.29613247036477,61.166666666666664,-0.02692896810795542
45,Company_45,Retail,Africa,2015,587.4,5.9,551.9,0.6499999999999999,36.8,52.3,11.8,46.3,48978.1,24489.1,97956.3,83.38117126319374,41.690670752468506,166.76251276813076,36.8,
45,Company_45,Retail,Africa,2016,598.7,2.6,301.2,1.9,36.7,55.1,9.5,45.6,48772.9,24386.4,97545.7,81.46467345916152,40.732253215299814,162.92917988976114,36.73333333333333,0.019237316990126097
45,Company_45,Retail,Africa,2017,595.0,1.7,116.1,-0.6,37.5,58.9,5.0,48.7,46873.8,23436.9,93747.5,78.77949579831933,39.389747899159666,157.55882352941177,37.53333333333333,-0.006180056789711119
45,Company_45,Retail,Africa,2018,621.5,-0.1,1437.0,4.4,39.0,57.7,7.9,51.5,49460.1,24730.1,98920.3,79.58181818181818,39.79098954143202,159.16379726468222,39.03333333333334,0.044537815126050484
45,Company_45,Retail,Africa,2019,591.8,-0.7,1980.2,-4.8,39.9,59.2,6.4,54.2,46505.3,23252.6,93010.5,78.58279824264956,39.29131463332207,157.1654275092937,39.93333333333334,-0.04778761061946912
45,Company_45,Retail,Africa,2020,653.1,0.1,10.6,10.4,42.3,60.9,8.4,57.5,50531.8,25265.9,101063.6,77.37222477415403,38.68611238707702,154.74444954830807,42.266666666666666,0.10358229131463337
45,Company_45,Retail,Africa,2021,639.7,-2.5,2096.2,-2.1,42.9,61.2,9.7,57.9,49367.5,24683.8,98735.1,77.17289354384867,38.5865249335626,154.3459434109739,42.93333333333334,-0.020517531771551023
45,Company_45,Retail,Africa,2022,599.2,-0.8,531.6,-6.3,47.5,66.8,12.6,63.0,43879.7,21939.9,87759.4,73.23047396528703,36.61532042723631,146.46094793057406,47.46666666666666,-0.06331092699702989
45,Company_45,Retail,Africa,2023,641.5,-2.7,2688.0,7.1,47.0,67.8,11.9,61.3,46528.8,23264.4,93057.7,72.53125487139518,36.26562743569759,145.0626656274357,47.0,0.07059412550066746
45,Company_45,Retail,Africa,2024,696.0,-1.4,3160.5,8.5,47.7,65.7,13.1,64.4,51504.2,25752.1,103008.5,74.00028735632183,37.00014367816092,148.0007183908046,47.73333333333333,0.08495713172252528
45,Company_45,Retail,Africa,2025,662.3,0.7,88.7,-4.9,47.7,64.0,13.3,65.9,49806.9,24903.4,99613.8,75.20292918616941,37.60138909859581,150.40585837233883,47.73333333333333,-0.04841954022988515
46,Company_46,Healthcare,Middle East,2015,8416.9,23.6,47471.5,3.05,48.6,73.7,50.4,21.7,575811.1,575811.1,1151622.2,68.41130344901329,68.41130344901329,136.82260689802658,48.599999999999994,
46,Company_46,Healthcare,Middle East,2016,7862.8,26.0,45451.1,-6.6,48.0,73.1,50.8,20.2,541281.5,541281.5,1082563.1,68.84080734598362,68.84080734598362,137.68162741008294,48.03333333333333,-0.06583183832527406
46,Company_46,Healthcare,Middle East,2017,8431.7,25.7,53617.4,7.2,50.3,76.2,49.7,25.2,562022.7,562022.7,1124045.5,66.65591754924866,66.65591754924866,133.31184695850183,50.36666666666667,0.07235336012616367
46,Company_46,Healthcare,Middle East,2018,8423.0,20.0,27396.1,-0.1,50.5,75.9,51.0,24.6,563204.9,563204.9,1126409.7,66.86511931615814,66.86511931615814,133.73022676006173,50.5,-0.00103182039209182
46,Company_46,Healthcare,Middle East,2019,8719.7,20.5,20858.9,3.5,50.3,73.5,50.7,26.6,597808.8,597808.8,1195617.7,68.55841370689359,68.55841370689359,137.11683888207162,50.26666666666667,0.03522497922355461
46,Company_46,Healthcare,Middle East,2020,9670.3,18.2,18588.0,10.9,52.0,77.5,53.0,25.5,635896.0,635896.0,1271791.9,65.75762902908907,65.75762902908907,131.51524771723732,52.0,0.10901751207036914
46,Company_46,Healthcare,Middle East,2021,10179.9,17.4,25503.7,5.3,53.9,77.5,57.5,26.7,669607.1,669607.1,1339214.1,65.7773750233303,65.7773750233303,131.55474022338137,53.9,0.05269743441258279
46,Company_46,Healthcare,Middle East,2022,10076.9,18.1,22920.5,-1.0,55.1,78.8,60.0,26.6,653561.1,653561.1,1307122.2,64.85735692524487,64.85735692524487,129.71471385048974,55.13333333333333,-0.010117977583276816
46,Company_46,Healthcare,Middle East,2023,11519.7,19.3,32876.0,14.3,55.3,84.5,61.1,20.4,700986.8,700986.8,1401973.7,60.85113327604017,60.85113327604017,121.70227523286195,55.333333333333336,0.14317895384493262
46,Company_46,Healthcare,Middle East,2024,11810.9,16.8,43341.7,2.5,55.6,85.0,62.9,19.0,714254.5,714254.5,1428508.9,60.47418062975726,60.47418062975726,120.94835279275922,55.63333333333333,0.025278436070383714
46,Company_46,Healthcare,Middle East,2025,12120.4,13.9,41685.9,2.6,55.4,88.4,61.5,16.2,704494.8,704494.8,1408989.6,58.124715355928856,58.124715355928856,116.24943071185771,55.36666666666667,0.026204607608226294
47,Company_47,Consumer Goods,Africa,2015,209.6,6.1,317.4,2.9000000000000004,53.7,64.8,70.5,25.8,31287.3,39109.1,156436.3,149.27146946564886,186.5892175572519,746.3563931297709,53.70000000000001,
47,Company_47,Consumer Goods,Africa,2016,197.0,4.8,165.7,-6.0,54.3,64.2,70.9,27.7,29575.7,36969.6,147878.6,150.1304568527919,187.66294416243653,750.6527918781726,54.26666666666667,-0.06011450381679384
47,Company_47,Consumer Goods,Africa,2017,200.4,4.7,129.7,1.7,54.8,65.0,71.6,27.8,29867.1,37333.9,149335.5,149.0374251497006,186.29690618762476,745.1871257485029,54.800000000000004,0.01725888324873104
47,Company_47,Consumer Goods,Africa,2018,207.7,3.9,180.8,3.6,56.1,65.9,73.1,29.4,30675.1,38343.9,153375.7,147.68945594607607,184.61194029850748,738.4482426576794,56.13333333333333,0.03642714570858274
47,Company_47,Consumer Goods,Africa,2019,227.9,2.9,119.4,9.7,56.2,69.8,70.7,28.2,32426.2,40532.7,162130.9,142.28258007898202,177.85300570425625,711.4124616059675,56.23333333333333,0.09725565719788154
47,Company_47,Consumer Goods,Africa,2020,250.5,-0.4,1088.6,9.9,56.9,73.6,69.6,27.4,34287.4,42859.3,171437.2,136.8758483033932,171.09500998003992,684.3800399201597,56.86666666666667,0.09916630100921453
47,Company_47,Consumer Goods,Africa,2021,256.1,-0.5,157.8,2.2,59.7,76.8,75.6,26.9,33942.8,42428.6,169714.2,132.53729012104645,165.67200312377975,662.6872315501757,59.76666666666666,0.02235528942115783
47,Company_47,Consumer Goods,Africa,2022,260.1,-5.8,516.8,1.6,62.0,80.5,73.7,31.9,33131.6,41414.5,165658.2,127.38023836985774,159.22529796232217,636.9019607843137,62.03333333333333,0.015618898867629794
47,Company_47,Consumer Goods,Africa,2023,284.0,-5.9,1399.4,9.2,63.0,82.7,75.7,30.6,35255.6,44069.5,176277.9,124.13943661971831,155.17429577464787,620.6968309859154,63.0,0.09188773548635121
47,Company_47,Consumer Goods,Africa,2024,305.5,-5.6,1154.8,7.6,62.9,83.0,75.7,30.1,37819.2,47274.0,189096.1,123.79443535188216,154.7430441898527,618.972504091653,62.93333333333333,0.07570422535211274
47,Company_47,Consumer Goods,Africa,2025,296.1,-4.6,221.9,-3.1,65.1,86.3,74.8,34.1,35282.1,44102.6,176410.3,119.15602836879431,148.9449510300574,595.7794663964876,65.06666666666666,-0.03076923076923066
48,Company_48,Technology,Latin America,2015,1829.7,20.6,11120.4,7.35,50.6,90.4,44.0,17.5,51861.8,31117.1,103723.6,28.344428048313933,17.006667759742033,56.688856096627866,50.63333333333333,
48,Company_48,Technology,Latin America,2016,1912.2,17.1,7593.2,4.5,51.3,90.2,46.7,16.8,54331.8,32599.1,108663.7,28.413241292751806,17.04795523480807,56.826534881288566,51.23333333333334,0.04508935891129684
48,Company_48,Technology,Latin America,2017,2298.5,20.1,14377.0,20.2,51.9,91.8,45.6,18.2,64047.6,38428.6,128095.3,27.86495540569937,16.718990646073525,55.7299543180335,51.86666666666667,0.2020186172994456
48,Company_48,Technology,Latin America,2018,2707.9,14.6,9103.2,17.8,52.9,93.1,46.1,19.5,74211.1,44526.7,148422.3,27.405406403486097,16.44325861368588,54.810849735957746,52.9,0.178116162714814
48,Company_48,Technology,Latin America,2019,2764.0,12.1,6067.8,2.1,52.2,93.6,45.4,17.6,75330.4,45198.2,150660.7,27.254124457308247,16.35246020260492,54.50821273516643,52.199999999999996,0.02071716089958997
48,Company_48,Technology,Latin America,2020,2951.5,17.2,11896.1,6.8,51.7,96.8,42.5,15.8,77044.2,46226.5,154088.3,26.103405048280536,15.662036252752838,52.20677621548365,51.70000000000001,0.06783646888567296
48,Company_48,Technology,Latin America,2021,3253.3,23.7,20336.6,10.2,51.4,95.1,44.3,14.7,86877.6,52126.6,173755.3,26.704453939077244,16.02268465865429,53.40893861617434,51.36666666666665,0.10225309164831442
48,Company_48,Technology,Latin America,2022,3510.1,23.3,24999.7,7.9,51.7,92.9,45.7,16.4,96489.7,57893.8,192979.3,27.48915985299564,16.49349021395402,54.97829121677445,51.66666666666668,0.0789352349921617
48,Company_48,Technology,Latin America,2023,4266.2,24.9,28913.2,21.5,52.1,95.5,44.0,16.8,113308.9,67985.3,226617.7,26.559678402325254,15.935797665369652,53.11933336458676,52.1,0.2154069684624369
48,Company_48,Technology,Latin America,2024,4449.2,21.0,25207.7,4.3,51.6,92.8,44.7,17.3,122365.8,73419.5,244731.7,27.50287692169379,16.50173064820642,55.00577631933831,51.6,0.04289531667526125
48,Company_48,Technology,Latin America,2025,4740.9,23.5,17230.4,6.6,52.2,92.0,46.5,18.1,131743.7,79046.2,263487.3,27.788753190322517,16.67324769558523,55.57748528760362,52.199999999999996,0.06556234828733243
49,Company_49,Retail,Middle East,2015,535.9,4.8,500.1,5.1,15.8,5.9,29.1,12.5,62100.1,31050.1,124200.2,115.88001492815825,57.94010076506811,231.7600298563165,15.833333333333334,
49,Company_49,Retail,Middle East,2016,548.2,3.6,267.9,2.3,15.2,5.6,30.6,9.3,63629.8,31814.9,127259.6,116.07041225829988,58.03520612914994,232.14082451659976,15.166666666666666,0.022952043291659008
49,Company_49,Retail,Middle East,2017,467.7,6.4,572.1,-14.7,14.6,6.7,28.5,8.4,53914.9,26957.5,107829.9,115.27667308103486,57.63844344665384,230.55355997434253,14.533333333333333,-0.14684421743889098
49,Company_49,Retail,Middle East,2018,426.5,8.2,357.9,-8.8,16.6,7.0,31.7,11.3,49105.3,24552.7,98210.7,115.13552168815944,57.567878077373976,230.27127784290738,16.666666666666668,-0.08809065640367753
49,Company_49,Retail,Middle East,2019,420.8,9.7,755.3,-1.3,18.3,10.5,34.5,9.8,47411.4,23705.7,94822.9,112.66967680608366,56.33483840304183,225.33959125475283,18.266666666666666,-0.013364595545134805
49,Company_49,Retail,Middle East,2020,458.4,10.2,648.7,8.9,18.2,11.0,34.0,9.6,51468.0,25734.0,102935.9,112.27748691099477,56.138743455497384,224.55475567190226,18.2,0.0893536121673002
49,Company_49,Retail,Middle East,2021,456.8,11.9,1098.3,-0.3,18.4,13.6,33.0,8.6,50468.7,25234.3,100937.4,110.48314360770577,55.241462346760066,220.96628721541154,18.400000000000002,-0.003490401396160525
49,Company_49,Retail,Middle East,2022,500.7,9.9,1224.8,9.6,19.3,13.7,34.6,9.4,55261.4,27630.7,110522.9,110.36828440183743,55.184142200918714,220.7367685240663,19.23333333333333,0.09610332749562156
49,Company_49,Retail,Middle East,2023,545.2,8.9,1039.7,8.9,19.9,12.8,34.5,12.3,60550.2,30275.1,121100.5,111.06052824651502,55.53026412325751,222.1212399119589,19.866666666666664,0.08887557419612557
49,Company_49,Retail,Middle East,2024,588.2,6.8,704.2,7.9,19.1,14.5,33.6,9.3,64625.8,32312.9,129251.6,109.87045222713363,54.93522611356681,219.74090445426725,19.133333333333336,0.07887013939838594
49,Company_49,Retail,Middle East,2025,656.1,8.0,704.2,11.5,18.7,12.4,32.9,11.0,73036.5,36518.2,146072.9,111.31915866483767,55.659503124523695,222.63816491388505,18.766666666666666,0.11543692621557278
50,Company_50,Consumer Goods,North America,2015,769.8,15.4,2774.2,11.95,61.2,67.7,47.4,68.5,111746.8,139683.5,558734.1,145.1634190698883,181.45427383736038,725.8172252533126,61.199999999999996,
50,Company_50,Consumer Goods,North America,2016,852.1,16.5,1712.0,10.7,61.5,69.4,48.2,66.8,121720.2,152150.2,608601.0,142.84731838986033,178.55908930876657,714.2365919493017,61.46666666666667,0.10691088594440123
50,Company_50,Consumer Goods,North America,2017,991.9,20.9,3662.2,16.4,61.4,70.4,48.0,65.8,140271.1,175338.9,701355.7,141.41657425143666,176.77074301844945,707.0830728904123,61.4,0.16406525055744625
50,Company_50,Consumer Goods,North America,2018,1095.6,21.5,2845.2,10.5,63.0,71.2,49.2,68.7,153804.4,192255.5,769022.0,140.38371668492152,175.4796458561519,701.9185834246076,63.03333333333334,0.10454682931747139
50,Company_50,Consumer Goods,North America,2019,1240.8,23.2,3442.4,13.2,64.7,71.3,51.7,71.0,173926.1,217407.7,869630.7,140.17254996776273,175.2157479045777,700.8629110251451,64.66666666666667,0.1325301204819278
50,Company_50,Consumer Goods,North America,2020,1240.0,24.8,7104.7,-0.1,66.2,71.9,55.8,70.8,172790.6,215988.2,863952.9,139.34725806451613,174.18403225806452,696.7362096774194,66.16666666666667,-0.0006447453255963298
50,Company_50,Consumer Goods,North America,2021,1428.0,25.5,6635.6,15.2,66.4,72.2,57.5,69.6,198312.6,247890.7,991562.9,138.87436974789915,173.59292717086836,694.3717787114846,66.43333333333332,0.15161290322580645
50,Company_50,Consumer Goods,North America,2022,1786.5,26.0,7860.8,25.1,67.2,74.0,58.8,68.9,243716.9,304646.1,1218584.4,136.4214385670305,170.52678421494542,682.1071368597817,67.23333333333333,0.2510504201680672
50,Company_50,Consumer Goods,North America,2023,1966.1,27.0,10843.2,10.1,68.9,76.9,61.0,68.7,260304.1,325380.2,1301520.7,132.39616499669398,165.49524439245207,661.9809267076954,68.86666666666667,0.10053176602294989
50,Company_50,Consumer Goods,North America,2024,2042.9,27.6,9095.7,3.9,68.8,78.0,61.9,66.5,267185.8,333982.2,1335928.8,130.78750795437855,163.4843604679622,653.9374418718488,68.8,0.039062102639743745
50,Company_50,Consumer Goods,North America,2025,2316.1,29.6,10905.2,13.4,69.3,77.5,63.3,67.1,304406.3,380507.9,1522031.6,131.4305513578861,164.28819999136482,657.1527999654593,69.3,0.13373146017915705
51,Company_51,Transportation,Middle East,2015,119.0,9.7,214.5,9.25,48.4,76.6,66.1,2.5,47389.8,7898.3,157966.1,398.2336134453782,66.37226890756303,1327.446218487395,48.4,
51,Company_51,Transportation,Middle East,2016,116.5,9.0,178.4,-2.1,48.3,73.6,66.9,4.6,47866.0,7977.7,159553.4,410.86695278969955,68.47811158798284,1369.5570815450644,48.36666666666667,-0.021008403361344574
51,Company_51,Transportation,Middle East,2017,127.5,7.9,104.7,9.5,47.7,74.2,64.6,4.3,52045.3,8674.2,173484.3,408.19843137254907,68.0329411764706,1360.661176470588,47.70000000000001,0.09442060085836901
51,Company_51,Transportation,Middle East,2018,145.4,9.6,139.1,14.0,48.0,75.9,65.4,2.8,58353.0,9725.5,194510.0,401.3273727647868,66.8878954607978,1337.757909215956,48.03333333333334,0.1403921568627451
51,Company_51,Transportation,Middle East,2019,158.6,4.1,81.5,9.0,50.3,77.2,68.8,4.9,62726.0,10454.3,209086.7,395.4981084489281,65.91614123581337,1318.3272383354351,50.300000000000004,0.0907840440165062
51,Company_51,Transportation,Middle East,2020,173.8,3.0,91.2,9.6,49.3,76.9,65.4,5.6,69035.6,11505.9,230118.5,397.2128883774453,66.20195627157652,1324.0420023014958,49.300000000000004,0.09583858764186637
51,Company_51,Transportation,Middle East,2021,218.8,3.7,110.8,25.9,49.0,77.8,66.4,2.8,86036.4,14339.4,286788.1,393.2193784277879,65.53656307129799,1310.731718464351,49.0,0.2589182968929804
51,Company_51,Transportation,Middle East,2022,246.4,2.3,67.7,12.6,50.4,80.1,65.8,5.3,94470.5,15745.1,314901.5,383.40300324675326,63.90056818181818,1278.0093344155844,50.4,0.1261425959780622
51,Company_51,Transportation,Middle East,2023,262.8,0.3,7.1,6.6,49.9,79.6,66.7,3.2,101323.1,16887.2,337743.5,385.5521308980213,64.25875190258752,1285.1731354642313,49.833333333333336,0.06655844155844148
51,Company_51,Transportation,Middle East,2024,277.0,-3.9,608.4,5.4,49.0,76.5,67.1,3.4,110484.6,18414.1,368281.9,398.86137184115523,66.4768953068592,1329.537545126354,49.0,0.054033485540334825
51,Company_51,Transportation,Middle East,2025,299.0,-6.5,370.6,7.9,48.8,75.1,66.8,4.5,120948.1,20158.0,403160.2,404.5086956521739,67.41806020066889,1348.361872909699,48.79999999999999,0.07942238267148016
52,Company_52,Consumer Goods,Oceania,2015,1362.2,15.2,2314.3,6.15,64.6,42.9,81.3,69.7,245165.1,306456.4,1225825.6,179.97731610629864,224.9716634855381,899.8866539421524,64.63333333333333,
52,Company_52,Consumer Goods,Oceania,2016,1275.2,16.2,2583.3,-6.4,63.4,42.1,81.8,66.3,230823.0,288528.8,1154115.2,181.00925345043913,226.2616060225847,905.0464240903387,63.4,-0.06386727352811628
52,Company_52,Consumer Goods,Oceania,2017,1443.0,17.8,5058.9,13.2,63.3,43.5,79.9,66.4,258529.2,323161.5,1292646.0,179.16091476091478,223.95114345114345,895.8045738045738,63.26666666666667,0.13158720200752816
52,Company_52,Consumer Goods,Oceania,2018,1496.5,16.8,3548.3,3.7,63.5,44.3,79.7,66.6,266413.5,333016.9,1332067.7,178.02439024390245,222.53050451052457,890.1220848646842,63.53333333333333,0.037075537075537124
52,Company_52,Consumer Goods,Oceania,2019,1586.9,14.4,5547.6,6.0,65.0,46.1,79.1,69.7,278488.1,348110.1,1392440.6,175.49190245132016,219.36486231016445,877.4595752725439,64.96666666666665,0.060407617774807854
52,Company_52,Consumer Goods,Oceania,2020,1664.7,16.8,3608.7,4.9,65.8,44.1,81.9,71.2,296692.2,370865.2,1483460.8,178.22562623896198,222.78200276326064,891.1280110530425,65.73333333333333,0.049026403680131114
52,Company_52,Consumer Goods,Oceania,2021,1787.2,15.8,4145.7,7.4,66.6,42.3,85.1,72.3,323042.4,403802.9,1615211.8,180.75335720680394,225.9416405550582,903.7666741271262,66.56666666666666,0.07358683246230546
52,Company_52,Consumer Goods,Oceania,2022,1812.1,14.9,3233.0,1.4,67.1,45.7,84.3,71.4,319002.6,398753.2,1595012.9,176.0402847524971,220.05032834832517,880.201368577893,67.13333333333334,0.013932408236347227
52,Company_52,Consumer Goods,Oceania,2023,2090.4,12.1,4826.8,15.4,67.8,44.7,87.7,70.9,370831.8,463539.7,1854159.0,177.39753157290468,221.7468905472637,886.9876578645235,67.76666666666667,0.15357872082114676
52,Company_52,Consumer Goods,Oceania,2024,2348.4,15.0,4463.9,12.3,68.5,45.4,90.7,69.2,414270.6,517838.2,2071352.8,176.40546755237608,220.5068131493783,882.0272525975132,68.43333333333334,0.12342135476463834
52,Company_52,Consumer Goods,Oceania,2025,2495.3,14.7,7005.2,6.3,67.4,45.2,88.5,68.6,440918.8,551148.5,2204593.9,176.69971546507432,220.87464433134292,883.4985372500299,67.43333333333332,0.06255322772951799
53,Company_53,Utilities,North America,2015,831.2,10.0,735.2,-2.0,70.4,30.3,93.6,87.2,656789.3,410493.3,6567893.0,790.1699951876805,493.8562319538017,7901.699951876804,70.36666666666666,
53,Company_53,Utilities,North America,2016,843.9,9.8,1086.0,1.5,70.8,33.2,94.5,84.6,653051.9,408157.5,6530519.4,773.8498637279299,483.65623889086385,7738.499111269109,70.76666666666667,0.015279114533204963
53,Company_53,Utilities,North America,2017,825.1,10.2,925.4,-2.2,71.7,34.6,95.6,84.9,632270.9,395169.3,6322709.5,766.2960853229912,478.9350381771906,7662.961459217065,71.7,-0.02227752103329772
53,Company_53,Utilities,North America,2018,786.4,5.9,483.6,-4.7,73.5,35.9,97.8,86.8,596972.7,373107.9,5969727.0,759.1209308240082,474.450534079349,7591.209308240082,73.5,-0.04690340564780027
53,Company_53,Utilities,North America,2019,808.6,4.7,527.2,2.8,73.1,33.1,100.0,86.2,626574.5,391609.1,6265745.1,774.8880781597824,484.30509522631706,7748.880905268365,73.10000000000001,0.02822990844354023
53,Company_53,Utilities,North America,2020,809.3,5.5,590.9,0.1,73.5,34.9,100.0,85.5,618659.2,386662.0,6186591.6,764.4374150500432,477.77338440627705,7644.373656246139,73.46666666666667,0.0008656937917386198
53,Company_53,Utilities,North America,2021,794.7,8.0,712.5,-1.8,73.9,34.0,99.0,88.6,611481.2,382175.8,6114812.3,769.4491002894173,480.9057505977098,7694.491380395117,73.86666666666666,-0.018040281724947427
53,Company_53,Utilities,North America,2022,728.6,8.8,846.4,-8.3,74.4,32.2,100.0,91.2,568109.1,355068.2,5681090.6,779.7270107054625,487.329398847104,7797.269558056546,74.46666666666665,-0.08317604127343659
53,Company_53,Utilities,North America,2023,681.8,6.5,656.8,-6.4,72.7,33.0,98.7,86.5,528456.4,330285.3,5284564.4,775.0900557348197,484.43135816955123,7750.9011440305085,72.73333333333333,-0.06423277518528692
53,Company_53,Utilities,North America,2024,677.9,7.9,697.6,-0.6,71.9,33.3,96.0,86.4,524297.2,327685.7,5242971.9,773.4137778433396,483.38353739489605,7734.1376309190155,71.9,-0.005720152537400991
53,Company_53,Utilities,North America,2025,656.7,9.4,730.7,-3.1,72.7,35.2,97.4,85.5,500784.5,312990.3,5007844.9,762.5772803410994,476.6107811786203,7625.77265113446,72.7,-0.03127304912228934
54,Company_54,Healthcare,Oceania,2015,4068.0,18.8,18841.7,11.35,59.7,17.3,85.4,76.5,439006.8,439006.8,878013.6,107.91710914454276,107.91710914454276,215.83421828908553,59.73333333333333,
54,Company_54,Healthcare,Oceania,2016,4290.6,18.0,12695.7,5.5,60.4,19.0,86.9,75.3,457870.2,457870.2,915740.4,106.71472521325688,106.71472521325688,213.42945042651377,60.4,0.054719764011799565
54,Company_54,Healthcare,Oceania,2017,5226.3,19.4,13132.8,21.8,60.5,21.2,83.6,76.6,549450.0,549450.0,1098900.0,105.13173755811951,105.13173755811951,210.26347511623902,60.46666666666666,0.21808138721857073
54,Company_54,Healthcare,Oceania,2018,5888.0,20.9,25557.4,12.7,61.7,22.1,84.2,78.7,615583.0,615583.0,1231166.1,104.54874320652173,104.54874320652173,209.09750339673914,61.666666666666664,0.1266096473604652
54,Company_54,Healthcare,Oceania,2019,6018.5,21.8,19068.4,2.2,64.0,28.0,87.2,76.9,604084.7,604084.7,1208169.3,100.37130514247735,100.37130514247735,200.74259366951898,64.03333333333335,0.022163722826086918
54,Company_54,Healthcare,Oceania,2020,6555.2,25.4,40924.2,8.9,64.1,26.0,88.4,77.7,667091.2,667091.2,1334182.4,101.76519404442274,101.76519404442274,203.53038808884548,64.03333333333335,0.08917504361551876
54,Company_54,Healthcare,Oceania,2021,7213.1,29.1,26990.4,10.0,66.3,29.3,92.0,77.7,717721.4,717721.4,1435442.9,99.50248852781745,99.50248852781745,199.0049909192996,66.33333333333333,0.10036307053941917
54,Company_54,Healthcare,Oceania,2022,8946.8,23.9,38048.8,24.0,67.2,31.0,93.6,77.1,879501.2,879501.2,1759002.3,98.30343810077346,98.30343810077346,196.60686502436627,67.23333333333333,0.24035435527027205
54,Company_54,Healthcare,Oceania,2023,10734.2,22.0,39066.1,20.0,67.4,32.9,90.7,78.7,1041034.6,1041034.6,2082069.2,96.98297031916677,96.98297031916677,193.96594063833354,67.43333333333334,0.1997809272589084
54,Company_54,Healthcare,Oceania,2024,11283.7,22.0,37001.2,5.1,67.0,35.5,87.0,78.6,1073475.8,1073475.8,2146951.5,95.13508866772423,95.13508866772423,190.27016847310722,67.03333333333333,0.05119151869724803
54,Company_54,Healthcare,Oceania,2025,13316.3,22.9,52639.8,18.0,69.5,41.3,88.3,78.9,1212958.1,1212958.1,2425916.1,91.08822270450501,91.08822270450501,182.17643789941653,69.5,0.1801359483148257
55,Company_55,Finance,Latin America,2015,713.6,12.1,1217.9,-1.5,72.0,99.9,70.2,46.0,7148.4,3574.2,17871.0,10.01737668161435,5.008688340807175,25.043441704035875,72.03333333333335,
55,Company_55,Finance,Latin America,2016,662.8,11.6,706.1,-7.1,73.8,99.2,73.9,48.1,6698.0,3349.0,16745.0,10.105612552806278,5.052806276403139,25.26403138201569,73.73333333333333,-0.07118834080717495
55,Company_55,Finance,Latin America,2017,699.7,8.8,825.0,5.6,73.6,100.0,74.2,46.7,6997.2,3498.6,17493.0,10.000285836787194,5.000142918393597,25.000714591967984,73.63333333333333,0.05567290283645154
55,Company_55,Finance,Latin America,2018,648.4,10.5,1043.6,-7.3,73.1,100.0,71.4,47.8,6484.3,3242.1,16210.7,10.000462677359655,5.000154225786551,25.001079580505863,73.06666666666666,-0.07331713591539235
55,Company_55,Finance,Latin America,2019,687.5,9.7,978.1,6.0,74.1,99.1,72.0,51.0,6959.7,3479.9,17399.4,10.123199999999999,5.061672727272727,25.308218181818184,74.03333333333333,0.06030228254164105
55,Company_55,Finance,Latin America,2020,616.1,10.1,1199.1,-10.4,73.8,99.0,70.5,52.0,6243.7,3121.8,15609.1,10.134231455932477,5.06703457230969,25.335335172861548,73.83333333333333,-0.10385454545454542
55,Company_55,Finance,Latin America,2021,674.1,11.0,958.2,9.4,75.2,100.0,72.7,53.0,6740.7,3370.4,16851.9,9.999554962171784,4.999851654057261,24.99910992434357,75.23333333333333,0.09414056159714335
55,Company_55,Finance,Latin America,2022,709.4,10.2,757.6,5.2,75.7,99.5,73.5,54.1,7146.8,3573.4,17867.0,10.074429095009869,5.037214547504934,25.18607273752467,75.7,0.052366117786678545
55,Company_55,Finance,Latin America,2023,655.8,12.4,827.2,-7.5,77.7,100.0,77.3,55.7,6558.1,3279.0,16395.2,10.000152485513878,5.0,25.000304971027756,77.66666666666667,-0.07555680857062308
55,Company_55,Finance,Latin America,2024,600.6,12.2,995.7,-8.4,77.5,100.0,77.0,55.6,6006.4,3003.2,15015.9,10.000666000666,5.000333000333,25.0014985014985,77.53333333333333,-0.08417200365965227
55,Company_55,Finance,Latin America,2025,625.3,10.8,882.9,4.1,77.9,100.0,77.6,56.0,6253.4,3126.7,15633.6,10.000639692947386,5.000319846473693,25.001759155605313,77.86666666666666,0.04112554112554112
56,Company_56,Utilities,North America,2015,702.2,10.2,1034.9,2.65,57.3,24.8,60.8,86.3,576680.5,360425.3,5766804.7,821.2482198803759,513.2801196240387,8212.481771575049,57.29999999999999,
56,Company_56,Utilities,North America,2016,729.0,9.4,898.1,3.8,56.8,25.5,60.1,84.8,595894.9,372434.3,5958948.7,817.4141289437586,510.8838134430727,8174.140877914952,56.79999999999999,0.038165764739390484
56,Company_56,Utilities,North America,2017,669.1,11.2,825.5,-8.2,57.2,25.5,60.2,85.8,546924.5,341827.8,5469245.2,817.403228217008,510.87699895381854,8174.032581079062,57.166666666666664,-0.08216735253772289
56,Company_56,Utilities,North America,2018,720.9,10.0,776.0,7.7,58.0,24.3,64.9,84.6,593967.3,371229.5,5939672.6,823.9246774864753,514.9528367318629,8239.246220002775,57.93333333333334,0.07741742639366311
56,Company_56,Utilities,North America,2019,756.3,9.8,838.1,4.9,57.4,24.7,64.5,83.1,621629.1,388518.2,6216290.8,821.9345497818326,513.7091101414783,8219.345233373,57.43333333333334,0.049105285060341286
56,Company_56,Utilities,North America,2020,720.2,9.6,834.0,-4.8,61.0,29.0,67.0,86.9,574340.5,358962.8,5743404.6,797.4736184393223,498.42099416828654,7974.735628991945,60.96666666666667,-0.04773238133015989
56,Company_56,Utilities,North America,2021,682.1,9.8,537.5,-5.3,61.5,24.8,69.7,90.0,560129.3,350080.8,5601292.6,821.1835507990031,513.2397009236182,8211.834921565753,61.5,-0.05290197167453492
56,Company_56,Utilities,North America,2022,673.7,9.2,921.1,-1.2,60.6,25.9,64.7,91.0,548975.4,343109.6,5489754.2,814.866260947009,509.2913759833753,8148.662906338132,60.53333333333333,-0.01231490983726724
56,Company_56,Utilities,North America,2023,694.0,11.2,1093.3,3.0,58.7,27.7,62.2,86.2,558755.9,349222.4,5587559.0,805.1237752161384,503.2023054755044,8051.2377521613835,58.70000000000001,0.030132106278758952
56,Company_56,Utilities,North America,2024,710.2,11.1,1012.6,2.3,57.4,27.1,62.6,82.3,573908.3,358692.7,5739083.3,808.0939172064208,505.0587158546888,8080.939594480427,57.333333333333336,0.023342939481268088
56,Company_56,Utilities,North America,2025,774.0,10.7,1141.1,9.0,57.9,28.8,61.8,83.0,618332.8,386458.0,6183328.3,798.8795865633075,499.2997416020672,7988.796253229974,57.86666666666667,0.08983384961982543
57,Company_57,Utilities,Middle East,2015,828.6,4.5,521.1,2.35,28.7,28.5,19.8,37.7,663293.7,414558.6,6632937.0,800.4992758870383,500.31209268645904,8004.992758870383,28.666666666666668,
57,Company_57,Utilities,Middle East,2016,818.8,4.3,461.1,-1.2,29.9,31.4,20.9,37.2,641918.0,401198.7,6419179.7,783.9741084513923,489.98375671714706,7839.740718124085,29.833333333333332,-0.011827178373159608
57,Company_57,Utilities,Middle East,2017,754.0,3.5,216.2,-7.9,28.8,32.2,19.2,35.1,587759.0,367349.4,5877590.1,779.5212201591512,487.2007957559682,7795.212334217506,28.833333333333332,-0.07914020517830966
57,Company_57,Utilities,Middle East,2018,874.0,3.2,331.2,15.9,28.2,35.1,14.9,34.6,667214.9,417009.3,6672148.5,763.4037757437071,477.12734553775744,7634.037185354691,28.2,0.15915119363395225
57,Company_57,Utilities,Middle East,2019,950.4,0.9,120.7,8.7,28.1,36.1,16.5,31.6,720096.0,450060.0,7200959.6,757.6767676767677,473.5479797979798,7576.767255892256,28.066666666666666,0.08741418764302056
57,Company_57,Utilities,Middle East,2020,913.9,-1.6,1604.4,-3.8,28.8,38.3,17.3,30.9,681148.2,425717.6,6811482.4,745.3202757413284,465.8251449830397,7453.203195097933,28.833333333333332,-0.038404882154882136
57,Company_57,Utilities,Middle East,2021,946.6,-5.9,1575.6,3.6,28.8,38.2,17.2,31.1,706345.9,441466.2,7063459.5,746.1925839847877,466.37037819564756,7461.926368054088,28.833333333333332,0.035780719991246324
57,Company_57,Utilities,Middle East,2022,975.2,-4.6,514.7,3.0,30.0,39.5,17.8,32.7,720654.4,450409.0,7206544.0,738.9811320754717,461.8632075471698,7389.811320754717,30.0,0.030213395309528934
57,Company_57,Utilities,Middle East,2023,1123.9,-5.3,4269.9,15.2,32.7,44.4,22.9,30.8,799196.1,499497.6,7991961.1,711.0918231159355,444.43242281341753,7110.9183201352425,32.699999999999996,0.15248154224774413
57,Company_57,Utilities,Middle East,2024,1084.2,-1.6,1650.9,-3.5,34.9,45.4,27.1,32.2,765395.2,478372.0,7653952.4,705.9538830474081,441.2211769046301,7059.539199409703,34.9,-0.035323427351187875
57,Company_57,Utilities,Middle East,2025,1102.7,-1.5,3585.0,1.7,35.7,48.9,26.4,31.9,756423.0,472764.4,7564230.2,685.97351954294,428.73347238596176,6859.735376802394,35.73333333333333,0.01706327245895589
58,Company_58,Transportation,Oceania,2015,362.5,4.7,240.7,7.65,37.8,14.1,64.1,35.1,239487.1,39914.5,798290.5,660.6540689655172,110.10896551724137,2202.1806896551725,37.76666666666666,
58,Company_58,Transportation,Oceania,2016,406.5,7.9,596.7,12.2,37.3,14.5,61.5,36.1,267947.5,44657.9,893158.2,659.1574415744158,109.85953259532596,2197.191143911439,37.36666666666667,0.12137931034482752
58,Company_58,Transportation,Oceania,2017,442.9,5.5,271.6,8.9,39.3,14.9,65.2,37.8,291144.4,48524.1,970481.2,657.3592233009709,109.55994581169564,2191.197109957101,39.300000000000004,0.08954489544895439
58,Company_58,Transportation,Oceania,2018,471.1,3.1,211.4,6.4,41.1,19.8,66.0,37.3,299933.1,49988.8,999777.0,636.6654638081086,106.11080450010614,2122.2182126936955,41.03333333333333,0.06367125762023051
58,Company_58,Transportation,Oceania,2019,526.5,1.7,85.1,11.8,40.8,19.3,65.8,37.3,336361.8,56060.3,1121206.0,638.8638176638176,106.47730294396962,2129.546058879392,40.8,0.11759711313946086
58,Company_58,Transportation,Oceania,2020,537.3,2.3,211.6,2.1,42.7,20.5,69.5,38.1,340653.3,56775.5,1135511.0,634.0094919039643,105.66815559277872,2113.3649730132142,42.699999999999996,0.02051282051282044
58,Company_58,Transportation,Oceania,2021,626.4,5.3,429.1,16.6,42.1,22.7,69.8,33.8,391365.9,65227.7,1304553.0,624.78591954023,104.13106641123882,2082.619731800766,42.1,0.16582914572864338
58,Company_58,Transportation,Oceania,2022,652.9,4.7,609.2,4.2,41.9,22.2,67.3,36.2,409167.9,68194.7,1363893.0,626.6930617246134,104.44892020217492,2088.976872415378,41.9,0.042305236270753444
58,Company_58,Transportation,Oceania,2023,711.0,0.4,55.0,8.9,41.8,21.7,66.3,37.4,447049.9,74508.3,1490166.2,628.7621659634318,104.79367088607596,2095.873699015471,41.800000000000004,0.08898759381222243
58,Company_58,Transportation,Oceania,2024,739.7,-1.5,1102.5,4.0,42.8,23.8,66.1,38.4,458627.6,76437.9,1528758.6,620.018385832094,103.33635257536838,2066.7278626470193,42.76666666666666,0.0403656821378342
58,Company_58,Transportation,Oceania,2025,742.1,0.8,93.4,0.3,42.7,23.2,66.6,38.4,461953.1,76992.2,1539843.5,622.4944077617571,103.74909041908099,2074.981134617976,42.73333333333333,0.0032445586048397423
59,Company_59,Utilities,Africa,2015,643.4,12.2,665.1,0.8,29.7,28.7,38.8,21.5,514184.0,321365.0,5141839.9,799.1669257071807,499.4793285669879,7991.669101647499,29.666666666666668,
59,Company_59,Utilities,Africa,2016,583.9,13.8,814.1,-9.2,31.1,31.2,38.1,23.8,458409.4,286505.9,4584094.3,785.082034594965,490.67631443740373,7850.820859736256,31.03333333333333,-0.09247746347528751
59,Company_59,Utilities,Africa,2017,660.0,13.2,1116.4,13.0,33.8,34.4,41.8,25.2,506433.6,316521.0,5064336.0,767.3236363636363,479.5772727272727,7673.236363636363,33.8,0.13033053605069367
59,Company_59,Utilities,Africa,2018,738.0,12.9,981.2,11.8,34.0,31.9,44.2,26.1,576747.7,360467.3,5767477.3,781.500948509485,488.4380758807588,7815.009891598916,34.06666666666666,0.11818181818181817
59,Company_59,Utilities,Africa,2019,849.8,14.4,1423.3,15.2,33.3,28.9,44.5,26.6,678077.5,423798.4,6780775.0,797.9259825841375,498.7036949870558,7979.259825841375,33.333333333333336,0.1514905149051491
59,Company_59,Utilities,Africa,2020,740.3,12.7,1054.9,-12.9,34.2,28.2,45.8,28.5,593541.7,370963.6,5935417.0,801.7583412130217,501.0990139132784,8017.583412130218,34.166666666666664,-0.12885384796422683
59,Company_59,Utilities,Africa,2021,743.9,12.2,1237.6,0.5,35.5,28.4,46.9,31.1,595707.9,372317.4,5957078.8,800.7902943944079,500.4938835865036,8007.902675090738,35.46666666666667,0.004862893421585968
59,Company_59,Utilities,Africa,2022,761.4,15.0,1277.7,2.4,36.5,31.4,46.3,31.7,597080.6,373175.3,5970805.5,784.1878119254005,490.11728395061726,7841.877462568952,36.46666666666666,0.023524667293991053
59,Company_59,Utilities,Africa,2023,706.8,15.3,1195.0,-7.2,36.5,33.2,43.2,33.0,547179.3,341987.0,5471792.7,774.164261460102,483.85257498585173,7741.642190152802,36.46666666666667,-0.07171000788022064
59,Company_59,Utilities,Africa,2024,650.2,14.6,826.2,-8.0,37.2,35.1,39.0,37.5,496492.3,310307.7,4964923.3,763.5993540449092,477.24961550292215,7635.994001845585,37.199999999999996,-0.08007923033389919
59,Company_59,Utilities,Africa,2025,657.1,13.4,1238.7,1.1,38.6,36.9,41.7,37.2,495004.1,309377.5,4950040.6,753.3162380155227,470.8225536448029,7533.161771419875,38.6,0.010612119347892968
60,Company_60,Manufacturing,Middle East,2015,915.8,8.7,1574.0,4.05,31.1,44.0,42.4,6.8,245007.7,326676.9,4083461.6,267.53406857392446,356.7120550338502,4458.901070102643,31.066666666666666,
60,Company_60,Manufacturing,Middle East,2016,1089.8,12.0,1284.6,19.0,32.2,44.8,44.6,7.1,289857.8,386477.1,4830964.1,265.97338961277296,354.63121673701596,4432.890530372545,32.166666666666664,0.18999781611705613
60,Company_60,Manufacturing,Middle East,2017,1139.1,13.4,2200.0,4.5,32.9,47.5,44.9,6.3,296376.9,395169.2,4939614.9,260.1851461680274,346.91352822403655,4336.419015011852,32.9,0.045237658285923965
60,Company_60,Manufacturing,Middle East,2018,1302.3,13.2,2927.8,14.3,32.2,49.1,41.5,6.1,334678.6,446238.1,5577976.7,256.99040159717424,342.65384320049145,4283.173385548645,32.23333333333333,0.14327100342375565
60,Company_60,Manufacturing,Middle East,2019,1159.5,16.7,3338.1,-11.0,32.1,47.9,40.1,8.5,300844.7,401126.3,5014078.3,259.46071582578696,345.9476498490729,4324.345235015093,32.166666666666664,-0.1096521538815941
60,Company_60,Manufacturing,Middle East,2020,1175.1,15.7,3175.4,1.3,31.4,49.1,39.6,5.4,301905.8,402541.1,5031763.7,256.91924091566676,342.55901625393585,4281.987660624628,31.36666666666667,0.013454075032341528
60,Company_60,Manufacturing,Middle East,2021,1045.1,16.3,3321.0,-11.1,30.3,49.0,39.2,2.9,268771.6,358362.1,4479526.4,257.17309348387715,342.8974260836284,4286.217969572291,30.36666666666667,-0.1106288826482853
60,Company_60,Manufacturing,Middle East,2022,1153.7,12.4,1524.1,10.4,30.7,51.1,41.0,0.0,291616.7,388822.3,4860279.1,252.76649042212014,337.0220161220421,4212.775504897287,30.7,0.10391350110037334
60,Company_60,Manufacturing,Middle East,2023,1169.2,10.2,2207.8,1.3,30.8,52.3,39.0,1.2,292583.6,390111.5,4876393.4,250.24255901471088,333.65677386247006,4170.709373930893,30.833333333333332,0.013435035104446547
60,Company_60,Manufacturing,Middle East,2024,1211.5,8.9,953.1,3.6,33.3,55.6,40.1,4.2,294776.9,393035.8,4912947.6,243.3156417664053,324.4208006603384,4055.260090796533,33.300000000000004,0.036178583646937934
60,Company_60,Manufacturing,Middle East,2025,1335.2,6.0,1320.5,10.2,34.5,53.9,42.1,7.5,329543.8,439391.7,5492396.4,246.812312762133,329.0830587177951,4113.538346315159,34.5,0.10210482872472149
61,Company_61,Consumer Goods,Oceania,2015,1921.2,11.3,4407.9,5.1,76.0,81.2,53.1,93.6,242777.8,303472.3,1213889.1,126.36779096398084,157.95976473037683,631.8390068707058,75.96666666666667,
61,Company_61,Consumer Goods,Oceania,2016,1967.2,12.4,4267.3,2.4,77.4,84.2,53.4,94.5,240190.5,300238.2,1200952.7,122.09765148434323,152.6221024806832,610.4883590890605,77.36666666666666,0.0239433687278785
61,Company_61,Consumer Goods,Oceania,2017,2076.0,11.7,2559.7,5.5,79.3,86.5,55.3,96.1,246755.1,308443.9,1233775.6,118.86083815028903,148.5760597302505,594.304238921002,79.3,0.05530703538023585
61,Company_61,Consumer Goods,Oceania,2018,2031.9,11.7,2430.0,-2.1,78.7,86.3,54.5,95.3,242265.5,302831.9,1211327.7,119.23101530587135,149.0387814360943,596.1551749593975,78.7,-0.021242774566473943
61,Company_61,Consumer Goods,Oceania,2019,2047.0,13.4,6420.3,0.7,78.7,83.5,56.8,95.8,251971.1,314963.9,1259855.7,123.09286761113826,153.86609672691745,615.4644357596483,78.7,0.007431468084059256
61,Company_61,Consumer Goods,Oceania,2020,2328.3,10.1,5428.6,13.7,78.7,83.9,58.3,93.8,285235.5,356544.4,1426177.4,122.50805308594252,153.1350770948761,612.5402224799209,78.66666666666667,0.13742061553492935
61,Company_61,Consumer Goods,Oceania,2021,2499.7,7.1,3574.8,7.4,78.0,85.1,56.1,92.7,302082.9,377603.7,1510414.6,120.84766171940635,151.05960715285835,604.2383486018323,77.96666666666665,0.07361594296267637
61,Company_61,Consumer Goods,Oceania,2022,2636.7,6.0,2945.2,5.5,82.7,88.2,61.4,98.6,307372.5,384215.7,1536862.7,116.57469564228013,145.71839799749688,582.8735540637919,82.73333333333333,0.054806576789214745
61,Company_61,Consumer Goods,Oceania,2023,2760.8,4.1,1921.5,4.7,83.6,90.6,62.9,97.3,312391.8,390489.8,1561959.1,113.15263691683569,141.44081425673716,565.7632208055636,83.60000000000001,0.04706640876853663
61,Company_61,Consumer Goods,Oceania,2024,2937.6,2.9,1006.9,6.4,82.7,90.6,60.8,96.6,332351.0,415438.8,1661755.2,113.13691448801744,141.42116013071896,565.6846405228758,82.66666666666666,0.06403940886699488
61,Company_61,Consumer Goods,Oceania,2025,3061.3,0.4,222.0,4.2,81.8,91.2,59.1,95.0,344008.9,430011.1,1720044.4,112.37346878776991,140.46682781824714,561.8673112729886,81.76666666666667,0.04210920479302849
62,Company_62,Technology,Asia,2015,2955.8,17.6,17077.6,13.75,62.3,92.3,28.3,66.2,81855.8,49113.5,163711.6,27.69328100683402,16.61597537045808,55.38656201366804,62.26666666666667,
62,Company_62,Technology,Asia,2016,3073.2,20.3,12745.9,4.0,61.3,93.2,26.1,64.5,84187.1,50512.3,168374.3,27.393954184563324,16.43638552648705,54.78794090849928,61.26666666666667,0.03971851952094174
62,Company_62,Technology,Asia,2017,3615.4,22.9,17389.5,17.6,61.8,92.4,26.4,66.6,100064.4,60038.6,200128.7,27.677269458427833,16.606350611273992,55.354511257398904,61.800000000000004,0.1764284784589354
62,Company_62,Technology,Asia,2018,4131.5,27.2,22211.7,14.3,61.9,91.7,27.1,66.8,115316.0,69189.6,230631.9,27.911412319980638,16.746847391988382,55.82280043567712,61.866666666666674,0.14275045638103667
62,Company_62,Technology,Asia,2019,4531.9,26.8,36043.5,9.7,61.2,89.7,27.9,66.0,129612.0,77767.2,259224.0,28.59992497627927,17.15995498576756,57.19984995255854,61.199999999999996,0.09691395376981715
62,Company_62,Technology,Asia,2020,5322.5,25.8,31526.8,17.4,60.3,90.2,29.3,61.2,151256.6,90754.0,302513.2,28.418337247534055,17.051009863785815,56.83667449506811,60.23333333333333,0.17445221650963183
62,Company_62,Technology,Asia,2021,6220.5,26.5,29217.3,16.9,61.2,92.0,28.0,63.5,172838.2,103702.9,345676.4,27.78525841974118,16.671151836669075,55.57051683948236,61.166666666666664,0.16871770784405826
62,Company_62,Technology,Asia,2022,7338.6,24.4,44249.0,18.0,60.8,90.9,28.8,62.7,206777.2,124066.3,413554.4,28.17665494781021,16.90599024337067,56.35330989562042,60.800000000000004,0.17974439353749694
62,Company_62,Technology,Asia,2023,8306.3,28.6,41673.3,13.2,60.9,88.5,30.7,63.4,240982.8,144589.7,481965.6,29.01205109374812,17.407233064059813,58.02410218749624,60.86666666666667,0.131864388302946
62,Company_62,Technology,Asia,2024,9208.2,27.6,57946.1,10.9,62.1,91.4,29.2,65.6,258059.6,154835.8,516119.2,28.024977737234202,16.81499098629482,56.049955474468405,62.06666666666666,0.10858023428000463
62,Company_62,Technology,Asia,2025,10231.1,27.8,79270.5,11.1,60.6,91.6,26.3,64.1,285937.9,171562.7,571875.7,27.94791371406789,16.768744318792702,55.895817654015694,60.666666666666664,0.11108577137768516
63,Company_63,Consumer Goods,Europe,2015,854.0,15.8,1637.2,3.25,65.6,39.9,69.7,87.0,157203.4,196504.3,786017.2,184.07892271662763,230.0987119437939,920.3948477751755,65.53333333333333,
63,Company_63,Consumer Goods,Europe,2016,845.2,16.6,1900.9,-1.0,66.2,43.1,71.1,84.4,151808.9,189761.1,759044.5,179.6129910080454,224.51620918125886,898.0649550402271,66.2,-0.01030444964871191
63,Company_63,Consumer Goods,Europe,2017,882.9,17.4,2564.5,4.5,66.4,45.8,68.7,84.8,155274.9,194093.6,776374.6,175.86918110771322,219.83644806886397,879.3460188016763,66.43333333333334,0.04460482725982007
63,Company_63,Consumer Goods,Europe,2018,867.4,20.0,4325.6,-1.8,64.4,42.8,63.5,86.9,156228.6,195285.7,781142.8,180.11136730458844,225.13915148720315,900.5566059488126,64.39999999999999,-0.017555782081775995
63,Company_63,Consumer Goods,Europe,2019,945.1,19.5,3839.0,9.0,67.6,46.6,63.6,92.7,165215.2,206519.0,826075.9,174.81240080414773,218.51550100518463,874.0618982118294,67.63333333333334,0.08957804934286373
63,Company_63,Consumer Goods,Europe,2020,1011.3,16.8,2325.2,7.0,68.5,47.1,65.3,93.3,176075.5,220094.3,880377.4,174.10807871057057,217.63502422624344,870.5402946702266,68.56666666666666,0.07004549783091729
63,Company_63,Consumer Goods,Europe,2021,1135.4,18.2,2468.3,12.3,69.9,52.4,64.2,93.3,189253.6,236567.0,946268.1,166.68451646996652,208.35564558745816,833.4226704245199,69.96666666666665,0.12271333926629113
63,Company_63,Consumer Goods,Europe,2022,1157.7,22.4,5624.9,2.0,70.4,52.2,63.8,95.2,193188.4,241485.5,965941.9,166.87259220868964,208.59074026086205,834.3628746652846,70.39999999999999,0.019640655275673824
63,Company_63,Consumer Goods,Europe,2023,1239.1,21.1,4651.3,7.0,72.0,56.6,61.8,97.6,199250.6,249063.2,996252.9,160.80267936405457,201.00330885319994,804.0133161165363,72.0,0.07031182517059675
63,Company_63,Consumer Goods,Europe,2024,1262.4,21.5,6659.4,1.9,72.8,58.5,60.2,99.8,199528.2,249410.2,997640.8,158.0546577946768,197.5682826362484,790.2731305449936,72.83333333333333,0.018803970623840094
63,Company_63,Consumer Goods,Europe,2025,1282.8,22.9,5652.2,1.6,72.9,61.7,58.3,98.7,196984.4,246230.5,984921.8,153.55815403804178,191.94769254755224,767.7906142812598,72.89999999999999,0.016159695817490327
64,Company_64,Consumer Goods,Asia,2015,1334.6,10.0,2949.3,6.9,35.5,41.0,36.5,29.1,243651.2,304563.9,1218255.8,182.56496328487938,228.2061291772816,912.8246665667617,35.53333333333333,
64,Company_64,Consumer Goods,Asia,2016,1432.6,8.3,2782.2,7.3,35.8,40.1,37.7,29.7,263381.2,329226.5,1316906.2,183.84838754711714,229.81048443389642,919.2420773418959,35.833333333333336,0.07343024127079278
64,Company_64,Consumer Goods,Asia,2017,1366.9,10.7,2209.5,-4.6,37.3,43.3,39.4,29.1,245172.3,306465.4,1225861.7,179.36374277562365,224.20469675908993,896.8188601946008,37.26666666666666,-0.04586067290241502
64,Company_64,Consumer Goods,Asia,2018,1456.8,7.7,2762.4,6.6,37.5,44.9,37.3,30.4,258151.9,322689.9,1290759.7,177.20476386600768,221.50597199341024,886.0239566172432,37.53333333333333,0.06576925890701579
64,Company_64,Consumer Goods,Asia,2019,1514.3,6.4,2388.3,3.9,39.5,42.8,38.3,37.3,272716.2,340895.2,1363580.9,180.09390477448326,225.11734794954765,900.4694578353034,39.46666666666666,0.03947007138934655
64,Company_64,Consumer Goods,Asia,2020,1694.8,4.3,741.6,11.9,40.1,44.0,37.7,38.6,302275.9,377844.9,1511379.5,178.3549091338211,222.94365116827947,891.7745456691056,40.1,0.1191969887076536
64,Company_64,Consumer Goods,Asia,2021,1757.3,4.8,1898.1,3.7,40.8,46.1,36.6,39.8,308324.5,385405.7,1541622.6,175.45353667558186,219.31696352358733,877.2677402833893,40.833333333333336,0.03687750767052167
64,Company_64,Consumer Goods,Asia,2022,1736.7,6.2,1592.7,-1.2,42.2,47.4,39.7,39.6,301543.0,376928.8,1507715.0,173.62987274716417,217.03736972418955,868.1493637358208,42.23333333333333,-0.011722528879531069
64,Company_64,Consumer Goods,Asia,2023,1883.8,4.7,1728.6,8.5,44.3,48.8,41.1,43.0,323426.1,404282.7,1617130.6,171.68813037477437,214.61020278161163,858.4407049580635,44.300000000000004,0.08470086946507749
64,Company_64,Consumer Goods,Asia,2024,2018.6,2.9,1390.8,7.2,44.9,51.1,40.0,43.6,339971.7,424964.6,1699858.3,168.41954820172398,210.52442286733378,842.0976419300506,44.9,0.07155749017942448
64,Company_64,Consumer Goods,Asia,2025,2299.3,4.9,1570.0,13.9,45.9,53.2,40.2,44.3,380494.3,475617.8,1902471.3,165.4826686382812,206.85330317922845,827.4132562084112,45.9,0.13905677202021227
65,Company_65,Transportation,Europe,2015,817.4,4.4,695.8,0.2,61.8,25.8,91.4,68.3,500066.9,83344.5,1666889.8,611.7774651333497,101.96293124541229,2039.2583802299976,61.833333333333336,
65,Company_65,Transportation,Europe,2016,787.0,5.0,351.7,-3.7,62.2,29.0,91.7,66.0,470838.1,78473.0,1569460.3,598.2695044472681,99.71156289707751,1994.2316391359593,62.23333333333333,-0.037191093711768985
65,Company_65,Transportation,Europe,2017,737.9,1.6,172.0,-6.2,64.8,32.7,92.9,68.7,430074.6,71679.1,1433582.0,582.8358856213579,97.13931427022632,1942.7862854045263,64.76666666666667,-0.06238881829733167
65,Company_65,Transportation,Europe,2018,733.2,0.5,55.4,-0.6,65.9,33.3,94.8,69.5,425250.1,70875.0,1417500.4,579.9919530823786,96.66530278232405,1933.306601200218,65.86666666666666,-0.006369426751592244
65,Company_65,Transportation,Europe,2019,777.3,1.1,154.9,6.0,68.8,35.6,100.0,70.7,443405.4,73900.9,1478018.1,570.4430721729062,95.07384536215103,1901.4770358934777,68.76666666666667,0.06014729950900155
65,Company_65,Transportation,Europe,2020,805.1,0.2,29.1,3.6,68.6,37.1,100.0,68.7,454299.1,75716.5,1514330.2,564.2766116010433,94.04608123214507,1880.9218730592472,68.60000000000001,0.03576482696513583
65,Company_65,Transportation,Europe,2021,868.3,-2.3,3862.1,7.9,69.5,37.2,100.0,71.3,489696.0,81616.0,1632319.9,563.9709777726592,93.99516296210987,1879.9031440746285,69.5,0.07849956527139468
65,Company_65,Transportation,Europe,2022,824.0,-5.3,1095.9,-5.1,68.3,36.3,96.9,71.7,467682.3,77947.1,1558941.1,567.5756067961165,94.59599514563108,1891.9188106796119,68.3,-0.05101923298399169
65,Company_65,Transportation,Europe,2023,831.9,-4.9,2901.7,1.0,68.5,37.2,94.2,74.3,469123.6,78187.3,1563745.4,563.9182594061787,93.98641663661499,1879.7276114917659,68.56666666666666,0.009587378640776745
65,Company_65,Transportation,Europe,2024,803.7,-7.6,3361.5,-3.4,70.5,42.9,92.8,75.9,433816.0,72302.7,1446053.3,539.7735473435362,89.96229936543486,1799.2451163369417,70.53333333333333,-0.03389830508474567
65,Company_65,Transportation,Europe,2025,814.4,-4.4,1099.8,1.3,68.9,42.0,91.4,73.2,442830.5,73805.1,1476101.7,543.7506139489194,90.6251227897839,1812.5020874263262,68.86666666666667,0.013313425407490254
66,Company_66,Consumer Goods,Middle East,2015,1300.1,16.3,3140.1,5.1,60.5,98.0,55.4,28.1,133722.0,167152.5,668610.0,102.85516498730867,128.56895623413584,514.2758249365434,60.5,
66,Company_66,Consumer Goods,Middle East,2016,1318.3,17.0,4211.8,1.4,60.7,96.8,57.1,28.2,137705.3,172131.6,688526.5,104.45672456952134,130.57088674808466,522.2836228476068,60.699999999999996,0.013998923159757037
66,Company_66,Consumer Goods,Middle East,2017,1412.6,18.9,5234.5,7.2,60.1,94.8,56.2,29.4,151562.1,189452.7,757810.7,107.29300580489878,134.11631034970978,536.4651706073906,60.13333333333333,0.07153151786391554
66,Company_66,Consumer Goods,Middle East,2018,1500.0,21.3,5453.6,6.2,61.0,96.4,55.8,30.9,157493.7,196867.1,787468.5,104.9958,131.24473333333333,524.979,61.03333333333333,0.06187172589551193
66,Company_66,Consumer Goods,Middle East,2019,1478.9,22.4,5821.7,-1.4,60.9,95.8,54.2,32.7,156494.8,195618.5,782473.9,105.81837852457906,132.27297315572383,529.0918250050713,60.9,-0.01406666666666656
66,Company_66,Consumer Goods,Middle East,2020,1550.4,26.6,9831.8,4.8,61.8,94.0,54.2,37.0,168022.3,210027.8,840111.4,108.37351651186789,135.46684726522187,541.8675180598555,61.73333333333333,0.04834674420177154
66,Company_66,Consumer Goods,Middle East,2021,1727.3,25.8,6331.7,11.4,60.2,91.3,52.6,36.7,193807.8,242259.8,969039.2,112.20274416719735,140.25345915590808,561.0138366236323,60.20000000000001,0.11409958720330238
66,Company_66,Consumer Goods,Middle East,2022,1843.0,27.8,7673.1,6.7,61.5,92.4,56.7,35.2,203891.9,254864.8,1019459.3,110.63043950081389,138.28800868149756,553.15208898535,61.43333333333334,0.06698315289758594
66,Company_66,Consumer Goods,Middle East,2023,1942.5,25.0,4973.3,5.4,61.1,92.2,55.8,35.3,215412.3,269265.4,1077061.6,110.89436293436293,138.61796653796654,554.4718661518662,61.1,0.05398806294085734
66,Company_66,Consumer Goods,Middle East,2024,1994.4,24.5,5636.5,2.7,63.0,93.3,58.2,37.5,218079.8,272599.7,1090399.0,109.3460689931809,136.6825611712796,546.7303449659045,63.0,0.026718146718146762
66,Company_66,Consumer Goods,Middle East,2025,1995.3,24.5,7197.9,0.0,65.3,95.9,60.1,40.1,210950.3,263687.9,1054751.6,105.72360046108355,132.15451310579863,528.6180524231945,65.36666666666666,0.0004512635379061436
67,Company_67,Manufacturing,Middle East,2015,639.3,12.0,1614.5,-2.05,50.2,40.6,44.0,66.0,175692.8,234257.1,2928214.1,274.82058501486,366.4274988268419,4580.344282809323,50.199999999999996,
67,Company_67,Manufacturing,Middle East,2016,604.3,9.5,770.6,-5.5,49.3,37.9,42.3,67.8,169451.6,225935.5,2824193.6,280.409730266424,373.87969551547246,4673.495945722324,49.333333333333336,-0.05474737994681689
67,Company_67,Manufacturing,Middle East,2017,602.9,7.3,657.0,-0.2,49.1,36.5,42.2,68.5,170816.5,227755.4,2846942.5,283.3247636423951,377.76646209985074,4722.0807762481345,49.06666666666666,-0.002316730100943243
67,Company_67,Manufacturing,Middle East,2018,529.5,6.5,430.3,-12.2,49.3,38.7,42.1,67.2,147593.3,196791.1,2459888.9,278.74088762983945,371.65457979225687,4645.68253068933,49.333333333333336,-0.12174489965168345
67,Company_67,Manufacturing,Middle East,2019,496.6,9.0,684.4,-6.2,48.7,39.4,39.9,67.0,137741.4,183655.2,2295690.3,277.36890857833265,369.8252114377769,4622.815747080144,48.76666666666667,-0.062134088762983875
67,Company_67,Manufacturing,Middle East,2020,501.3,12.0,863.6,0.9,51.5,42.8,41.6,70.1,135356.7,180475.7,2255945.8,270.0113704368642,360.01536006383407,4500.191103131857,51.5,0.009464357631896902
67,Company_67,Manufacturing,Middle East,2021,513.1,12.8,1025.8,2.4,53.0,43.9,44.9,70.2,137384.7,183179.6,2289745.1,267.75423893977785,357.0056519197038,4462.57084389008,53.0,0.023538799122282184
67,Company_67,Manufacturing,Middle East,2022,460.6,10.0,436.1,-10.2,53.0,44.6,43.7,70.9,122701.1,163601.4,2045018.0,266.3940512375163,355.1919235779418,4439.900130264872,53.06666666666667,-0.10231923601637105
67,Company_67,Manufacturing,Middle East,2023,471.2,7.9,799.9,2.3,54.5,43.4,46.2,73.8,126655.0,168873.3,2110916.7,268.79244482173175,358.3898556876061,4479.874151103566,54.46666666666666,0.023013460703430244
67,Company_67,Manufacturing,Middle East,2024,480.9,7.7,659.5,2.1,55.1,44.4,46.8,74.0,128303.7,171071.6,2138394.9,266.7991266375546,355.7321688500728,4446.651902682471,55.06666666666666,0.020585738539898202
67,Company_67,Manufacturing,Middle East,2025,462.2,4.7,324.8,-3.9,56.6,47.6,48.0,74.4,120218.8,160291.8,2003647.1,260.1012548680225,346.8018173950671,4335.021852012116,56.666666666666664,-0.03888542316489918
68,Company_68,Manufacturing,Middle East,2015,3341.8,9.4,5715.5,5.3,52.7,39.0,77.9,41.1,929427.1,1239236.2,15490452.4,278.1217008797654,370.82895445568255,4635.361900772039,52.666666666666664,
68,Company_68,Manufacturing,Middle East,2016,3628.2,13.9,7620.8,8.6,53.0,41.6,76.7,40.8,989147.5,1318863.3,16485791.6,272.6276114877901,363.503472796428,4543.793506421917,53.03333333333334,0.08570231611706247
68,Company_68,Manufacturing,Middle East,2017,3734.4,9.4,4024.8,2.9,55.2,41.9,79.9,43.9,1015437.0,1353916.0,16923949.7,271.91436375321337,362.5524850042845,4531.905982219366,55.23333333333334,0.02927071275012416
68,Company_68,Manufacturing,Middle East,2018,3882.8,12.5,4369.0,4.0,57.5,46.1,81.9,44.4,1021568.3,1362091.1,17026138.3,263.1009323168847,350.80125167404964,4385.015530029876,57.46666666666667,0.039738646101113995
68,Company_68,Manufacturing,Middle East,2019,4058.2,12.7,10734.5,4.5,58.2,46.1,82.5,45.9,1067905.9,1423874.5,17798431.0,263.14767630969396,350.86356019910306,4385.794440885122,58.166666666666664,0.04517358607190669
68,Company_68,Manufacturing,Middle East,2020,4511.8,12.5,9834.6,11.2,58.2,47.0,81.5,46.0,1178899.9,1571866.5,19648331.0,261.2925883239505,348.39011037723304,4354.876324305155,58.166666666666664,0.11177369277019378
68,Company_68,Manufacturing,Middle East,2021,4263.0,18.2,10081.1,-5.5,57.2,45.5,82.0,44.0,1127044.7,1502726.2,18784077.7,264.3783016654938,352.50438658221907,4406.304879193056,57.166666666666664,-0.0551442883106521
68,Company_68,Manufacturing,Middle East,2022,4684.4,20.7,12332.7,9.9,59.2,48.0,83.6,45.9,1214226.1,1618968.2,20237102.4,259.2063231150201,345.60844505166085,4320.105541798309,59.166666666666664,0.09885057471264358
68,Company_68,Manufacturing,Middle East,2023,5804.1,26.1,23967.1,23.9,59.4,47.6,82.4,48.3,1509027.6,2012036.8,25150459.9,259.99338398718146,346.65784531624195,4333.223049223824,59.43333333333334,0.23902741012723094
68,Company_68,Manufacturing,Middle East,2024,5807.9,26.5,21197.6,0.1,60.0,50.3,85.0,44.7,1477611.6,1970148.8,24626860.6,254.4140911517072,339.21878820227624,4240.234955836017,60.0,0.0006547096018330034
68,Company_68,Manufacturing,Middle East,2025,6162.4,29.3,31706.9,6.1,60.6,50.9,85.1,45.7,1559707.1,2079609.4,25995117.9,253.10059392444506,337.4674477476308,4218.3431617551605,60.56666666666666,0.06103755229945418
69,Company_69,Energy,North America,2015,5387.6,31.0,13845.7,6.8,44.5,6.1,63.4,64.0,6236720.6,1871016.2,62367205.8,1157.606466701314,347.28194372262226,11576.06462989086,44.5,
69,Company_69,Energy,North America,2016,5709.2,29.1,24954.9,6.0,44.4,5.3,64.5,63.5,6638698.7,1991609.6,66386987.0,1162.807170882085,348.84214951306666,11628.071708820851,44.43333333333334,0.05969262751503446
69,Company_69,Energy,North America,2017,6774.6,26.5,24959.3,18.7,44.9,7.5,63.5,63.8,7775821.1,2332746.3,77758211.2,1147.7904378118265,344.3371269152422,11477.904407640302,44.93333333333334,0.18661108386463954
69,Company_69,Energy,North America,2018,6470.7,27.4,28381.1,-4.5,45.4,7.1,64.9,64.1,7443923.3,2233177.0,74439233.5,1150.4046393744109,345.1213933577511,11504.046471015501,45.36666666666667,-0.04485873704720578
69,Company_69,Energy,North America,2019,7215.2,30.9,36898.4,11.5,45.5,9.7,62.9,63.8,8170828.6,2451248.6,81708286.0,1132.446584987249,339.7339782681007,11324.465849872491,45.46666666666666,0.11505710355912036
69,Company_69,Energy,North America,2020,7640.0,22.3,26006.7,5.9,45.4,9.5,63.4,63.2,8657998.1,2597399.4,86579980.6,1133.2458246073297,339.97374345549736,11332.458193717277,45.366666666666674,0.05887570684111321
69,Company_69,Energy,North America,2021,7911.5,23.1,30386.3,3.6,47.1,12.0,61.8,67.5,8828546.8,2648564.0,88285467.9,1115.9131391013084,334.77393667446125,11159.131378373255,47.1,0.0355366492146596
69,Company_69,Energy,North America,2022,8509.7,21.1,19982.8,7.6,47.3,15.0,61.8,65.1,9321039.9,2796312.0,93210398.7,1095.3429498102166,328.6028884684536,10953.429462848278,47.29999999999999,0.0756114516842572
69,Company_69,Energy,North America,2023,9383.6,28.1,41719.8,10.3,50.4,17.3,65.0,68.8,10126296.0,3037888.8,101262959.6,1079.148301291615,323.7444903874845,10791.482970288587,50.36666666666667,0.10269457207657129
69,Company_69,Energy,North America,2024,10374.9,32.1,41053.2,10.6,52.2,21.1,66.3,69.2,10920554.1,3276166.2,109205541.3,1052.5936731920308,315.7780990660151,10525.93676083625,52.20000000000001,0.10564175796069741
69,Company_69,Energy,North America,2025,10995.3,29.4,44934.3,6.0,52.7,21.4,67.4,69.1,11544965.1,3463489.5,115449651.2,1049.9909142997462,314.9972715614854,10499.909161187054,52.63333333333333,0.059798166729317925
70,Company_70,Retail,Africa,2015,905.6,3.2,488.2,11.5,40.2,43.0,30.9,46.5,81390.0,40695.0,162780.0,89.87411660777384,44.93705830388692,179.74823321554769,40.13333333333333,
70,Company_70,Retail,Africa,2016,938.2,1.3,286.2,3.6,41.1,44.7,30.9,47.8,83197.9,41598.9,166395.8,88.67821360051161,44.33905350671498,177.35642720102322,41.13333333333333,0.03599823321554774
70,Company_70,Retail,Africa,2017,1113.5,0.1,18.2,18.7,43.7,47.1,32.9,51.0,96907.1,48453.5,193814.2,87.02927705433319,43.514593623709025,174.05855410866639,43.666666666666664,0.18684715412491992
70,Company_70,Retail,Africa,2018,1283.9,0.0,9.8,15.3,44.6,48.6,34.3,50.8,110390.8,55195.4,220781.6,85.98083962925462,42.99041981462731,171.96167925850924,44.56666666666666,0.15303098338572085
70,Company_70,Retail,Africa,2019,1441.4,1.5,285.1,12.3,44.3,48.9,34.1,49.8,123670.2,61835.1,247340.3,85.79866796170388,42.89933398085194,171.59726654641318,44.26666666666667,0.12267310538203913
70,Company_70,Retail,Africa,2020,1596.1,3.1,545.1,10.7,46.5,51.5,37.5,50.5,133960.4,66980.2,267920.9,83.92982895808534,41.96491447904267,167.85972056888667,46.5,0.10732621062855552
70,Company_70,Retail,Africa,2021,1825.8,3.5,1574.3,14.4,47.3,48.3,40.1,53.4,157310.8,78655.4,314621.6,86.1599298937452,43.0799649468726,172.3198597874904,47.26666666666667,0.14391328864106256
70,Company_70,Retail,Africa,2022,2138.4,2.2,1007.7,17.1,45.8,49.0,36.6,51.8,183287.1,91643.5,366574.2,85.71226150392818,42.85610736999626,171.42452300785635,45.79999999999999,0.17121261912586272
70,Company_70,Retail,Africa,2023,2218.5,3.2,1325.4,3.7,46.4,49.3,34.2,55.6,189710.0,94855.0,379419.9,85.51273382916385,42.756366914581925,171.02542258282625,46.36666666666667,0.03745791245791241
70,Company_70,Retail,Africa,2024,2277.8,4.0,2041.4,2.7,47.5,50.9,33.1,58.6,192139.9,96070.0,384279.9,84.35327948020019,42.17666169110545,168.7066028624111,47.53333333333333,0.026729772368717652
70,Company_70,Retail,Africa,2025,2379.3,1.1,328.7,4.5,49.7,56.0,34.0,59.2,192257.5,96128.7,384514.9,80.80422813432521,40.402093052578486,161.6084142394822,49.73333333333333,0.04456054087277206
71,Company_71,Consumer Goods,Latin America,2015,1913.8,9.2,3097.4,10.95,41.7,56.0,23.9,45.2,309218.2,386522.7,1546090.9,161.57289162921936,201.96608841049223,807.8644058940328,41.7,
71,Company_71,Consumer Goods,Latin America,2016,2343.3,10.8,2641.0,22.4,42.6,56.6,25.0,46.1,376723.9,470904.9,1883619.6,160.76639781504716,200.958007937524,803.832031750096,42.56666666666666,0.2244226146932804
71,Company_71,Consumer Goods,Latin America,2017,2780.0,6.8,4553.2,18.6,41.2,57.8,22.5,43.2,442230.0,552787.5,2211149.8,159.07553956834533,198.84442446043167,795.3776258992805,41.166666666666664,0.1863611146673494
71,Company_71,Consumer Goods,Latin America,2018,2841.1,5.5,1769.3,2.2,41.9,60.0,21.8,44.0,443308.3,554135.4,2216541.5,156.03403611277324,195.04255394037523,780.1701805638661,41.93333333333333,0.02197841726618699
71,Company_71,Consumer Goods,Latin America,2019,3023.0,9.5,5752.2,6.4,42.4,57.9,25.9,43.3,480682.0,600852.5,2403409.8,159.00826993053258,198.76033741316573,795.0412834932185,42.36666666666667,0.06402449755376449
71,Company_71,Consumer Goods,Latin America,2020,2898.6,13.8,8695.2,-4.1,42.9,59.5,25.7,43.4,454022.2,567527.7,2270110.9,156.6349962050645,195.79372800662387,783.174946525909,42.86666666666667,-0.04115117433013571
71,Company_71,Consumer Goods,Latin America,2021,3290.5,12.2,6673.4,13.5,44.5,61.0,28.8,43.7,508929.2,636161.6,2544646.2,154.66622093906702,193.33280656435193,773.3311654763714,44.5,0.13520320154557375
71,Company_71,Consumer Goods,Latin America,2022,3212.1,9.4,4839.2,-2.4,45.4,63.2,27.1,45.7,486482.1,608102.6,2432410.3,151.4529746894555,189.3162105787491,757.2648111827153,45.333333333333336,-0.023826166236134316
71,Company_71,Consumer Goods,Latin America,2023,3734.5,11.0,4668.4,16.3,44.3,60.8,27.6,44.5,578440.7,723050.8,2892203.4,154.89106975498726,193.61381711072434,774.45532199759,44.300000000000004,0.16263503626910758
71,Company_71,Consumer Goods,Latin America,2024,4047.6,10.7,5604.6,8.4,43.3,63.7,24.0,42.2,610622.9,763278.6,3053114.3,150.86048522581282,188.57560035576637,754.3023767170669,43.300000000000004,0.08383987146873739
71,Company_71,Consumer Goods,Latin America,2025,4797.4,7.5,6447.0,18.5,46.1,65.5,27.9,45.0,711178.0,888972.6,3555890.2,148.24238128986536,185.30299745695586,741.2119481385752,46.13333333333333,0.1852455776262476
72,Company_72,Utilities,Latin America,2015,695.7,8.1,477.5,1.45,42.0,37.8,37.5,50.5,520413.5,325258.4,5204135.0,748.0429782952422,467.5268075319822,7480.429782952421,41.93333333333333,
72,Company_72,Utilities,Latin America,2016,705.3,7.5,619.4,1.4,40.3,35.6,36.5,48.9,536276.2,335172.6,5362762.2,760.3519069899334,475.21990642279883,7603.5193534666105,40.333333333333336,0.013799051315221966
72,Company_72,Utilities,Latin America,2017,750.2,8.4,683.9,6.4,40.1,37.8,35.0,47.4,561507.6,350942.2,5615075.9,748.477206078379,467.79818715009327,7484.771927486004,40.06666666666666,0.06366085353750184
72,Company_72,Utilities,Latin America,2018,866.7,8.1,741.7,15.5,41.4,35.7,38.4,50.1,658946.8,411841.7,6589467.9,760.2939886927426,475.18368524287524,7602.939771547248,41.4,0.15529192215409227
72,Company_72,Utilities,Latin America,2019,857.8,7.2,597.1,-1.0,41.4,38.3,37.5,48.3,639378.2,399611.4,6393782.5,745.3697831662392,465.85614362322224,7453.698414548846,41.36666666666667,-0.010268835814007282
72,Company_72,Utilities,Latin America,2020,672.4,7.0,451.0,-21.6,41.7,40.3,36.4,48.4,493856.3,308660.2,4938562.8,734.468024985128,459.0425342058299,7344.67995240928,41.699999999999996,-0.21613429703893683
72,Company_72,Utilities,Latin America,2021,595.2,8.4,714.3,-11.5,43.7,41.7,39.7,49.6,432362.2,270226.4,4323622.0,726.4149865591397,454.00940860215053,7264.149865591397,43.666666666666664,-0.11481261154074951
72,Company_72,Utilities,Latin America,2022,604.5,7.9,670.6,1.5,44.2,42.4,40.2,50.1,436797.9,272998.7,4367979.2,722.577171215881,451.61075268817206,7225.772043010753,44.23333333333333,0.015625
72,Company_72,Utilities,Latin America,2023,603.7,8.6,672.3,-0.1,43.4,41.5,38.5,50.2,439223.5,274514.7,4392235.4,727.5525923471922,454.7203909226437,7275.526586052675,43.4,-0.001323407775020602
72,Company_72,Utilities,Latin America,2024,646.1,9.6,772.7,7.0,44.7,43.4,40.3,50.4,463213.1,289508.2,4632130.6,716.9371614301191,448.08574524067484,7169.37099520198,44.699999999999996,0.07023355971509027
72,Company_72,Utilities,Latin America,2025,705.0,8.7,714.5,9.1,45.0,45.1,38.4,51.5,498819.4,311762.1,4988194.1,707.5452482269504,442.215744680851,7075.4526241134745,45.0,0.09116235876799261
73,Company_73,Transportation,Asia,2015,957.1,11.0,2098.3,7.5,51.5,18.1,74.2,62.2,616225.6,102704.3,2054085.4,643.8466199979104,107.30780482708181,2146.1554696478947,51.5,
73,Company_73,Transportation,Asia,2016,1079.8,10.3,1277.6,12.8,52.3,16.7,74.0,66.0,701564.8,116927.5,2338549.5,649.7173550657529,108.28625671420635,2165.724671235414,52.23333333333333,0.12819977013896144
73,Company_73,Transportation,Asia,2017,1122.7,4.8,761.8,4.0,53.3,20.0,72.7,67.3,714045.6,119007.6,2380152.1,636.0074819631245,106.0012469938541,2120.0250289480714,53.333333333333336,0.03972957955176892
73,Company_73,Transportation,Asia,2018,1219.9,8.0,1139.1,8.7,52.5,21.4,69.9,66.0,768698.5,128116.4,2562328.3,630.1323879006476,105.02205098778587,2100.4412656775144,52.43333333333334,0.08657700187049078
73,Company_73,Transportation,Asia,2019,1129.6,7.3,1618.8,-7.4,52.0,21.1,69.9,65.2,713049.0,118841.5,2376830.2,631.2402620396601,105.20671033994336,2104.1343838526914,52.06666666666666,-0.07402246085744746
73,Company_73,Transportation,Asia,2020,1201.1,6.7,1099.3,6.3,53.2,21.5,73.1,65.0,756442.2,126073.7,2521474.0,629.7911914078761,104.96519856797936,2099.303971359587,53.199999999999996,0.06329674220963177
73,Company_73,Transportation,Asia,2021,1229.8,10.7,1582.1,2.4,54.0,24.6,72.1,65.3,758276.1,126379.3,2527586.9,616.5848918523337,102.76410798503822,2055.2828915270775,54.0,0.023894763133794017
73,Company_73,Transportation,Asia,2022,1435.5,9.8,2703.0,16.7,55.1,24.6,73.5,67.3,885151.8,147525.3,2950506.1,616.6156739811912,102.7692789968652,2055.385649599443,55.133333333333326,0.16726296958855102
73,Company_73,Transportation,Asia,2023,1796.1,4.2,1482.2,25.1,56.3,24.6,75.1,69.1,1107836.6,184639.4,3692788.6,616.8011803351708,102.80017816379934,2056.0038973331107,56.26666666666666,0.251201671891327
73,Company_73,Transportation,Asia,2024,1761.1,5.9,943.0,-1.9,57.4,25.3,77.3,69.7,1081083.1,180180.5,3603610.2,613.8680938050084,102.31133950371927,2046.2269036397709,57.43333333333334,-0.019486665553142934
73,Company_73,Transportation,Asia,2025,2043.7,2.1,430.2,16.1,58.4,25.6,75.2,74.5,1252115.2,208685.9,4173717.4,612.6707442383911,102.11180701668542,2042.2358467485442,58.43333333333334,0.16046788938731482
74,Company_74,Energy,Europe,2015,1299.1,-9.8,4682.1,10.899999999999999,62.9,8.5,89.3,90.7,1481206.7,444362.0,14812067.2,1140.1791240089292,342.053729505042,11401.79139404203,62.833333333333336,
74,Company_74,Energy,Europe,2016,1337.9,-4.1,2513.6,3.0,63.8,8.6,88.4,94.5,1524860.8,457458.2,15248608.2,1139.7419837058076,341.92256521414157,11397.419986546078,63.833333333333336,0.029866830882919082
74,Company_74,Energy,Europe,2017,1421.7,-10.3,2533.6,6.3,62.7,7.2,86.2,94.8,1634176.7,490253.0,16341766.6,1149.4525567981993,344.83576000562704,11494.525286628683,62.73333333333333,0.06263547350325127
74,Company_74,Energy,Europe,2018,1743.6,-11.0,1105.6,22.6,65.7,10.5,87.0,99.5,1963790.2,589137.1,19637901.8,1126.2848130305117,337.88546685019503,11262.84801559991,65.66666666666667,0.22641907575437847
74,Company_74,Energy,Europe,2019,1885.8,-20.0,8028.0,8.2,67.2,14.4,87.3,100.0,2072221.6,621666.5,20722216.1,1098.8554459645775,329.65664439495174,10988.554512673667,67.23333333333333,0.08155540261527872
74,Company_74,Energy,Europe,2020,2086.8,-13.0,5565.9,10.7,68.6,17.1,88.6,100.0,2254092.9,676227.9,22540929.2,1080.1671937895342,324.05017251293845,10801.672033735862,68.56666666666666,0.10658606426980599
74,Company_74,Energy,Europe,2021,2381.8,-16.3,4128.6,14.1,69.6,20.6,88.1,100.0,2514377.9,754313.4,25143778.8,1055.6629020068854,316.69888319758167,10556.628936098748,69.56666666666666,0.14136476902434358
74,Company_74,Energy,Europe,2022,2411.5,-8.7,9399.6,1.2,71.7,22.4,92.6,100.0,2516528.6,754958.6,25165285.6,1043.5532241343562,313.06597553390003,10435.5320754717,71.66666666666667,0.012469560836342097
74,Company_74,Energy,Europe,2023,2678.4,1.3,453.7,11.1,72.8,24.6,95.1,98.6,2752358.9,825707.7,27523589.0,1027.6130899044206,308.283938172043,10276.130899044205,72.76666666666667,0.11067800124403893
74,Company_74,Energy,Europe,2024,3009.2,5.9,2490.4,12.4,71.7,24.4,95.5,95.1,3097235.2,929170.6,30972352.3,1029.2553502592052,308.776618370331,10292.553602286323,71.66666666666667,0.12350657108721608
74,Company_74,Energy,Europe,2025,3541.1,1.9,995.1,17.7,72.9,27.5,95.6,95.7,3567546.9,1070264.1,35675468.9,1007.468554968795,302.2405749625823,10074.685521448137,72.93333333333334,0.17675794231024855
75,Company_75,Technology,North America,2015,2564.9,23.8,20223.7,8.35,70.5,77.5,43.4,90.6,84310.4,50586.3,168620.9,32.87083317088385,19.722523295255176,65.74170532964247,70.5,
75,Company_75,Technology,North America,2016,2666.7,24.1,17911.9,4.0,70.9,77.0,43.0,92.7,88133.9,52880.3,176267.7,33.04979937750778,19.829864626692167,66.09956125548432,70.89999999999999,0.03968965651682321
75,Company_75,Technology,North America,2017,2738.8,21.4,12908.2,2.7,72.5,78.8,41.8,96.8,88817.2,53290.3,177634.5,32.429239082809985,19.45753614721776,64.85851467796115,72.46666666666665,0.027037162035474793
75,Company_75,Technology,North America,2018,2896.8,18.0,12729.5,5.8,72.8,77.5,41.3,99.6,95245.4,57147.3,190490.9,32.87952223142778,19.727734051367026,65.75907898370615,72.8,0.057689499050679105
75,Company_75,Technology,North America,2019,3115.3,19.0,12995.2,7.5,73.1,76.8,42.8,99.7,103210.0,61926.0,206420.0,33.13003563059737,19.878021378358422,66.26007126119474,73.10000000000001,0.07542805854736256
75,Company_75,Technology,North America,2020,3457.9,23.5,25560.9,11.0,73.2,77.0,44.7,97.8,114301.1,68580.7,228602.2,33.05506232106192,19.833048960351658,66.11012464212384,73.16666666666667,0.10997335730106239
75,Company_75,Technology,North America,2021,3282.4,20.2,19123.8,-5.1,71.3,74.8,42.9,96.0,110986.2,66591.7,221972.4,33.81251523275652,20.287503046551304,67.62503046551303,71.23333333333333,-0.05075334740738602
75,Company_75,Technology,North America,2022,3627.0,24.1,13481.3,10.5,72.4,77.4,44.9,94.8,119365.0,71619.0,238730.0,32.910118555279844,19.746071133167906,65.82023711055969,72.36666666666667,0.10498415793321958
75,Company_75,Technology,North America,2023,4008.9,23.0,26787.1,10.5,72.9,76.9,45.1,96.8,132569.8,79541.9,265139.5,33.06887176033325,19.84132804509965,66.13771857616803,72.93333333333334,0.10529363110008272
75,Company_75,Technology,North America,2024,4596.4,21.5,27413.8,14.7,74.8,79.5,47.8,97.0,147879.1,88727.5,295758.2,32.172809154990865,19.303694195457314,64.34561830998173,74.76666666666667,0.14654892863378977
75,Company_75,Technology,North America,2025,5019.2,17.6,22242.3,9.2,75.7,81.0,47.3,98.8,158918.7,95351.2,317837.4,31.66215731590692,18.997290404845394,63.32431463181384,75.7,0.0919850317639892
76,Company_76,Technology,North America,2015,9269.0,26.3,51290.0,5.35,65.8,91.2,43.0,63.3,260309.1,156185.4,520618.1,28.083838601790916,16.850296687884345,56.16766641493149,65.83333333333333,
76,Company_76,Technology,North America,2016,11137.3,23.5,52036.4,20.2,66.0,89.0,43.6,65.4,321263.7,192758.2,642527.3,28.845743582376343,17.30744435365843,57.691478185915805,66.0,0.2015643542992771
76,Company_76,Technology,North America,2017,11684.5,23.6,55595.7,4.9,64.9,88.0,39.4,67.3,341099.2,204659.5,682198.3,29.19245153836279,17.515469211348368,58.384894518379056,64.89999999999999,0.04913219541540603
76,Company_76,Technology,North America,2018,14357.6,23.6,102004.7,22.9,65.3,89.4,38.8,67.6,412077.4,247246.4,824154.8,28.70099459519697,17.220593971137237,57.40198919039394,65.26666666666667,0.22877316102528988
76,Company_76,Technology,North America,2019,14167.5,20.7,93006.1,-1.3,65.3,87.9,41.0,66.9,414403.5,248642.1,828807.0,29.25029115934357,17.55017469560614,58.50058231868714,65.26666666666667,-0.01324037443583892
76,Company_76,Technology,North America,2020,14102.4,25.9,93417.8,-0.5,65.5,88.5,41.0,67.1,409328.2,245596.9,818656.4,29.025428295892898,17.415255559337417,58.050856591785795,65.53333333333333,-0.004595023822128175
76,Company_76,Technology,North America,2021,14135.0,27.1,117885.6,0.2,64.9,87.3,39.1,68.1,416253.9,249752.3,832507.8,29.448454191722675,17.669069685178634,58.89690838344535,64.83333333333333,0.002311663262990704
76,Company_76,Technology,North America,2022,14632.2,30.9,120517.5,3.5,65.4,88.2,39.8,68.3,426213.9,255728.4,852427.9,29.12849058924837,17.477098454094392,58.25698801273903,65.43333333333334,0.035175097276264555
76,Company_76,Technology,North America,2023,15485.0,28.9,82680.8,5.8,67.3,89.8,40.7,71.4,442177.9,265306.7,884355.8,28.555240555376173,17.133141750080725,57.110481110752346,67.3,0.058282418228291055
76,Company_76,Technology,North America,2024,19125.8,30.6,143103.0,23.5,68.5,93.2,40.1,72.1,523663.6,314198.1,1047327.2,27.379957962542743,16.42797164040197,54.75991592508549,68.46666666666667,0.2351178559896674
76,Company_76,Technology,North America,2025,22155.4,34.2,248688.0,15.8,69.3,92.6,40.6,74.7,611552.6,366931.6,1223105.2,27.60286882656147,16.561723101365804,55.20573765312294,69.3,0.15840383147371617
77,Company_77,Utilities,Africa,2015,401.5,11.0,509.5,1.05,63.5,72.9,55.6,61.9,221464.9,138415.5,2214648.8,551.5937733499377,344.7459526774595,5515.937235367372,63.46666666666667,
77,Company_77,Utilities,Africa,2016,425.4,10.6,617.5,6.0,64.0,76.1,55.0,60.9,227077.8,141923.6,2270778.0,533.7983074753173,333.62388340385525,5337.983074753174,64.0,0.05952677459526767
77,Company_77,Utilities,Africa,2017,428.7,10.7,514.9,0.8,63.1,77.7,52.2,59.4,224907.3,140567.0,2249072.6,524.6263121063681,327.8912992768836,5246.262188010264,63.1,0.0077574047954867
77,Company_77,Utilities,Africa,2018,435.5,7.8,383.2,1.6,62.6,76.1,52.5,59.1,232393.8,145246.1,2323937.8,533.6252583237657,333.51572904707234,5336.252123995408,62.56666666666666,0.015861908094238375
77,Company_77,Utilities,Africa,2019,428.2,9.0,523.8,-1.7,63.9,78.7,52.3,60.6,222299.3,138937.1,2222993.3,519.148295189164,324.4677720691266,5191.483652498832,63.86666666666667,-0.01676234213547645
77,Company_77,Utilities,Africa,2020,433.9,6.7,285.1,1.3,65.8,81.3,55.5,60.6,219032.4,136895.2,2190323.5,504.7992625028809,315.4994238303757,5047.99147268956,65.8,0.013311536665109758
77,Company_77,Utilities,Africa,2021,460.0,2.4,146.0,6.0,66.5,81.4,57.3,60.9,231828.2,144892.6,2318282.2,503.97434782608696,314.98391304347825,5039.743913043479,66.53333333333333,0.06015210878082522
77,Company_77,Utilities,Africa,2022,463.6,2.7,108.4,0.8,68.6,83.3,57.9,64.5,228766.3,142978.9,2287662.8,493.4562122519413,308.41005176876615,4934.561691113028,68.56666666666666,0.007826086956521872
77,Company_77,Utilities,Africa,2023,402.9,2.9,139.6,-13.1,69.2,86.6,59.9,61.1,191453.1,119658.2,1914531.4,475.1876396128072,296.9923057830727,4751.877388930256,69.2,-0.13093183779119943
77,Company_77,Utilities,Africa,2024,430.2,2.4,108.6,6.8,70.0,88.4,58.8,62.6,199927.7,124954.8,1999277.2,464.73198512319857,290.4574616457462,4647.320316132032,69.93333333333332,0.06775874906924795
77,Company_77,Utilities,Africa,2025,422.1,2.5,134.8,-1.9,71.2,88.8,64.8,60.0,195240.0,122025.0,1952400.2,462.54442075337596,289.09026297085995,4625.4446813551285,71.2,-0.0188284518828451
78,Company_78,Technology,Latin America,2015,7845.4,18.7,31400.6,-1.7,44.1,67.0,42.2,23.2,286647.1,171988.2,573294.1,36.53696433578912,21.922170953679867,73.07391592525556,44.13333333333333,
78,Company_78,Technology,Latin America,2016,7769.6,18.6,40134.2,-1.0,44.3,67.9,42.0,22.9,281461.8,168877.1,562923.5,36.22603480230642,21.735623455518944,72.4520567339374,44.26666666666667,-0.009661712595915972
78,Company_78,Technology,Latin America,2017,8045.8,19.1,41659.5,3.6,44.4,68.3,41.2,23.6,290531.4,174318.9,581062.9,36.10969698476224,21.665825648164258,72.21940639836933,44.36666666666667,0.03554880560131801
78,Company_78,Technology,Latin America,2018,8095.0,16.6,25758.2,0.6,47.3,75.4,42.3,24.3,271965.6,163179.4,543931.3,33.59673872760963,20.158048177887583,67.19348980852378,47.333333333333336,0.006114991672673931
78,Company_78,Technology,Latin America,2019,7895.9,17.8,23321.4,-2.5,47.9,77.9,42.7,22.9,258340.2,155004.1,516680.4,32.71827150799783,19.63096037183855,65.43654301599565,47.833333333333336,-0.024595429277331715
78,Company_78,Technology,Latin America,2020,7708.1,14.8,25339.5,-2.4,47.0,77.1,43.9,20.1,254369.7,152621.8,508739.3,33.00031136077633,19.80018422179266,66.00060974818697,47.03333333333333,-0.02378449575095931
78,Company_78,Technology,Latin America,2021,7244.3,17.2,19433.6,-6.0,47.6,76.8,44.5,21.6,239956.6,143974.0,479913.2,33.123503996245326,19.874107919329678,66.24700799249065,47.63333333333333,-0.060170470025038614
78,Company_78,Technology,Latin America,2022,6543.6,13.7,14592.3,-9.7,48.1,76.3,48.9,19.0,217799.5,130679.7,435599.0,33.28435417812825,19.970612506876947,66.5687083562565,48.06666666666666,-0.09672432119045316
78,Company_78,Technology,Latin America,2023,7855.9,12.7,18804.1,20.1,48.8,77.7,50.8,17.8,257721.7,154633.0,515443.4,32.80613297012437,19.683677236217367,65.61226594024873,48.76666666666667,0.20054709945595683
78,Company_78,Technology,Latin America,2024,7885.3,9.4,14345.5,0.4,48.7,74.3,51.9,20.0,267985.9,160791.5,535971.7,33.98550467325276,20.391297731221385,67.97099666467984,48.73333333333333,0.0037424101630623152
78,Company_78,Technology,Latin America,2025,6942.5,11.1,17699.7,-12.0,50.7,75.4,52.1,24.4,233262.2,139957.3,466524.5,33.59916456607851,20.159495858840472,67.19834353619014,50.63333333333333,-0.11956425246978553
79,Company_79,Healthcare,North America,2015,6798.8,20.2,29760.3,3.0,61.1,72.1,36.1,75.0,472682.0,472682.0,945364.0,69.52432782255693,69.52432782255693,139.04865564511385,61.06666666666666,
79,Company_79,Healthcare,North America,2016,7030.6,20.5,25573.2,3.4,61.4,72.9,37.3,74.2,485093.7,485093.7,970187.4,68.99748243393167,68.99748243393167,137.99496486786333,61.46666666666667,0.03409425192681059
79,Company_79,Healthcare,North America,2017,6747.7,21.0,23124.7,-4.0,60.5,71.8,36.0,73.8,470763.1,470763.1,941526.3,69.76645375461268,69.76645375461268,139.53292232908993,60.53333333333333,-0.04023838648195044
79,Company_79,Healthcare,North America,2018,6872.2,23.0,32063.3,1.8,61.5,70.5,39.5,74.3,485372.6,485372.6,970745.1,70.62841593667238,70.62841593667238,141.25681732196387,61.43333333333334,0.018450731360315276
79,Company_79,Healthcare,North America,2019,7628.0,25.9,38146.6,11.0,62.3,72.7,39.4,74.8,527381.8,527381.8,1054763.7,69.13762454116414,69.13762454116414,138.27526219192447,62.29999999999999,0.10997933703908513
79,Company_79,Healthcare,North America,2020,8285.4,24.9,26329.9,8.6,65.4,74.1,42.7,79.4,564577.8,564577.8,1129155.5,68.14128466941851,68.14128466941851,136.28255726941367,65.39999999999999,0.08618248557944419
79,Company_79,Healthcare,North America,2021,9488.3,26.4,29897.9,14.5,65.6,76.9,40.2,79.7,627543.0,627543.0,1255086.1,66.13861281789151,66.13861281789151,132.2772361750788,65.60000000000001,0.14518309315180922
79,Company_79,Healthcare,North America,2022,9571.5,33.1,55997.4,0.9,65.0,78.2,36.6,80.1,624490.4,624490.4,1248980.7,65.24477877030769,65.24477877030769,130.48954709293213,64.96666666666667,0.008768694075862005
79,Company_79,Healthcare,North America,2023,9149.2,30.8,50032.6,-4.4,65.3,81.4,34.8,79.7,576623.3,576623.3,1153246.6,63.0244502251563,63.0244502251563,126.0489004503126,65.3,-0.04412056626443084
79,Company_79,Healthcare,North America,2024,10460.7,30.3,61018.1,14.3,64.8,82.1,32.7,79.8,654356.0,654356.0,1308711.9,62.553748793101796,62.553748793101796,125.10748802661388,64.86666666666666,0.1433458663052507
79,Company_79,Healthcare,North America,2025,10727.6,31.3,61574.7,2.6,66.1,86.5,33.6,78.3,637674.3,637674.3,1275348.7,59.44240090980276,59.44240090980276,118.884811141355,66.13333333333333,0.02551454491573213
80,Company_80,Utilities,Europe,2015,1629.6,9.5,1488.8,0.10000000000000009,66.3,37.7,88.9,72.5,1220800.0,763000.0,12208000.3,749.1408934707904,468.213058419244,7491.409118802161,66.36666666666667,
80,Company_80,Utilities,Europe,2016,1359.1,11.6,1558.5,-16.6,66.9,40.6,89.9,70.2,995609.0,622255.6,9956090.4,732.5502170554043,457.8438672651019,7325.502464866457,66.89999999999999,-0.16599165439371621
80,Company_80,Utilities,Europe,2017,1308.0,11.4,1576.0,-3.8,66.8,38.2,90.0,72.2,975598.3,609748.9,9755982.9,745.870259938838,466.168883792049,7458.7025229357805,66.8,-0.037598410712971764
80,Company_80,Utilities,Europe,2018,1178.7,9.1,1489.2,-9.9,70.0,41.6,93.6,74.7,856838.9,535524.3,8568389.5,726.9355221854586,454.3346907610079,7269.355646050733,69.96666666666665,-0.09885321100917432
80,Company_80,Utilities,Europe,2019,1130.3,5.4,697.0,-4.1,71.5,43.2,93.8,77.3,811407.9,507129.9,8114078.5,717.8695036715917,448.66840661771215,7178.694594355481,71.43333333333334,-0.04106218715534071
80,Company_80,Utilities,Europe,2020,1056.8,4.8,560.6,-6.5,69.8,39.1,94.1,76.2,783023.6,489389.7,7830235.9,740.9383043149129,463.0863928841787,7409.382948523847,69.8,-0.06502698398655227
80,Company_80,Utilities,Europe,2021,1176.3,4.9,793.5,11.3,70.1,41.1,94.2,75.0,858808.4,536755.3,8588084.5,730.0930034855054,456.3081696846043,7300.930459916688,70.10000000000001,0.11307721423164274
80,Company_80,Utilities,Europe,2022,1232.7,2.1,368.4,4.8,71.1,41.3,95.6,76.5,898590.4,561619.0,8985904.2,728.9611422081609,455.60071388010056,7289.611584327086,71.13333333333333,0.047946952308084656
80,Company_80,Utilities,Europe,2023,1390.1,2.4,482.9,12.8,69.3,40.1,92.6,75.3,1022079.8,638799.9,10220797.7,735.256312495504,459.5352132940077,7352.562909143227,69.33333333333333,0.12768719071955847
80,Company_80,Utilities,Europe,2024,1445.1,2.6,525.8,4.0,69.2,41.6,91.3,74.6,1050324.6,656452.9,10503245.9,726.8179364749845,454.26122759670614,7268.179295550482,69.16666666666667,0.039565498884972294
80,Company_80,Utilities,Europe,2025,1519.0,3.7,477.5,5.1,67.9,41.3,92.0,70.5,1107090.9,691931.8,11070909.2,728.8287689269256,455.5179723502304,7288.2878209348255,67.93333333333334,0.05113832952736841
81,Company_81,Healthcare,Europe,2015,5337.6,7.1,7114.3,-0.65,74.3,73.7,77.4,71.7,365061.3,365061.3,730122.7,68.39427832733813,68.39427832733813,136.78857538968822,74.26666666666667,
81,Company_81,Healthcare,Europe,2016,5184.6,7.4,9571.8,-2.9,74.6,73.4,76.4,73.9,355676.0,355676.0,711352.1,68.6023994136481,68.6023994136481,137.20481811518727,74.56666666666668,-0.028664568345323715
81,Company_81,Healthcare,Europe,2017,5348.2,9.6,12388.9,3.2,77.2,77.9,75.0,78.8,350164.2,350164.2,700328.4,65.47328072996523,65.47328072996523,130.94656145993045,77.23333333333333,0.031554989777417664
81,Company_81,Healthcare,Europe,2018,5138.5,6.2,5638.4,-3.9,78.7,78.5,78.2,79.5,334402.6,334402.6,668805.2,65.07786318964678,65.07786318964678,130.15572637929355,78.73333333333333,-0.03920945364795625
81,Company_81,Healthcare,Europe,2019,5404.0,9.3,5872.7,5.2,80.5,79.5,82.3,79.8,347880.0,347880.0,695759.9,64.37453737971873,64.37453737971873,128.7490562546262,80.53333333333335,0.05166877493431943
81,Company_81,Healthcare,Europe,2020,5265.6,6.4,7115.5,-2.6,82.8,80.7,86.1,81.5,334251.6,334251.6,668503.2,63.47835004557884,63.47835004557884,126.95670009115769,82.76666666666667,-0.025610658771280437
81,Company_81,Healthcare,Europe,2021,5335.4,7.6,8131.7,1.3,82.3,81.9,84.6,80.4,334239.8,334239.8,668479.7,62.64568729617274,62.64568729617274,125.29139333508266,82.3,0.013255849285931154
81,Company_81,Healthcare,Europe,2022,5916.6,8.0,5263.3,10.9,84.2,86.4,85.9,80.1,352046.6,352046.6,704093.2,59.501504242301316,59.501504242301316,119.00300848460263,84.13333333333334,0.10893278854443911
81,Company_81,Healthcare,Europe,2023,6105.8,8.8,6299.8,3.2,84.8,89.3,84.0,81.2,351004.2,351004.2,702008.4,57.48701234891415,57.48701234891415,114.9740246978283,84.83333333333333,0.031977825102254664
81,Company_81,Healthcare,Europe,2024,5619.8,8.1,9082.2,-8.0,85.5,91.6,85.4,79.4,314095.4,314095.4,628190.7,55.89085020819247,55.89085020819247,111.78168262215736,85.46666666666665,-0.0795964492777359
81,Company_81,Healthcare,Europe,2025,5215.9,6.5,4968.9,-7.2,83.5,89.7,84.8,76.1,298352.1,298352.1,596704.2,57.20050231024368,57.20050231024368,114.40100462048736,83.53333333333333,-0.0718708850848786
82,Company_82,Technology,Middle East,2015,2889.4,19.7,18346.2,7.25,63.8,96.4,68.0,27.0,75867.9,45520.8,151735.9,26.25731985879421,15.754412680833392,52.514674326849864,63.800000000000004,
82,Company_82,Technology,Middle East,2016,3155.3,22.4,11390.7,9.2,63.2,94.4,68.4,26.7,85074.8,51044.9,170149.6,26.962507527018033,16.17751085475232,53.925015054036066,63.166666666666664,0.09202602616460176
82,Company_82,Technology,Middle East,2017,3269.8,17.6,11670.1,3.6,62.6,96.4,67.1,24.4,85865.3,51519.2,171730.6,26.260107651844148,15.756070707688542,52.520215303688296,62.63333333333333,0.03628815009666275
82,Company_82,Technology,Middle East,2018,3560.2,19.8,11579.4,8.9,63.0,94.0,68.8,26.3,96471.1,57882.6,192942.1,27.097101286444584,16.25824391888096,54.19417448457952,63.03333333333334,0.08881277142332844
82,Company_82,Technology,Middle East,2019,4060.4,22.2,25590.1,14.0,65.0,99.4,68.6,27.0,102343.2,61405.9,204686.4,25.205201457984433,15.12311594916757,50.41040291596887,65.0,0.1404977248469188
82,Company_82,Technology,Middle East,2020,4286.7,22.2,21085.3,5.6,65.2,100.0,70.8,24.8,107168.3,64301.0,214336.7,25.000186623743208,15.000116639839504,50.00039657545432,65.2,0.05573342527829772
82,Company_82,Technology,Middle East,2021,4866.4,23.2,24645.7,13.5,66.6,100.0,74.3,25.5,121660.9,72996.6,243321.9,25.00018494164064,15.000123294427095,50.00039043235246,66.60000000000001,0.13523222992045159
82,Company_82,Technology,Middle East,2022,5615.6,29.8,50158.5,15.4,68.9,100.0,79.4,27.2,140391.2,84234.7,280782.5,25.000213690433792,15.000124652753044,50.00044518840373,68.86666666666666,0.15395364129541367
82,Company_82,Technology,Middle East,2023,5740.8,29.7,51747.1,2.2,70.3,99.3,82.1,29.4,144868.6,86921.2,289737.2,25.234914994425864,15.140955964325528,50.46982998885173,70.26666666666667,0.022295035258921514
82,Company_82,Technology,Middle East,2024,6029.2,31.1,63287.9,5.0,70.6,97.3,81.0,33.4,156403.8,93842.3,312807.7,25.941053539441384,15.56463544085451,51.882123664831155,70.56666666666668,0.0502369007803789
82,Company_82,Technology,Middle East,2025,6096.2,34.4,43066.8,1.1,72.3,95.6,84.1,37.0,161711.0,97026.6,323422.1,26.526524720317575,15.915914832190547,53.05306584429645,72.23333333333333,0.011112585417634158
83,Company_83,Healthcare,Oceania,2015,2584.0,8.5,3676.8,2.6,58.7,53.6,69.6,52.9,213103.2,213103.2,426206.4,82.4702786377709,82.4702786377709,164.9405572755418,58.699999999999996,
83,Company_83,Healthcare,Oceania,2016,2514.4,8.7,2198.8,-2.7,60.4,56.0,70.5,54.6,203124.4,203124.4,406248.8,80.78444161629017,80.78444161629017,161.56888323258033,60.36666666666667,-0.026934984520123773
83,Company_83,Healthcare,Oceania,2017,2454.3,9.2,2808.5,-2.4,60.7,55.6,69.2,57.3,199062.2,199062.2,398124.4,81.10752556737155,81.10752556737155,162.2150511347431,60.70000000000001,-0.023902322621699
83,Company_83,Healthcare,Oceania,2018,2992.0,7.0,2644.8,21.9,60.8,54.8,71.8,55.9,244215.2,244215.2,488430.3,81.62272727272727,81.62272727272727,163.24542112299466,60.833333333333336,0.2190848714501079
83,Company_83,Healthcare,Oceania,2019,3249.0,5.1,2729.2,8.6,61.8,56.6,74.0,54.7,261167.9,261167.9,522335.7,80.38408741151123,80.38408741151123,160.76814404432133,61.76666666666667,0.08589572192513373
83,Company_83,Healthcare,Oceania,2020,3550.8,4.3,3542.7,9.3,61.8,58.5,72.0,54.8,280642.6,280642.6,561285.2,79.03644249183282,79.03644249183282,158.07288498366563,61.76666666666667,0.09289012003693453
83,Company_83,Healthcare,Oceania,2021,3548.4,6.6,4566.4,-0.1,61.8,62.1,70.9,52.4,271649.8,271649.8,543299.5,76.55557434336602,76.55557434336602,153.11112050501634,61.800000000000004,-0.0006759040216289813
83,Company_83,Healthcare,Oceania,2022,3815.3,5.3,3533.8,7.5,61.5,61.1,73.1,50.5,294774.3,294774.3,589548.7,77.26110659712211,77.26110659712211,154.5222394045029,61.56666666666666,0.07521699921091196
83,Company_83,Healthcare,Oceania,2023,3686.4,5.3,3502.8,-3.4,61.9,62.1,72.6,50.9,282126.5,282126.5,564253.0,76.53171115451389,76.53171115451389,153.06342230902777,61.86666666666667,-0.03378502345818157
83,Company_83,Healthcare,Oceania,2024,3880.7,7.1,4141.9,5.3,64.7,65.8,77.5,50.7,287068.8,287068.8,574137.5,73.97345839668101,73.97345839668101,147.94689102481513,64.66666666666667,0.05270724826388884
83,Company_83,Healthcare,Oceania,2025,3696.9,10.3,3804.9,-4.7,64.8,68.5,76.5,49.5,266406.5,266406.5,532813.0,72.06213313857556,72.06213313857556,144.12426627715112,64.83333333333333,-0.0473625892235936
84,Company_84,Consumer Goods,Middle East,2015,1992.8,11.8,3256.2,11.6,14.1,27.7,4.5,10.1,401031.0,501288.7,2005155.0,201.23996386993176,251.54992974708952,1006.1998193496588,14.100000000000001,
84,Company_84,Consumer Goods,Middle East,2016,1793.0,9.1,3780.2,-10.0,13.6,27.9,4.7,8.1,360305.1,450381.4,1801525.5,200.95097601784718,251.1887339654211,1004.7548800892359,13.566666666666668,-0.10026093938177438
84,Company_84,Consumer Goods,Middle East,2017,2198.9,10.9,3760.6,22.6,14.6,29.3,7.3,7.2,437592.6,546990.7,2187963.0,199.00522988767108,248.7565146209468,995.0261494383554,14.600000000000001,0.22638036809815953
84,Company_84,Consumer Goods,Middle East,2018,2350.7,13.5,6095.2,6.9,16.0,30.0,7.7,10.3,465448.8,581811.0,2327244.2,198.00433913302422,247.50542391628028,990.0217807461609,16.0,0.06903451725862908
84,Company_84,Consumer Goods,Middle East,2019,2771.7,11.3,6868.7,17.9,14.2,30.9,4.5,7.2,545252.4,681565.5,2726262.0,196.72129018292026,245.9016127286503,983.6064509146012,14.200000000000001,0.17909558854809204
84,Company_84,Consumer Goods,Middle East,2020,2581.2,10.3,3449.3,-6.9,13.5,31.2,3.9,5.5,506887.7,633609.6,2534438.4,196.37676274600963,245.4709437470944,981.8837749883776,13.533333333333333,-0.06873038207598225
84,Company_84,Consumer Goods,Middle East,2021,3333.6,14.1,9279.3,29.1,15.8,35.3,1.9,10.3,635231.2,794039.0,3176156.0,190.55411567074634,238.19264458843293,952.7705783537317,15.833333333333334,0.29149232914923306
84,Company_84,Consumer Goods,Middle East,2022,3018.3,13.0,6265.3,-9.5,15.2,37.4,0.6,7.5,566180.0,707725.0,2830900.1,187.58241394162275,234.47801742702845,937.9121028393466,15.166666666666666,-0.09458243340532746
84,Company_84,Consumer Goods,Middle East,2023,3258.5,10.7,7645.1,8.0,15.5,37.5,0.0,8.9,610901.9,763627.3,3054509.4,187.47948442534909,234.34933251496088,937.3973914377781,15.466666666666667,0.07958122121724154
84,Company_84,Consumer Goods,Middle East,2024,3753.4,7.3,6335.6,15.2,16.2,38.4,0.0,10.2,699138.2,873922.7,3495690.9,186.267970373528,232.83494964565458,931.3398252251292,16.2,0.1518796992481204
84,Company_84,Consumer Goods,Middle East,2025,4337.2,6.0,2769.7,15.6,18.1,38.5,3.1,12.8,807353.6,1009192.0,4036767.9,186.1462694826155,232.6828368532694,930.7313243567279,18.133333333333336,0.1555389779932861
85,Company_85,Manufacturing,Asia,2015,1474.6,4.8,573.7,5.65,53.9,51.8,36.5,73.4,370358.7,493811.6,6172645.2,251.15875491658758,334.8783398887834,4185.979384239794,53.9,
85,Company_85,Manufacturing,Asia,2016,1617.4,8.4,1719.8,9.7,55.7,51.7,36.2,79.2,406690.0,542253.3,6778166.7,251.44676641523432,335.2623346111043,4190.779460863114,55.70000000000001,0.09683982096839827
85,Company_85,Manufacturing,Asia,2017,1749.9,7.4,1693.4,8.2,55.6,48.3,38.3,80.2,452557.7,603410.2,7542627.6,258.6191782387565,344.8255328875935,4310.319218241042,55.6,0.08192160257202907
85,Company_85,Manufacturing,Asia,2018,1805.3,4.6,837.0,3.2,57.6,52.1,40.3,80.4,452337.6,603116.9,7538960.8,250.56090400487452,334.0812607322883,4176.015509887553,57.6,0.0316589519401107
85,Company_85,Manufacturing,Asia,2019,1954.1,3.1,1262.1,8.2,60.0,53.4,44.9,81.6,484375.7,645834.2,8072927.6,247.8766183920987,330.5021237398291,4131.276597922317,59.96666666666666,0.08242397385476097
85,Company_85,Manufacturing,Asia,2020,2031.4,3.8,660.8,4.0,60.8,53.7,46.9,81.9,502358.7,669811.5,8372644.3,247.29679039086344,329.7290046273506,4121.612828591119,60.833333333333336,0.03955785271992229
85,Company_85,Manufacturing,Asia,2021,1992.5,2.8,661.3,-1.9,61.2,54.8,47.2,81.5,487858.6,650478.1,8130976.7,244.84747804265996,326.46328732747804,4080.7913174404016,61.166666666666664,-0.019149355124544742
85,Company_85,Manufacturing,Asia,2022,1960.6,3.9,1562.6,-1.6,61.2,53.4,47.8,82.2,485874.2,647832.3,8097904.0,247.81913699887792,330.42553300010206,4130.319290013262,61.133333333333326,-0.016010037641154384
85,Company_85,Manufacturing,Asia,2023,2104.6,6.2,1399.3,7.3,62.3,56.5,49.6,80.7,508153.5,677538.0,8469224.6,241.44896892521146,321.9319585669486,4024.1492920269884,62.26666666666667,0.07344690400897691
85,Company_85,Manufacturing,Asia,2024,2181.7,2.5,1038.9,3.7,64.1,57.0,53.1,82.2,524400.5,699200.7,8740008.4,240.36324884264567,320.4843470687996,4006.0541779346386,64.10000000000001,0.036634039722512446
85,Company_85,Manufacturing,Asia,2025,2382.0,-0.5,4128.1,9.2,64.5,59.3,52.1,82.0,560737.7,747650.3,9345628.3,235.406255247691,313.8750209907641,3923.4375734676746,64.46666666666667,0.09180913966173176
86,Company_86,Finance,Asia,2015,2457.6,9.2,4290.3,1.7999999999999998,46.4,99.8,23.6,15.9,24641.0,12320.5,61602.4,10.026448567708334,5.013224283854167,25.066080729166668,46.43333333333334,
86,Company_86,Finance,Asia,2016,2711.0,10.7,3956.2,10.3,48.0,99.2,28.5,16.4,27422.8,13711.4,68557.1,10.11538177794172,5.05769088897086,25.288491331611954,48.03333333333333,0.10310872395833348
86,Company_86,Finance,Asia,2017,2964.3,11.5,4396.8,9.3,47.4,100.0,28.0,14.1,29643.5,14821.7,74108.7,10.00016867388591,5.000067469554364,25.000404817326178,47.36666666666667,0.09343415713758763
86,Company_86,Finance,Asia,2018,2901.7,12.7,5272.5,-2.1,47.6,99.9,30.8,12.0,29047.4,14523.7,72618.6,10.010476617155462,5.005238308577731,25.02622600544509,47.56666666666667,-0.021117970515804885
86,Company_86,Finance,Asia,2019,3115.3,13.1,3740.4,7.4,48.1,100.0,32.7,11.6,31152.7,15576.4,77881.8,9.999903701088177,4.9999679003627255,24.99977530253908,48.099999999999994,0.07361202053968374
86,Company_86,Finance,Asia,2020,3206.3,13.0,8221.1,2.9,49.8,100.0,36.8,12.7,32063.1,16031.6,80157.8,10.000031188597447,5.000031188597449,25.000093565792344,49.833333333333336,0.029210669919429888
86,Company_86,Finance,Asia,2021,3123.9,14.9,5954.6,-2.6,48.9,100.0,34.9,11.8,31239.1,15619.6,78097.8,10.000032011267965,5.000032011267966,25.0000960338039,48.900000000000006,-0.02569940429778872
86,Company_86,Finance,Asia,2022,3848.7,12.8,7705.0,23.2,48.6,100.0,34.7,11.1,38486.5,19243.3,96216.3,9.999870086003066,4.999948034401227,24.99968820640736,48.599999999999994,0.23201767021991726
86,Company_86,Finance,Asia,2023,3339.7,9.4,4066.8,-13.2,50.3,100.0,37.0,13.8,33396.6,16698.3,83491.4,9.999880228763063,4.999940114381531,24.99967062909842,50.26666666666667,-0.13225244887884224
86,Company_86,Finance,Asia,2024,3270.2,10.7,5383.4,-2.1,49.2,97.4,39.9,10.4,33899.4,16949.7,84748.5,10.366154975230874,5.183077487615437,25.915387438077182,49.23333333333334,-0.020810252417881814
86,Company_86,Finance,Asia,2025,3293.6,10.0,3056.2,0.7,51.2,97.5,42.6,13.4,34105.7,17052.9,85264.3,10.355143308234151,5.1775868350740835,25.887873451542387,51.166666666666664,0.007155525655923256
87,Company_87,Technology,Oceania,2015,40779.1,13.1,184035.7,6.2,78.0,96.4,77.4,60.1,1070742.4,642445.5,2141484.9,26.257136621455597,15.754283444215297,52.51427569514776,77.96666666666667,
87,Company_87,Technology,Oceania,2016,41951.7,17.0,150448.9,2.9,76.5,94.2,76.6,58.8,1133543.3,680126.0,2267086.7,27.020199419808975,16.21212012862411,54.04040122331158,76.53333333333335,0.028754925930194686
87,Company_87,Technology,Oceania,2017,45234.9,17.3,162630.5,7.8,76.0,92.7,75.3,59.9,1247132.1,748279.3,2494264.2,27.5701305850129,16.542079235280724,55.1402611700258,75.96666666666667,0.07826142921502588
87,Company_87,Technology,Oceania,2018,42978.9,19.6,126351.1,-5.0,77.1,92.9,76.8,61.5,1180893.4,708536.1,2361786.8,27.476119677330036,16.48567320243189,54.95223935466007,77.06666666666666,-0.04987299629268549
87,Company_87,Technology,Oceania,2019,47726.3,19.4,264896.4,11.0,77.4,94.5,77.0,60.7,1284389.8,770633.9,2568779.6,26.911572864437428,16.146944137718616,53.823145728874856,77.39999999999999,0.11045885306510872
87,Company_87,Technology,Oceania,2020,49235.5,20.7,211761.8,3.2,77.0,96.3,76.2,58.6,1295208.9,777125.4,2590417.9,26.306402900346292,15.783842958840674,52.61280783174742,77.03333333333333,0.03162197781935738
87,Company_87,Technology,Oceania,2021,55091.2,21.9,258991.3,11.9,76.6,96.8,77.1,55.8,1438803.7,863282.2,2877607.4,26.116760934595725,15.670056197723047,52.23352186919145,76.56666666666666,0.11893247758223224
87,Company_87,Technology,Oceania,2022,58606.6,19.8,263367.8,6.4,77.2,100.0,76.7,55.0,1465164.4,879098.6,2930328.8,24.999989762245207,14.999993174830138,49.99997952449041,77.23333333333333,0.0638105541356877
87,Company_87,Technology,Oceania,2023,50938.2,16.1,131534.7,-13.1,77.8,98.3,75.9,59.2,1303387.9,782032.7,2606775.8,25.587631679172016,15.352578222237927,51.17526335834403,77.8,-0.13084533141318555
87,Company_87,Technology,Oceania,2024,54017.5,14.8,248985.2,6.0,76.2,95.5,76.2,56.9,1435104.3,861062.6,2870208.6,26.567395751376868,15.940437821076502,53.134791502753735,76.2,0.06045168459034689
87,Company_87,Technology,Oceania,2025,58549.7,16.8,155521.9,8.4,75.6,94.7,75.8,56.2,1571827.5,943096.5,3143654.9,26.846038493792456,16.10762309627547,53.692075279634224,75.56666666666666,0.0839024390243901
88,Company_88,Manufacturing,North America,2015,852.2,9.8,939.5,5.8,74.5,69.9,72.0,81.5,181620.6,242160.8,3027009.7,213.1196902135649,284.15958695141984,3551.9944848627083,74.46666666666667,
88,Company_88,Manufacturing,North America,2016,920.0,10.3,2066.3,8.0,75.7,71.4,70.9,84.7,193175.2,257566.9,3219586.1,209.97304347826088,279.96402173913043,3499.5501086956524,75.66666666666667,0.07955878901666269
88,Company_88,Manufacturing,North America,2017,973.4,8.7,1832.5,5.8,76.4,73.1,71.7,84.3,201076.6,268102.1,3351276.2,206.57139921923158,275.4284980480789,3442.856174234642,76.36666666666667,0.05804347826086964
88,Company_88,Manufacturing,North America,2018,1035.9,6.7,723.8,6.4,76.5,71.6,73.0,84.9,217137.9,289517.2,3618964.8,209.61280046336518,279.48373395115357,3493.5464813205904,76.5,0.06420793096363275
88,Company_88,Manufacturing,North America,2019,1046.9,10.5,885.1,1.1,75.6,73.2,69.6,84.0,216004.2,288005.6,3600069.5,206.32744292673607,275.1032572356481,3438.7902378450663,75.60000000000001,0.010618785597065417
88,Company_88,Manufacturing,North America,2020,1065.2,6.5,1428.5,1.8,77.4,73.4,72.6,86.2,219219.0,292292.0,3653650.1,205.8007885843034,274.4010514457379,3430.0132369508074,77.39999999999999,0.017480179577801014
88,Company_88,Manufacturing,North America,2021,1233.2,5.3,846.0,15.8,78.8,73.9,73.3,89.3,252651.9,336869.2,4210864.6,204.87504054492376,273.166720726565,3414.5836847226724,78.83333333333333,0.15771686068343982
88,Company_88,Manufacturing,North America,2022,1242.6,6.8,922.8,0.8,79.3,76.6,73.0,88.2,247354.0,329805.4,4122567.2,199.06164493803317,265.4155802349912,3317.6945115081285,79.26666666666667,0.007622445669801969
88,Company_88,Manufacturing,North America,2023,1289.0,3.1,594.8,3.7,79.1,79.4,70.2,87.7,249041.8,332055.7,4150696.2,193.20543056633048,257.60721489526765,3220.090147401086,79.10000000000001,0.03734105906969276
88,Company_88,Manufacturing,North America,2024,1535.7,3.1,468.5,19.1,81.4,83.1,71.3,89.9,284728.8,379638.4,4745480.4,185.40652471185777,247.2086996158104,3090.109005665169,81.43333333333332,0.19138867339022503
88,Company_88,Manufacturing,North America,2025,1624.2,0.5,89.4,5.8,82.8,85.8,73.0,89.7,291977.1,389302.8,4866285.4,179.7667159216845,239.688954562246,2996.112178303165,82.83333333333333,0.05762844305528425
89,Company_89,Utilities,Europe,2015,1212.2,14.3,1500.4,3.65,29.3,28.3,44.8,14.8,971444.2,607152.6,9714442.1,801.389374690645,500.8683385579937,8013.893829401089,29.299999999999997,
89,Company_89,Utilities,Europe,2016,1378.9,14.0,1654.7,13.8,29.4,30.6,46.4,11.3,1087233.0,679520.6,10872329.7,788.4784973529624,492.79904271520775,7884.784755964898,29.433333333333334,0.13751856129351592
89,Company_89,Utilities,Europe,2017,1310.7,15.1,2507.8,-5.0,31.4,32.7,50.4,11.2,1018579.1,636611.9,10185790.8,777.1260395208667,485.70374608987566,7771.2602426184485,31.433333333333334,-0.04945971426499385
89,Company_89,Utilities,Europe,2018,1209.5,15.3,2000.8,-7.7,30.5,31.6,49.3,10.7,947226.4,592016.5,9472264.2,783.1553534518396,489.47209590739976,7831.553699875981,30.533333333333335,-0.07721065079728395
89,Company_89,Utilities,Europe,2019,1355.0,12.9,2104.8,12.0,31.8,33.8,50.6,10.9,1044245.0,652653.1,10442450.2,770.6605166051661,481.66280442804424,7706.605313653136,31.76666666666667,0.12029764365440254
89,Company_89,Utilities,Europe,2020,1292.0,15.3,2737.4,-4.7,32.7,34.7,52.6,10.8,989361.0,618350.6,9893609.6,765.7592879256966,478.59953560371514,7657.592569659442,32.7,-0.04649446494464948
89,Company_89,Utilities,Europe,2021,1570.4,11.9,2792.0,21.5,34.4,34.9,55.2,13.2,1200936.5,750585.3,12009365.0,764.732870606215,477.9580361691289,7647.32870606215,34.43333333333333,0.21547987616099085
89,Company_89,Utilities,Europe,2022,1795.1,10.8,2195.0,14.3,36.7,35.7,57.5,16.9,1364355.6,852722.3,13643556.2,760.0443429335414,475.02774218706486,7600.443540749819,36.699999999999996,0.14308456444218032
89,Company_89,Utilities,Europe,2023,1553.7,14.3,2238.3,-13.4,35.9,36.7,54.4,16.5,1172152.1,732595.1,11721521.1,754.4262727682307,471.5164446160777,7544.262792044796,35.86666666666667,-0.13447718790039542
89,Company_89,Utilities,Europe,2024,1471.5,15.6,1945.1,-5.3,36.4,34.2,55.3,19.5,1130453.6,706533.5,11304535.5,768.2321440706762,480.1450900441726,7682.321100917431,36.333333333333336,-0.05290596640278045
89,Company_89,Utilities,Europe,2025,1668.6,17.1,2873.0,13.4,36.9,36.4,55.8,18.5,1261380.0,788362.5,12613800.3,755.9510967277957,472.4694354548724,7559.5111470694,36.9,0.13394495412844032
90,Company_90,Energy,Africa,2015,6916.8,-3.4,28583.5,2.15,22.4,8.6,26.9,31.5,7882643.0,2364792.9,78826430.3,1139.6372600046263,341.8911780013879,11396.372643418921,22.333333333333332,
90,Company_90,Energy,Africa,2016,6855.9,0.1,89.9,-0.9,25.0,8.2,30.2,36.5,7831208.0,2349362.4,78312080.5,1142.2582009655916,342.6774602896775,11422.582082585803,24.96666666666667,-0.00880464954892446
90,Company_90,Energy,Africa,2017,6716.7,-0.7,27034.4,-2.0,26.1,10.9,32.5,34.9,7546012.4,2263803.7,75460124.4,1123.4702160287047,337.0410618309587,11234.702219840101,26.099999999999998,-0.020303680042007555
90,Company_90,Energy,Africa,2018,5243.3,-1.2,7148.0,-21.9,26.6,14.4,31.2,34.3,5764177.2,1729253.2,57641771.8,1099.341483416932,329.802452653863,10993.414796025403,26.633333333333336,-0.21936367561451298
90,Company_90,Energy,Africa,2019,5451.1,-9.5,17141.6,4.0,26.3,16.0,29.6,33.3,5931690.7,1779507.2,59316907.1,1088.1639852506833,326.4491937407129,10881.639870851754,26.3,0.039631529761791295
90,Company_90,Energy,Africa,2020,5827.1,-11.0,19596.3,6.9,27.5,17.7,30.5,34.2,6269291.9,1880787.6,62692919.4,1075.8854147002796,322.76562955844247,10758.854215647576,27.46666666666667,0.06897690374419851
90,Company_90,Energy,Africa,2021,6146.6,-8.8,8709.7,5.5,29.2,17.9,32.7,36.9,6604003.2,1981201.0,66040031.9,1074.415644421306,322.32469983405457,10744.156427943903,29.166666666666668,0.054830018362478805
90,Company_90,Energy,Africa,2022,6385.3,-0.8,21545.5,3.9,30.0,20.8,30.1,39.3,6734440.2,2020332.1,67344402.3,1054.6787464958577,316.40363021314585,10546.78751194149,30.066666666666666,0.0388344775973708
90,Company_90,Energy,Africa,2023,7185.8,6.7,4773.1,12.5,29.0,22.0,30.1,34.9,7516371.8,2254911.5,75163717.9,1046.0034790837485,313.80103815859053,10460.034776921151,29.0,0.12536607520398424
90,Company_90,Energy,Africa,2024,7212.4,2.0,1743.4,0.4,29.1,23.2,30.7,33.5,7484625.1,2245387.5,74846250.8,1037.7440380455882,311.3232072541734,10377.440352725862,29.133333333333336,0.003701745108408261
90,Company_90,Energy,Africa,2025,6572.5,-3.4,3945.0,-8.9,30.5,23.7,31.6,36.1,6794936.2,2038480.9,67949362.1,1033.8434689996197,310.1530467858501,10338.434705211106,30.46666666666667,-0.08872220065442848
91,Company_91,Manufacturing,Europe,2015,4079.5,13.4,10403.9,-4.25,62.7,46.2,52.9,89.0,1072422.2,1429896.3,17873704.0,262.8807942149773,350.5077337909058,4381.346733668342,62.699999999999996,
91,Company_91,Manufacturing,Europe,2016,3953.1,17.1,11633.2,-3.1,62.7,47.1,53.4,87.6,1031785.9,1375714.5,17196431.2,261.00677948951454,348.0090308871519,4350.112873441097,62.699999999999996,-0.030984189238877358
91,Company_91,Manufacturing,Europe,2017,4026.8,21.8,11827.8,1.9,63.5,48.8,54.0,87.6,1036693.6,1382258.1,17278225.9,257.44849508294425,343.2646518327208,4290.808060991358,63.46666666666666,0.01864359616503508
91,Company_91,Manufacturing,Europe,2018,3799.5,25.6,9842.8,-5.6,62.0,46.2,53.4,86.4,999548.9,1332731.9,16659148.4,263.07379918410317,350.76507435188836,4384.563337281222,62.0,-0.05644680639713917
91,Company_91,Manufacturing,Europe,2019,4066.6,26.9,10704.0,7.0,64.3,47.7,56.0,89.0,1056520.4,1408693.9,17608673.6,259.80435744848273,346.405818128166,4330.072689716225,64.23333333333333,0.07029872351625222
91,Company_91,Manufacturing,Europe,2020,3912.2,28.0,10531.7,-3.8,64.7,49.5,55.4,89.1,1001882.7,1335843.6,16698044.4,256.0918920300598,341.45585604007977,4268.198047134605,64.66666666666667,-0.03796783553828753
91,Company_91,Manufacturing,Europe,2021,3378.5,30.2,12262.6,-13.6,65.4,52.1,53.5,90.6,846508.8,1128678.4,14108480.2,250.55758472694984,334.07677963593306,4175.959804647033,65.39999999999999,-0.13641940596084046
91,Company_91,Manufacturing,Europe,2022,3356.1,32.7,13292.0,-0.7,65.9,54.4,53.9,89.4,824716.7,1099622.2,13745277.6,245.7366288251244,327.64881856917253,4095.610261911147,65.89999999999999,-0.006630161314192695
91,Company_91,Manufacturing,Europe,2023,3120.0,31.2,20745.8,-7.0,65.2,52.9,54.0,88.6,776771.6,1035695.4,12946192.6,248.96525641025642,331.9536538461538,4149.420705128205,65.16666666666667,-0.07034951282738888
91,Company_91,Manufacturing,Europe,2024,2929.0,34.1,12112.7,-6.1,64.3,51.3,53.4,88.3,738789.1,985052.1,12313151.1,252.23253670194606,336.31003755547965,4203.875418231478,64.33333333333333,-0.06121794871794872
91,Company_91,Manufacturing,Europe,2025,2792.0,33.3,7690.1,-4.7,65.4,51.6,54.5,90.1,702579.0,936772.0,11709650.4,251.6400429799427,335.5200573065903,4194.000859598854,65.39999999999999,-0.04677364288152952
92,Company_92,Healthcare,Asia,2015,3287.7,17.2,10762.0,1.0999999999999999,32.1,54.5,20.0,21.9,269160.6,269160.6,538321.1,81.86896614654621,81.86896614654621,163.73790187669192,32.13333333333333,
92,Company_92,Healthcare,Asia,2016,3113.9,17.1,8279.1,-5.3,31.6,53.9,16.9,24.2,256282.7,256282.7,512565.3,82.30280355823886,82.30280355823886,164.60557500240856,31.666666666666668,-0.05286370410925567
92,Company_92,Healthcare,Asia,2017,3308.0,17.7,12522.8,6.2,33.8,54.7,21.8,25.0,270184.6,270184.6,540369.2,81.67611850060459,81.67611850060459,163.35223700120918,33.833333333333336,0.062333408266161294
92,Company_92,Healthcare,Asia,2018,3535.7,17.8,12302.3,6.9,34.3,56.6,23.3,23.0,284136.7,284136.7,568273.3,80.3622196453319,80.3622196453319,160.72441100772127,34.300000000000004,0.06883313180169282
92,Company_92,Healthcare,Asia,2019,3469.5,14.9,7023.6,-1.9,34.0,52.7,24.0,25.4,288412.5,288412.5,576825.0,83.12797233030696,83.12797233030696,166.25594466061392,34.03333333333333,-0.01872330797296151
92,Company_92,Healthcare,Asia,2020,3826.7,15.1,10143.2,10.3,34.2,53.1,26.1,23.4,317050.0,317050.0,634100.0,82.8520657485562,82.8520657485562,165.7041314971124,34.199999999999996,0.10295431618388817
92,Company_92,Healthcare,Asia,2021,3424.6,20.4,12158.3,-10.5,36.3,57.7,27.5,23.5,272533.8,272533.8,545067.5,79.58120656427027,79.58120656427027,159.16238392805,36.233333333333334,-0.10507748190346777
92,Company_92,Healthcare,Asia,2022,3108.8,24.4,14990.6,-9.2,35.6,56.7,28.0,22.1,249608.4,249608.4,499216.9,80.29091610910962,80.29091610910962,160.58186438497168,35.6,-0.09221514921450669
92,Company_92,Healthcare,Asia,2023,2553.3,23.8,14782.7,-17.9,37.2,59.4,29.5,22.5,200160.1,200160.1,400320.2,78.39270747659891,78.39270747659891,156.78541495319783,37.13333333333333,-0.17868630983015954
92,Company_92,Healthcare,Asia,2024,2659.1,23.9,6961.7,4.1,36.5,60.6,26.9,22.0,206333.2,206333.2,412666.5,77.59512617050882,77.59512617050882,155.19028994772668,36.5,0.04143657227901132
92,Company_92,Healthcare,Asia,2025,2801.1,23.9,12657.6,5.3,35.4,59.0,26.8,20.4,220455.0,220455.0,440910.1,78.70300953196958,78.70300953196958,157.40605476419978,35.4,0.05340152683238686
93,Company_93,Retail,Latin America,2015,835.3,7.8,1321.5,-5.449999999999999,52.5,86.0,41.8,29.6,49956.1,24978.1,99912.2,59.80617742128577,29.90314856937627,119.61235484257153,52.46666666666667,
93,Company_93,Retail,Latin America,2016,763.6,9.7,1457.2,-8.6,53.9,88.1,43.1,30.5,44530.8,22265.4,89061.6,58.316919853326354,29.158459926663177,116.63383970665271,53.9,-0.08583742368011482
93,Company_93,Retail,Latin America,2017,752.3,10.9,1087.2,-1.5,56.7,89.3,48.1,32.7,43241.4,21620.7,86482.7,57.47893127741593,28.739465638707966,114.95772962913732,56.70000000000001,-0.014798323729701468
93,Company_93,Retail,Latin America,2018,748.0,11.9,978.4,-0.6,59.1,91.3,50.9,35.3,41979.1,20989.5,83958.1,56.12179144385026,28.06082887700535,112.24344919786097,59.166666666666664,-0.005715804865080387
93,Company_93,Retail,Latin America,2019,722.1,12.0,1954.3,-3.5,62.0,95.3,53.6,37.0,38495.6,19247.8,76991.3,53.310621797534964,26.655310898767482,106.62138208004431,61.96666666666667,-0.03462566844919779
93,Company_93,Retail,Latin America,2020,629.2,10.3,1435.1,-12.9,62.8,95.8,55.0,37.5,33319.1,16659.6,66638.2,52.954704386522565,26.477431659249838,105.90940877304513,62.76666666666667,-0.12865254119927982
93,Company_93,Retail,Latin America,2021,593.9,7.6,755.5,-5.6,62.1,96.4,53.5,36.4,31193.9,15596.9,62387.7,52.523825559858565,26.26182859067183,105.04748274120222,62.1,-0.056102987921169856
93,Company_93,Retail,Latin America,2022,545.7,6.2,709.7,-8.1,62.1,95.8,54.2,36.2,28870.2,14435.1,57740.5,52.90489279824079,26.452446399120394,105.80996884735201,62.06666666666666,-0.08115844418252216
93,Company_93,Retail,Latin America,2023,516.7,8.6,1065.2,-5.3,64.4,98.9,56.4,37.9,26244.1,13122.1,52488.2,50.791755370621246,25.39597445326108,101.58351074124249,64.4,-0.05314275242807398
93,Company_93,Retail,Latin America,2024,468.8,7.9,491.2,-9.3,65.6,100.0,59.7,37.1,23442.1,11721.1,46884.2,50.0044795221843,25.002346416382252,100.0089590443686,65.6,-0.09270369653570742
93,Company_93,Retail,Latin America,2025,502.4,7.1,418.4,7.1,66.7,99.8,61.8,38.6,25199.2,12599.6,50398.4,50.15764331210192,25.07882165605096,100.31528662420384,66.73333333333333,0.07167235494880542
94,Company_94,Utilities,North America,2015,352.1,12.7,621.3,-2.8,56.6,39.4,59.5,70.8,260376.2,162735.2,2603762.5,739.4950298210736,462.18460664583927,7394.9517182618565,56.56666666666666,
94,Company_94,Utilities,North America,2016,325.3,9.4,248.4,-7.6,56.8,40.1,59.7,70.7,239158.4,149474.0,2391583.9,735.1933599754072,459.49584998462956,7351.933292345527,56.833333333333336,-0.07611474013064468
94,Company_94,Utilities,North America,2017,319.9,9.4,373.8,-1.6,56.2,42.2,57.5,69.0,231484.9,144678.1,2314849.2,723.6164426383245,452.2603938730854,7236.16505157862,56.23333333333333,-0.01660006148170934
94,Company_94,Utilities,North America,2018,332.7,8.8,332.4,4.0,55.4,44.2,56.8,65.2,237105.5,148190.9,2371054.8,712.6705740907724,445.41899609257587,7126.705139765554,55.4,0.04001250390747102
94,Company_94,Utilities,North America,2019,343.6,9.0,411.7,3.3,54.2,42.9,55.4,64.3,247396.4,154622.8,2473964.0,720.0128055878928,450.0081490104772,7200.1280558789285,54.199999999999996,0.032762248271716254
94,Company_94,Utilities,North America,2020,327.4,9.1,379.3,-4.7,54.5,42.3,56.3,65.0,236710.6,147944.1,2367105.7,723.0012217470984,451.87568723274285,7230.011301160661,54.53333333333333,-0.04714784633294544
94,Company_94,Utilities,North America,2021,331.0,8.4,369.7,1.1,53.5,42.8,56.0,61.6,238375.5,148984.7,2383754.8,720.1676737160121,450.10483383685806,7201.676132930513,53.46666666666667,0.010995723885155906
94,Company_94,Utilities,North America,2022,359.3,6.4,232.9,8.6,53.7,43.3,54.4,63.5,257734.9,161084.3,2577349.1,717.3250765377122,448.3281380462009,7173.251043696076,53.73333333333333,0.08549848942598182
94,Company_94,Utilities,North America,2023,314.5,6.8,181.2,-12.5,56.4,46.6,56.2,66.3,219814.7,137384.2,2198146.8,698.9338632750398,436.83370429252784,6989.337996820349,56.366666666666674,-0.12468689117728915
94,Company_94,Utilities,North America,2024,302.0,5.3,217.3,-4.0,57.8,46.4,59.1,67.8,211429.9,132143.7,2114298.6,700.0990066225165,437.56192052980134,7000.988741721854,57.76666666666667,-0.03974562798092207
94,Company_94,Utilities,North America,2025,275.3,5.0,159.5,-8.8,57.8,46.9,59.7,66.9,191932.3,119957.7,1919323.0,697.1750817290228,435.73447148565197,6971.750817290229,57.833333333333336,-0.08841059602649004
95,Company_95,Retail,North America,2015,877.3,10.9,1130.9,2.85,68.9,59.3,49.2,98.0,68843.5,34421.8,137687.0,78.4720164139975,39.2360652000456,156.944032827995,68.83333333333333,
95,Company_95,Retail,North America,2016,879.1,9.0,1482.8,0.2,68.8,59.2,48.8,98.4,69056.5,34528.3,138113.0,78.55363439881697,39.2768740757593,157.10726879763394,68.8,0.002051749686538429
95,Company_95,Retail,North America,2017,977.1,8.1,1613.3,11.1,70.4,62.1,51.4,97.6,74772.8,37386.4,149545.5,76.52522771466585,38.26261385733292,153.05035308566164,70.36666666666666,0.11147764759413037
95,Company_95,Retail,North America,2018,1003.1,9.3,2297.2,2.7,70.5,62.1,51.3,98.1,76802.0,38401.0,153604.0,76.56464958628253,38.282324793141264,153.12929917256506,70.5,0.02660935421144206
95,Company_95,Retail,North America,2019,1022.1,8.0,1529.2,1.9,72.0,64.5,51.4,100.0,76518.4,38259.2,153036.9,74.863907641131,37.4319538205655,149.72791312004696,71.96666666666667,0.018941282025720207
95,Company_95,Retail,North America,2020,1121.3,10.4,2287.0,9.7,73.9,68.2,53.6,100.0,81038.6,40519.3,162077.3,72.27200570766075,36.13600285383038,144.54410059752072,73.93333333333334,0.09705508267292817
95,Company_95,Retail,North America,2021,1205.3,10.9,1740.3,7.5,73.8,69.1,52.4,100.0,86321.0,43160.5,172642.1,71.61785447606405,35.80892723803203,143.2357919190243,73.83333333333333,0.07491304735574777
95,Company_95,Retail,North America,2022,1265.3,14.0,3168.0,5.0,73.2,66.9,53.1,99.6,92611.4,46305.7,185222.7,73.19323480597487,36.596617402987434,146.38639057930928,73.2,0.049780137725047746
95,Company_95,Retail,North America,2023,1296.1,14.5,3545.1,2.4,72.4,65.6,54.3,97.4,96061.3,48030.7,192122.7,74.11565465627653,37.05786590540853,148.2313864670936,72.43333333333334,0.024342053267999653
95,Company_95,Retail,North America,2024,1310.8,15.2,3816.5,1.1,72.1,64.6,53.4,98.4,98030.0,49015.0,196060.0,74.7863899908453,37.39319499542265,149.5727799816906,72.13333333333334,0.011341717460072509
95,Company_95,Retail,North America,2025,1350.4,16.5,3276.8,3.0,71.1,61.0,52.3,100.0,104368.2,52184.1,208736.3,77.2868779620853,38.64343898104265,154.5736818720379,71.10000000000001,0.03021055843759557
96,Company_96,Manufacturing,Middle East,2015,1077.2,-0.1,4533.2,8.7,72.0,80.4,47.0,88.7,205825.4,274433.9,3430424.1,191.07445228369846,254.76596732268845,3184.5749164500558,72.03333333333335,
96,Company_96,Manufacturing,Middle East,2016,1302.2,1.6,332.7,20.9,73.1,82.4,50.7,86.1,243428.2,324570.9,4057136.3,186.93610812471204,249.24811856857627,3115.6015205037625,73.06666666666668,0.20887486075009276
96,Company_96,Manufacturing,Middle East,2017,1467.0,1.2,286.4,12.7,73.4,81.8,53.6,84.7,276006.0,368008.0,4600099.5,188.14314928425358,250.85753237900477,3135.7188139059303,73.36666666666667,0.1265550606665642
96,Company_96,Manufacturing,Middle East,2018,1461.3,4.2,1136.5,-0.4,75.7,85.4,56.9,84.7,263951.3,351935.1,4399188.9,180.62772873468828,240.83699445699034,3010.4625333607064,75.66666666666667,-0.0038854805725971886
96,Company_96,Manufacturing,Middle East,2019,1586.6,1.9,623.2,8.6,78.4,89.4,58.1,87.7,273384.1,364512.2,4556402.3,172.30814319929408,229.74423295096435,2871.8027858313376,78.39999999999999,0.08574556901389174
96,Company_96,Manufacturing,Middle East,2020,1640.7,0.2,46.8,3.4,76.8,86.6,58.2,85.7,292169.8,389559.7,4869495.9,178.07630889254585,237.43505820686292,2967.9380142622053,76.83333333333333,0.03409807134753562
96,Company_96,Manufacturing,Middle East,2021,1784.3,4.6,1169.4,8.8,77.4,88.0,55.7,88.5,312503.5,416671.3,5208391.5,175.14067141175812,233.5208765342151,2919.0110967886567,77.39999999999999,0.08752361796794039
96,Company_96,Manufacturing,Middle East,2022,2011.1,0.4,107.4,12.7,76.9,85.7,57.5,87.7,362045.5,482727.3,6034091.8,180.02361891502164,240.0314753120183,3000.3937148824025,76.96666666666665,0.1271086700666928
96,Company_96,Manufacturing,Middle East,2023,2151.1,-2.8,9512.0,7.0,76.8,88.5,54.1,87.9,374787.3,499716.4,6246455.4,174.23053321556412,232.3073776207522,2903.842406210776,76.83333333333333,0.06961364427427785
96,Company_96,Manufacturing,Middle East,2024,2005.8,-1.9,6096.3,-6.8,75.0,85.7,52.8,86.5,361014.8,481353.0,6016913.0,179.98544221756904,239.9805563864792,2999.7572041080866,75.0,-0.06754683650225468
96,Company_96,Manufacturing,Middle East,2025,2353.3,-2.3,8796.6,17.3,76.4,89.2,51.6,88.4,406287.3,541716.4,6771455.0,172.645774019462,230.1943653592827,2877.4295669910334,76.4,0.17324758201216484
97,Company_97,Consumer Goods,Middle East,2015,858.8,9.8,1346.1,12.55,35.3,57.7,27.4,20.9,136792.4,170990.5,683961.8,159.28318584070797,199.10398230088498,796.4156963204472,35.333333333333336,
97,Company_97,Consumer Goods,Middle East,2016,953.2,10.0,1621.0,11.0,33.2,53.7,27.9,18.1,157100.6,196375.8,785503.1,164.81389005455307,206.01741502308013,824.0695551825429,33.23333333333333,0.10992081974848644
97,Company_97,Consumer Goods,Middle East,2017,1040.8,11.0,1867.0,9.2,33.1,50.1,29.0,20.2,176772.9,220966.1,883864.4,169.8432936202921,212.30409300538048,849.2163720215219,33.1,0.09190096516995383
97,Company_97,Consumer Goods,Middle East,2018,1170.1,12.6,1919.0,12.4,32.8,53.0,28.8,16.6,194039.8,242549.8,970199.2,165.8318092470729,207.28980429023161,829.1592171609265,32.800000000000004,0.12423136049192918
97,Company_97,Consumer Goods,Middle East,2019,1360.4,11.0,2235.6,16.3,31.8,53.4,27.2,14.7,224779.4,280974.3,1123897.1,165.23037341958246,206.538003528374,826.1519406057042,31.766666666666666,0.16263567216477237
97,Company_97,Consumer Goods,Middle East,2020,1673.5,11.0,3764.5,23.0,32.7,52.8,29.9,15.3,277841.6,347302.0,1389208.2,166.02426053181952,207.53032566477444,830.1214221691066,32.666666666666664,0.23015289620699786
97,Company_97,Consumer Goods,Middle East,2021,1718.0,10.5,4322.7,2.7,32.4,56.2,26.6,14.5,277123.9,346404.9,1385619.7,161.306111757858,201.63265424912692,806.5306752037252,32.43333333333334,0.026590976994323334
97,Company_97,Consumer Goods,Middle East,2022,1982.3,9.1,2581.8,15.4,33.4,58.0,27.7,14.3,314671.1,393338.9,1573355.6,158.74040256267972,198.42551581496244,793.7020632598498,33.333333333333336,0.1538416763678696
97,Company_97,Consumer Goods,Middle East,2023,2233.1,7.2,3883.8,12.7,35.5,64.1,31.7,10.8,335680.8,419601.0,1678403.9,150.32054095203978,187.90067619004972,751.6026599794009,35.53333333333333,0.12651969933915153
97,Company_97,Consumer Goods,Middle East,2024,2299.9,12.1,6873.0,3.0,36.4,63.9,32.0,13.3,346208.1,432760.1,1731040.4,150.5318057306839,188.16474629331708,752.6589851732683,36.4,0.02991357305987208
97,Company_97,Consumer Goods,Middle East,2025,2594.3,12.7,5216.3,12.8,38.4,64.7,33.5,17.0,387540.0,484425.0,1937700.1,149.381336005859,186.72667000732375,746.9067185753382,38.4,0.12800556545936792
98,Company_98,Energy,North America,2015,8542.9,18.1,22073.8,11.5,39.7,11.3,45.9,61.8,9573947.4,2872184.2,95739474.1,1120.6905617530347,336.2071661847851,11206.905629235973,39.666666666666664,
98,Company_98,Energy,North America,2016,8068.5,12.7,13202.0,-5.6,39.4,14.5,41.8,61.9,8860795.3,2658238.6,88607952.9,1098.1961083224887,329.45883373613435,10981.96107083101,39.4,-0.055531493989160574
98,Company_98,Energy,North America,2017,10781.9,12.6,13665.7,33.6,41.2,13.3,45.6,64.5,11934439.4,3580331.8,119344393.9,1106.8957604874838,332.06872629128446,11068.957595600034,41.13333333333333,0.33629547003780136
98,Company_98,Energy,North America,2018,12412.2,11.7,22670.4,15.1,42.1,13.0,48.7,64.5,13761253.4,4128376.0,137612533.9,1108.6876943652212,332.6063066982485,11086.876935595623,42.06666666666667,0.15120711562897093
98,Company_98,Energy,North America,2019,13760.5,7.0,10839.3,10.9,41.7,12.1,48.8,64.3,15351852.5,4605555.7,153518524.5,1115.6464154645544,334.69392100577744,11156.464118309654,41.73333333333333,0.10862699602004477
98,Company_98,Energy,North America,2020,14264.4,3.5,8843.2,3.7,41.1,12.8,49.4,61.0,15837650.8,4751295.2,158376508.3,1110.2921118308518,333.0876307450717,11102.921139339896,41.06666666666667,0.03661930889139198
98,Company_98,Energy,North America,2021,13814.3,5.2,11818.8,-3.2,42.5,12.3,51.8,63.4,15383760.8,4615128.2,153837607.8,1113.6113158104286,334.08339184757824,11136.113143626533,42.5,-0.03155407868539861
98,Company_98,Energy,North America,2022,15491.2,7.2,10192.5,12.1,44.8,14.8,55.9,63.7,16986774.2,5096032.3,169867741.8,1096.543469840942,328.9630435343937,10965.434685498863,44.800000000000004,0.12138870590619866
98,Company_98,Energy,North America,2023,17635.2,4.3,14530.8,13.8,46.6,20.7,56.4,62.6,18608760.8,5582628.2,186087608.0,1055.2055434585375,316.56166076937035,10552.055434585374,46.56666666666666,0.13840115678578813
98,Company_98,Energy,North America,2024,20599.5,7.6,23344.7,16.8,47.3,21.4,55.6,64.8,21635018.9,6490505.7,216350188.6,1050.2691278914535,315.08073982378215,10502.691259496589,47.26666666666667,0.16808995645073477
98,Company_98,Energy,North America,2025,22508.4,8.5,27431.6,9.3,47.5,20.7,57.1,64.8,23745202.4,7123560.7,237452023.8,1054.9484814558118,316.4845435481864,10549.48480567255,47.53333333333333,0.09266729774994542
99,Company_99,Healthcare,Asia,2015,4125.2,13.9,9017.5,11.0,58.8,32.3,76.9,67.2,401621.5,401621.5,803242.9,97.35806748763697,97.35806748763697,194.71611073402502,58.800000000000004,
99,Company_99,Healthcare,Asia,2016,4909.8,13.7,15954.4,19.0,58.4,37.1,71.5,66.4,461565.3,461565.3,923130.6,94.00898203592814,94.00898203592814,188.01796407185628,58.333333333333336,0.19019683894114237
99,Company_99,Healthcare,Asia,2017,5255.0,11.3,6288.3,7.0,59.3,35.5,73.4,69.0,500090.6,500090.6,1000181.2,95.16471931493815,95.16471931493815,190.3294386298763,59.300000000000004,0.07030836286610453
99,Company_99,Healthcare,Asia,2018,5580.7,8.4,5865.1,6.2,59.4,34.9,73.0,70.2,533189.4,533189.4,1066378.7,95.54167039977065,95.54167039977065,191.0833228806422,59.366666666666674,0.06197906755470983
99,Company_99,Healthcare,Asia,2019,6399.4,0.8,1003.3,14.7,61.1,38.2,74.5,70.6,596625.0,596625.0,1193249.9,93.23139669344002,93.23139669344002,186.46277776041504,61.1,0.14670202662748388
99,Company_99,Healthcare,Asia,2020,7089.7,-1.0,12770.8,10.8,60.3,38.3,75.4,67.2,660496.1,660496.1,1320992.2,93.1627713443446,93.1627713443446,186.3255426886892,60.300000000000004,0.10786948776447791
99,Company_99,Healthcare,Asia,2021,7342.0,2.8,4284.7,3.6,59.2,36.8,74.0,66.9,691722.1,691722.1,1383444.2,94.2143966221738,94.2143966221738,188.4287932443476,59.23333333333333,0.03558683724276057
99,Company_99,Healthcare,Asia,2022,8201.5,2.4,4810.6,11.7,59.2,36.3,73.6,67.8,775835.9,775835.9,1551671.7,94.59682984819851,94.59682984819851,189.19364750350545,59.23333333333333,0.11706619449741207
99,Company_99,Healthcare,Asia,2023,9415.2,4.2,7575.4,14.8,60.5,36.6,76.5,68.5,888858.9,888858.9,1777717.9,94.40679964313026,94.40679964313026,188.81360990738378,60.53333333333333,0.14798512467231606
99,Company_99,Healthcare,Asia,2024,9478.2,8.7,15159.4,0.7,63.1,42.1,77.5,69.6,858009.2,858009.2,1716018.4,90.5244877719398,90.5244877719398,181.0489755438796,63.06666666666666,0.006691307672699542
99,Company_99,Healthcare,Asia,2025,10538.8,4.3,10314.9,11.2,64.6,46.5,78.1,69.3,921951.6,921951.6,1843903.3,87.48164876456524,87.48164876456524,174.96330701787682,64.63333333333333,0.11189888375429913
100,Company_100,Manufacturing,North America,2015,927.2,0.5,54.8,7.9,53.2,17.6,85.2,56.8,299499.0,399332.0,4991649.5,323.01445211389125,430.685936151855,5383.573662640207,53.20000000000001,
100,Company_100,Manufacturing,North America,2016,895.2,-3.3,4098.7,-3.5,54.1,16.4,85.9,60.1,291497.9,388663.9,4858298.8,325.6232126899017,434.16432082216267,5427.054066130473,54.13333333333333,-0.0345125107851596
100,Company_100,Manufacturing,North America,2017,886.5,-2.5,3216.8,-1.0,54.1,15.0,89.0,58.5,291295.6,388394.2,4854927.4,328.5906373378454,438.1209249858996,5476.511449520587,54.166666666666664,-0.00971849865951746
100,Company_100,Manufacturing,North America,2018,926.8,0.1,7.9,4.6,54.0,17.2,86.6,58.3,300253.7,400338.3,5004229.1,323.9681700474752,431.9575960293483,5399.470328010358,54.03333333333333,0.045459672870840295
100,Company_100,Manufacturing,North America,2019,1026.2,-3.7,3103.0,10.7,53.6,14.8,88.4,57.7,337537.0,450049.4,5625617.2,328.91931397388424,438.55915026310663,5481.989085948158,53.63333333333333,0.10725075528700923
100,Company_100,Manufacturing,North America,2020,1157.4,-6.3,3251.7,12.8,53.2,13.3,89.5,56.6,384268.3,512357.7,6404470.9,332.00993606359077,442.6798859512701,5533.49827198894,53.13333333333333,0.12785032157474174
100,Company_100,Manufacturing,North America,2021,1267.4,-6.0,4679.1,9.5,53.9,12.3,91.1,58.2,423408.9,564545.2,7056815.3,334.07677134290674,445.4356951238756,5567.946425753511,53.86666666666667,0.09504060825989291
100,Company_100,Manufacturing,North America,2022,1390.5,-9.5,3468.3,9.7,57.3,15.3,92.3,64.4,456037.0,608049.4,7600617.0,327.96619920891766,437.2883135562747,5466.10355987055,57.333333333333336,0.09712797853874067
100,Company_100,Manufacturing,North America,2023,1429.8,-8.0,1079.8,2.8,57.9,16.7,91.8,65.1,464588.1,619450.8,7743134.7,324.932228283676,433.2429710449014,5415.536928241712,57.86666666666667,0.028263214670981585
100,Company_100,Manufacturing,North America,2024,1520.2,-7.5,5307.9,6.3,59.1,16.6,91.9,68.9,494283.7,659045.0,8238062.4,325.14386264965134,433.525194053414,5419.064859886857,59.13333333333333,0.06322562596167303
100,Company_100,Manufacturing,North America,2025,1664.3,-6.8,2976.8,9.5,60.5,16.1,92.9,72.5,542902.3,723869.7,9048371.0,326.20459051853635,434.9394339962747,5436.742774740131,60.5,0.09479015918958034
101,Company_101,Energy,Oceania,2015,6685.4,-7.7,12395.7,-11.05,58.6,36.0,90.6,49.0,6336694.5,1901008.3,63366944.5,947.8407425135371,284.35221527507707,9478.40735034553,58.53333333333333,
101,Company_101,Energy,Oceania,2016,6172.2,1.2,1365.3,-7.7,63.4,42.6,95.6,52.1,5565758.7,1669727.6,55657587.2,901.7463303198211,270.52389747577854,9017.46333560157,63.43333333333333,-0.07676429233852866
101,Company_101,Energy,Oceania,2017,5670.1,0.5,529.1,-8.1,65.1,45.2,95.1,55.1,5011716.8,1503515.0,50117167.6,883.8850813918625,265.1655173630094,8838.850743373132,65.13333333333334,-0.08134862771783147
101,Company_101,Energy,Oceania,2018,4879.8,-1.8,17836.5,-13.9,64.7,47.1,93.5,53.5,4246553.4,1273966.0,42465534.0,870.2310340587729,261.06930611910326,8702.310340587728,64.7,-0.13938025784377706
101,Company_101,Energy,Oceania,2019,4649.0,-6.5,7132.6,-4.7,63.7,46.9,91.3,52.8,4053273.4,1215982.0,40532734.0,871.8591955259195,261.55775435577544,8718.591955259195,63.666666666666664,-0.047297020369687304
101,Company_101,Energy,Oceania,2020,4074.2,-12.4,10260.5,-12.4,63.1,45.6,89.8,54.0,3589260.6,1076778.2,35892605.7,880.9730990133033,264.29193461293016,8809.730916498946,63.13333333333333,-0.12363949236394922
101,Company_101,Energy,Oceania,2021,3677.6,-13.9,6079.6,-9.7,63.4,48.5,89.7,52.0,3165337.2,949601.2,31653371.8,860.7073091146401,258.21220361105065,8607.073036763108,63.4,-0.09734426390457018
101,Company_101,Energy,Oceania,2022,3562.6,-14.3,14818.2,-3.1,65.8,52.9,90.3,54.3,2955162.7,886548.8,29551626.9,829.4960702857464,248.8488182787852,8294.960674788075,65.83333333333333,-0.03127039373504459
101,Company_101,Energy,Oceania,2023,2993.9,-20.0,10791.6,-16.0,66.2,53.5,91.4,53.7,2471897.1,741569.1,24718971.0,825.6445105046929,247.6933431310331,8256.445105046929,66.2,-0.1596306068601583
101,Company_101,Energy,Oceania,2024,2564.4,-20.0,8369.8,-14.3,64.9,53.2,91.9,49.6,2121871.5,636561.4,21218714.6,827.4339026672906,248.23015130244892,8274.338870691001,64.9,-0.14345836534286383
101,Company_101,Energy,Oceania,2025,2230.7,-20.0,2914.0,-13.0,64.8,53.2,96.7,44.6,1846254.4,553876.3,18462543.8,827.6569686645448,248.29708163356798,8276.569596987494,64.83333333333333,-0.1301279051630012
102,Company_102,Retail,Africa,2015,881.8,5.3,976.3,7.85,51.2,24.8,75.4,53.6,90521.3,45260.7,181042.6,102.65513721932412,51.3276253118621,205.31027443864824,51.26666666666667,
102,Company_102,Retail,Africa,2016,860.2,6.0,874.4,-2.5,52.2,26.3,79.5,50.8,87414.0,43707.0,174828.0,101.62055335968378,50.81027667984189,203.24110671936756,52.199999999999996,-0.024495350419596162
102,Company_102,Retail,Africa,2017,853.4,6.9,1178.9,-0.8,52.4,27.6,79.8,49.7,85938.7,42969.3,171877.4,100.70154675415984,50.3507147879072,201.40309350831967,52.366666666666674,-0.007905138339921014
102,Company_102,Retail,Africa,2018,971.7,6.3,992.5,13.9,53.0,32.6,78.5,47.7,94413.7,47206.9,188827.4,97.16342492538848,48.58176391890501,194.32684985077697,52.93333333333334,0.13862198265760495
102,Company_102,Retail,Africa,2019,1059.8,4.3,785.0,9.1,52.1,31.0,77.6,47.6,104168.0,52084.0,208335.9,98.2902434421589,49.14512172107945,196.58039252689187,52.06666666666666,0.09066584336729444
102,Company_102,Retail,Africa,2020,1174.7,4.3,591.1,10.8,55.8,34.8,80.7,52.0,112352.3,56176.2,224704.7,95.64339831446327,47.821741721290536,191.28688175704434,55.833333333333336,0.10841668239290447
102,Company_102,Retail,Africa,2021,1252.9,6.1,842.0,6.7,58.2,36.4,81.9,56.3,118406.7,59203.3,236813.4,94.50610583446404,47.253013009817224,189.01221166892807,58.20000000000001,0.06657018813314042
102,Company_102,Retail,Africa,2022,1189.7,4.3,995.4,-5.0,59.3,37.4,84.4,56.1,111621.1,55810.6,223242.3,93.8228965285366,46.91149029167017,187.64587711187693,59.300000000000004,-0.05044297230425421
102,Company_102,Retail,Africa,2023,1370.3,4.1,850.5,15.2,60.8,37.3,86.8,58.3,128612.5,64306.3,257225.1,93.85718455812597,46.9286287674232,187.71444209297235,60.79999999999999,0.15180297554005207
102,Company_102,Retail,Africa,2024,1493.7,1.5,279.9,9.0,60.3,37.3,88.3,55.4,140221.5,70110.8,280443.0,93.87527615987146,46.937671553859545,187.75055231974292,60.333333333333336,0.09005327300591115
102,Company_102,Retail,Africa,2025,1463.2,1.6,282.1,-2.0,62.5,41.3,87.5,58.8,133321.2,66660.6,266642.5,91.11618370694369,45.55809185347184,182.2324357572444,62.53333333333334,-0.02041909352614313
103,Company_103,Retail,Africa,2015,1030.9,7.7,1725.4,2.6500000000000004,51.2,78.0,39.6,35.9,67403.7,33701.9,134807.4,65.38335435056746,32.691725676593265,130.76670870113492,51.166666666666664,
103,Company_103,Retail,Africa,2016,1010.8,7.5,1069.2,-1.9,52.9,80.6,41.7,36.3,64287.5,32143.8,128575.0,63.60061337554413,31.80035615354175,127.20122675108826,52.86666666666667,-0.019497526433213785
103,Company_103,Retail,Africa,2017,1114.7,4.4,1082.8,10.3,52.6,78.6,41.4,37.8,72436.8,36218.4,144873.5,64.9832241858796,32.4916120929398,129.9663586615233,52.6,0.10278986941036816
103,Company_103,Retail,Africa,2018,1207.6,5.2,881.9,8.3,54.2,79.1,44.5,39.1,78050.4,39025.2,156100.8,64.63265982113282,32.31632991056641,129.26531964226564,54.23333333333333,0.08334080918632814
103,Company_103,Retail,Africa,2019,1177.2,6.0,1416.4,-2.5,54.1,80.1,43.1,39.1,75233.8,37616.9,150467.7,63.909106354060484,31.954553177030242,127.81829765545362,54.099999999999994,-0.02517389864193431
103,Company_103,Retail,Africa,2020,1097.0,6.5,1265.3,-6.8,53.9,77.2,43.6,40.8,72357.8,36178.9,144715.6,65.95970829535096,32.97985414767548,131.91941659070193,53.866666666666674,-0.06812776078831129
103,Company_103,Retail,Africa,2021,1156.6,6.9,1238.7,5.4,55.3,77.9,44.6,43.3,75716.0,37858.0,151432.0,65.46429189002248,32.73214594501124,130.92858378004496,55.26666666666667,0.05432999088422963
103,Company_103,Retail,Africa,2022,1155.4,8.7,1177.5,-0.1,54.3,75.5,44.9,42.5,77542.4,38771.2,155084.8,67.11303444694477,33.55651722347238,134.22606889388953,54.300000000000004,-0.001037523776586391
103,Company_103,Retail,Africa,2023,1017.8,10.7,2033.3,-11.9,55.8,80.5,45.7,41.1,64776.3,32388.2,129552.7,63.64344664963647,31.821772450383182,127.28699155040283,55.76666666666667,-0.11909295482084137
103,Company_103,Retail,Africa,2024,1178.2,9.1,1891.2,15.8,57.5,81.1,44.8,46.7,74536.9,37268.5,149073.8,63.26336784926158,31.631726362247495,126.52673569852315,57.53333333333333,0.15759481234034212
103,Company_103,Retail,Africa,2025,1304.8,7.7,1112.2,10.7,57.5,82.0,46.4,44.1,81708.4,40854.2,163416.8,62.62139791538933,31.310698957694665,125.24279583077866,57.5,0.10745204549312493
104,Company_104,Technology,Europe,2015,2890.8,17.2,14031.2,14.2,67.3,67.9,56.6,77.5,104732.0,62839.2,209463.9,36.22941746229417,21.7376504773765,72.458800332088,67.33333333333333,
104,Company_104,Technology,Europe,2016,3349.7,17.2,10274.0,15.9,68.4,71.2,58.3,75.6,117553.9,70532.3,235107.7,35.09385915156581,21.056303549571606,70.18768844971193,68.36666666666666,0.15874498408744975
104,Company_104,Technology,Europe,2017,3438.6,16.6,14029.3,2.7,68.5,72.6,57.5,75.4,118998.3,71399.0,237996.6,34.60661315651719,20.763973710230907,69.21322631303438,68.5,0.026539690121503368
104,Company_104,Technology,Europe,2018,3854.2,20.4,15893.0,12.1,68.3,73.8,57.1,73.9,131755.3,79053.2,263510.7,34.18486326604743,20.51092314877277,68.36975247781642,68.26666666666667,0.1208631419763857
104,Company_104,Technology,Europe,2019,4776.8,24.2,20375.8,23.9,67.3,71.3,57.0,73.5,167330.3,100398.2,334660.6,35.02978981745101,21.01787807737397,70.05957963490202,67.26666666666667,0.23937522702506375
104,Company_104,Technology,Europe,2020,5533.6,23.6,38544.1,15.8,70.4,74.7,62.2,74.4,187306.9,112384.1,374613.7,33.849013300563826,20.309400751770998,67.69800852970941,70.43333333333334,0.15843242337966834
104,Company_104,Technology,Europe,2021,6596.3,22.2,34474.5,19.2,70.3,78.1,57.0,75.8,215497.1,129298.2,430994.1,32.66939041583918,19.60162515349514,65.33876567166442,70.3,0.1920449616885933
104,Company_104,Technology,Europe,2022,7693.9,25.6,54760.8,16.6,70.1,76.7,54.8,78.8,254999.8,152999.9,509999.5,33.143113375531264,19.885870624780672,66.28621375375297,70.10000000000001,0.166396313084608
104,Company_104,Technology,Europe,2023,8661.0,29.1,87550.6,12.6,70.7,77.3,55.0,79.7,285473.9,171284.3,570947.7,32.96084747719663,19.776503867913636,65.92168340838239,70.66666666666667,0.12569698072498992
104,Company_104,Technology,Europe,2024,9183.3,31.3,85307.8,6.0,72.6,80.8,57.7,79.2,291315.7,174789.4,582631.4,31.722332930428063,19.033397580390492,63.44466586085613,72.56666666666666,0.06030481468652571
104,Company_104,Technology,Europe,2025,9998.8,27.0,84911.5,8.9,72.6,80.2,57.0,80.5,319356.7,191614.0,638713.4,31.939502740328845,19.163699643957276,63.87900548065769,72.56666666666666,0.08880250019056324
105,Company_105,Finance,Africa,2015,17580.7,8.8,19702.2,8.95,42.9,75.9,32.2,20.7,235125.6,117562.8,587814.0,13.374074979949604,6.687037489974802,33.43518744987401,42.93333333333334,
105,Company_105,Finance,Africa,2016,19168.5,6.7,24627.5,9.0,44.8,80.5,31.5,22.4,244021.9,122010.9,610054.7,12.730359704723895,6.365177243915799,31.82589665336359,44.800000000000004,0.09031494764144776
105,Company_105,Finance,Africa,2017,21285.4,5.1,15928.8,11.0,45.8,82.9,33.6,20.9,263932.1,131966.0,659830.1,12.399677713362209,6.199836507653132,30.999187236321607,45.800000000000004,0.11043639304066577
105,Company_105,Finance,Africa,2018,23136.8,4.0,16115.6,8.7,47.0,85.3,34.2,21.7,279087.3,139543.6,697718.2,12.062484872583935,6.0312402752325305,30.1562100204004,47.06666666666666,0.08697980775555059
105,Company_105,Finance,Africa,2019,23254.1,8.7,24902.5,0.5,48.2,88.9,31.9,23.8,268780.4,134390.2,671951.1,11.558409054747337,5.779204527373668,28.896026937185272,48.20000000000001,0.005069845441028953
105,Company_105,Finance,Africa,2020,27188.6,8.6,40910.6,16.9,48.5,87.0,37.6,20.8,321272.9,160636.5,803182.3,11.816456161773687,5.9082299198928965,29.54114224344027,48.46666666666667,0.16919596974297013
105,Company_105,Finance,Africa,2021,30849.1,10.9,43543.1,13.5,49.3,89.7,36.3,22.0,353117.0,176558.5,882792.6,11.446590013971235,5.723295006985618,28.61647827651374,49.333333333333336,0.13463363321392063
105,Company_105,Finance,Africa,2022,34040.5,9.7,42349.8,10.3,50.6,91.4,36.0,24.5,381563.8,190781.9,953909.4,11.209112674608187,5.604556337304094,28.02277874884329,50.63333333333333,0.10345196456298567
105,Company_105,Finance,Africa,2023,37057.4,14.9,86806.6,8.9,51.6,94.5,37.0,23.4,399059.1,199529.5,997647.6,10.768675082439673,5.384336191961659,26.92168365832465,51.63333333333333,0.08862678280283776
105,Company_105,Finance,Africa,2024,39921.7,11.1,43503.2,7.7,53.6,96.9,37.6,26.3,416618.9,208309.5,1041547.3,10.435900775768568,5.217951640335958,26.089753191873093,53.6,0.07729360397653351
105,Company_105,Finance,Africa,2025,38918.8,10.4,76714.3,-2.5,52.2,96.8,36.4,23.3,406690.2,203345.1,1016725.4,10.44971067967152,5.22485533983576,26.124274129726505,52.166666666666664,-0.025121675680143785
106,Company_106,Manufacturing,Europe,2015,1654.5,7.9,1803.6,8.899999999999999,66.1,7.4,93.8,97.1,570002.8,760003.7,9500045.9,344.51665155636147,459.35551526140824,5741.943729223331,66.10000000000001,
106,Company_106,Manufacturing,Europe,2016,1825.1,9.5,3745.6,10.3,66.3,5.5,95.0,98.4,635905.0,847873.4,10598417.4,348.4220042737384,464.56270889266347,5807.033806366775,66.3,0.10311272287700213
106,Company_106,Manufacturing,Europe,2017,1992.8,7.6,2079.5,9.2,65.5,1.5,95.1,100.0,711131.1,948174.7,11852184.3,356.8502107587314,475.80023083099155,5947.503161380972,65.53333333333333,0.09188537614377301
106,Company_106,Manufacturing,Europe,2018,2245.5,12.2,3618.9,12.7,66.9,2.1,98.9,99.6,798285.7,1064380.9,13304761.7,355.5046537519483,474.00619015809394,5925.077577376976,66.86666666666666,0.12680650341228428
106,Company_106,Manufacturing,Europe,2019,2256.9,11.9,5540.9,0.5,66.8,4.1,100.0,96.3,792874.6,1057166.1,13214576.5,351.3113562851699,468.4151269440383,5855.18919757189,66.8,0.005076820307281293
106,Company_106,Manufacturing,Europe,2020,2374.2,10.8,4356.8,5.2,67.7,6.0,97.6,99.5,824731.5,1099642.0,13745524.6,347.37237806419006,463.16317075225345,5789.539465925364,67.7,0.051973946563870665
106,Company_106,Manufacturing,Europe,2021,2664.2,9.1,3850.2,12.2,69.0,9.1,97.8,100.0,908165.1,1210886.8,15136085.5,340.87722393213727,454.5029652428497,5681.287253209219,68.96666666666665,0.12214640721085002
106,Company_106,Manufacturing,Europe,2022,2894.2,12.2,3244.4,8.6,70.4,11.2,100.0,100.0,974060.3,1298747.0,16234337.9,336.5559740169995,448.7412756547578,5609.266083891922,70.39999999999999,0.08632985511598235
106,Company_106,Manufacturing,Europe,2023,2876.3,18.6,11208.4,-0.6,68.7,10.0,96.2,100.0,975140.9,1300187.9,16252348.8,339.0261446997879,452.03487118867986,5650.435907241943,68.73333333333333,-0.006184783359822976
106,Company_106,Manufacturing,Europe,2024,2970.7,22.0,8157.7,3.3,70.2,12.7,98.0,100.0,990152.8,1320203.7,16502546.5,333.3062241222608,444.4082876089811,5555.103679267513,70.23333333333333,0.03281994228696572
106,Company_106,Manufacturing,Europe,2025,3263.0,25.4,13584.6,9.8,69.4,12.2,97.4,98.7,1091356.5,1455142.0,18189275.4,334.4641434262948,445.9521912350598,5574.402513024824,69.43333333333334,0.09839431783754682
107,Company_107,Finance,Asia,2015,9026.6,16.0,27717.6,4.25,60.4,97.4,54.2,29.8,93575.5,46787.8,233938.8,10.366638601466775,5.183324839917577,25.916602042851128,60.466666666666676,
107,Company_107,Finance,Asia,2016,10940.7,15.5,20179.9,21.2,60.7,98.7,53.1,30.2,111417.9,55709.0,278544.8,10.183799939674792,5.091904539928889,25.45950441927847,60.666666666666664,0.2120510491214853
107,Company_107,Finance,Asia,2017,12219.0,16.4,26552.0,11.7,60.7,98.1,55.3,28.5,125359.4,62679.7,313398.6,10.259382928226533,5.129691464113266,25.648465504542106,60.633333333333326,0.11683895911596154
107,Company_107,Finance,Asia,2018,12446.8,17.6,41471.5,1.9,61.1,100.0,55.4,28.0,124523.3,62261.6,311308.1,10.004442909020794,5.002217437413632,25.01109522126169,61.13333333333333,0.01864309681643328
107,Company_107,Finance,Asia,2019,13194.2,19.1,38291.3,6.0,61.1,100.0,54.9,28.5,131942.0,65971.0,329854.9,10.0,5.0,24.999992420912218,61.13333333333333,0.060047562425683765
107,Company_107,Finance,Asia,2020,13004.4,22.8,43608.5,-1.4,62.4,100.0,55.2,31.9,130044.5,65022.2,325111.2,10.000038448525116,5.000015379410046,25.000092276460276,62.36666666666667,-0.014385108608327979
107,Company_107,Finance,Asia,2021,14472.5,23.1,27176.4,11.3,62.0,100.0,56.9,29.1,144725.1,72362.5,361812.7,10.000006909656245,5.0,25.00001381931249,62.0,0.11289255944141985
107,Company_107,Finance,Asia,2022,14836.8,21.4,44555.3,2.5,62.1,100.0,58.0,28.3,148368.3,74184.1,370920.7,10.00002021999353,5.000006739997843,25.000047179984904,62.1,0.025171877699084355
107,Company_107,Finance,Asia,2023,14837.3,22.3,47190.0,0.0,62.0,100.0,60.3,25.8,148373.1,74186.5,370932.7,10.000006739770713,5.0,25.00001347954143,62.03333333333334,3.369998921609607e-05
107,Company_107,Finance,Asia,2024,14828.8,22.2,40839.0,-0.1,62.0,100.0,60.4,25.7,148287.9,74144.0,370719.8,9.999993256365991,5.0,24.999986512731983,62.03333333333333,-0.0005728805106050006
107,Company_107,Finance,Asia,2025,17816.2,19.9,42929.0,20.1,62.4,100.0,61.9,25.3,178162.4,89081.2,445406.1,10.000022451476745,5.000011225738373,25.000061741561048,62.400000000000006,0.2014593223996548
108,Company_108,Healthcare,North America,2015,8020.8,16.4,15557.6,8.55,66.7,67.1,57.0,76.2,585733.9,585733.9,1171467.8,73.02686764412528,73.02686764412528,146.05373528825055,66.76666666666667,
108,Company_108,Healthcare,North America,2016,9941.7,17.4,17841.7,23.9,67.5,67.6,60.1,74.9,722286.2,722286.2,1444572.3,72.65218222235633,72.65218222235633,145.3043543860708,67.53333333333333,0.23948982645122685
108,Company_108,Healthcare,North America,2017,10782.3,21.0,23248.5,8.5,68.1,67.4,60.9,76.0,785008.5,785008.5,1570017.0,72.80529200634373,72.80529200634373,145.61058401268747,68.10000000000001,0.08455294366154664
108,Company_108,Healthcare,North America,2018,11461.7,18.3,36373.6,6.3,66.5,65.8,58.2,75.4,847726.5,847726.5,1695453.1,73.96167235226885,73.96167235226885,147.92335342924696,66.46666666666667,0.06301067490238643
108,Company_108,Healthcare,North America,2019,11960.3,16.1,34526.0,4.4,67.7,66.3,63.7,73.2,880574.0,880574.0,1761148.0,73.62474185430132,73.62474185430132,147.24948370860264,67.73333333333333,0.04350140031583427
108,Company_108,Healthcare,North America,2020,12993.2,10.7,25302.1,8.6,69.9,66.8,66.4,76.5,951772.4,951772.4,1903544.8,73.25157774836067,73.25157774836067,146.50315549672135,69.89999999999999,0.08636071001563517
108,Company_108,Healthcare,North America,2021,16523.8,6.8,16057.8,27.2,71.0,67.9,66.4,78.7,1197327.6,1197327.6,2394655.2,72.4607898909452,72.4607898909452,144.9215797818904,71.0,0.2717267493765969
108,Company_108,Healthcare,North America,2022,17122.6,7.6,31674.9,3.6,73.4,69.3,69.0,81.9,1224278.9,1224278.9,2448557.7,71.5007592304907,71.5007592304907,143.00151262074687,73.4,0.03623863760152024
108,Company_108,Healthcare,North America,2023,19322.2,7.1,13957.7,12.8,74.7,68.5,73.4,82.0,1391588.1,1391588.1,2783176.2,72.02016851083211,72.02016851083211,144.04033702166421,74.63333333333334,0.12846179902584898
108,Company_108,Healthcare,North America,2024,21365.5,4.5,16591.9,10.6,76.3,69.2,76.2,83.4,1528677.2,1528677.2,3057354.5,71.54886148229622,71.54886148229622,143.0977276450352,76.26666666666667,0.1057488277732348
108,Company_108,Healthcare,North America,2025,23168.0,5.0,16796.7,8.4,76.9,71.2,76.2,83.2,1626109.3,1626109.3,3252218.6,70.18772876381216,70.18772876381216,140.37545752762432,76.86666666666667,0.0843649809271958
109,Company_109,Energy,Africa,2015,10238.8,11.4,16081.5,-10.55,47.1,40.9,46.4,54.0,9355126.4,2806537.9,93551264.0,913.6936359729657,274.10808883853576,9136.936359729656,47.1,
109,Company_109,Energy,Africa,2016,10025.6,6.8,9103.9,-2.1,49.5,45.3,46.7,56.6,8853626.8,2656088.0,88536267.5,883.1019390360677,264.9305777210341,8831.01934048835,49.53333333333333,-0.020822752666327937
109,Company_109,Energy,Africa,2017,7821.6,2.6,3786.0,-22.0,50.0,50.1,48.0,52.0,6644618.1,1993385.4,66446181.2,849.5215940472536,254.85647437864372,8495.215966042753,50.03333333333333,-0.21983721672518353
109,Company_109,Energy,Africa,2018,6879.6,-8.1,20113.4,-12.0,50.0,48.5,49.4,52.0,5920869.0,1776260.7,59208689.7,860.6414617128902,258.19243851386705,8606.414573521717,49.96666666666667,-0.12043571647744711
109,Company_109,Energy,Africa,2019,6251.3,-10.2,5841.7,-9.1,51.8,49.4,49.4,56.5,5339691.2,1601907.4,53396911.9,854.1729240318014,256.2518836082095,8541.729224321341,51.76666666666667,-0.09132798418512711
109,Company_109,Energy,Africa,2020,6217.5,-10.6,23914.6,-0.5,51.8,48.7,51.6,55.0,5341607.9,1602482.4,53416079.4,859.1247125050262,257.7374185765983,8591.247189384801,51.76666666666667,-0.005406875369923125
109,Company_109,Energy,Africa,2021,5443.8,-8.4,23571.6,-12.4,53.3,50.7,51.9,57.3,4599828.4,1379948.5,45998283.8,844.966457254124,253.48993350233292,8449.664535802196,53.29999999999999,-0.12443908323281061
109,Company_109,Energy,Africa,2022,5877.0,-9.2,16300.0,8.0,56.0,55.2,53.3,59.5,4780169.9,1434051.0,47801699.4,813.3690488344394,244.01071975497703,8133.69055640633,56.0,0.07957676622947196
109,Company_109,Energy,Africa,2023,5173.7,-9.2,19009.1,-12.0,55.7,54.2,51.8,61.0,4246320.7,1273896.2,42463207.5,820.7512418578581,246.2253706245047,8207.512515221215,55.666666666666664,-0.11966989960864394
109,Company_109,Energy,Africa,2024,4922.5,-7.5,12938.3,-4.9,58.7,57.1,54.4,64.7,3941165.9,1182349.8,39411659.4,800.6431488065008,240.19295073641445,8006.43156932453,58.73333333333333,-0.04855325975607394
109,Company_109,Energy,Africa,2025,4129.6,-13.8,9178.3,-16.1,61.6,61.6,57.0,66.2,3175326.7,952598.0,31753266.7,768.9187088337853,230.67561022859354,7689.187015691591,61.6,-0.16107668867445402
110,Company_110,Healthcare,Middle East,2015,1921.7,19.9,5391.2,4.65,27.0,56.3,9.1,15.6,154892.3,154892.3,309784.7,80.60170682208461,80.60170682208461,161.2034656814279,26.999999999999996,
110,Company_110,Healthcare,Middle East,2016,2229.1,22.8,10173.1,16.0,26.2,57.2,8.4,12.8,178227.9,178227.9,356455.8,79.95509398411915,79.95509398411915,159.9101879682383,26.133333333333336,0.15996253317375242
110,Company_110,Healthcare,Middle East,2017,2195.9,17.4,6283.8,-1.5,26.7,56.4,8.9,15.0,176828.1,176828.1,353656.1,80.52648116945215,80.52648116945215,161.05291679948994,26.766666666666666,-0.014893903369072592
110,Company_110,Healthcare,Middle East,2018,2538.3,18.4,7194.3,15.6,25.6,53.5,6.4,16.8,209474.3,209474.3,418948.7,82.52543040617735,82.52543040617735,165.05090020880115,25.566666666666666,0.15592695477936158
110,Company_110,Healthcare,Middle East,2019,2648.2,18.0,5461.5,4.3,25.2,52.7,4.9,18.0,220164.6,220164.6,440329.2,83.13745185408958,83.13745185408958,166.27490370817915,25.2,0.04329669463814345
110,Company_110,Healthcare,Middle East,2020,2754.4,18.0,7308.9,4.0,26.8,53.3,9.4,17.6,227770.4,227770.4,455540.8,82.69329073482427,82.69329073482427,165.38658146964855,26.766666666666666,0.040102711275583625
110,Company_110,Healthcare,Middle East,2021,2888.8,17.5,12612.1,4.9,27.5,54.6,11.7,16.2,236158.5,236158.5,472317.0,81.74968845195237,81.74968845195237,163.49937690390473,27.5,0.048794655823409805
110,Company_110,Healthcare,Middle East,2022,3017.2,18.2,12964.2,4.4,26.9,55.8,11.8,13.1,244118.7,244118.7,488237.4,80.90902160943922,80.90902160943922,161.81804321887844,26.899999999999995,0.04444752146219866
110,Company_110,Healthcare,Middle East,2023,3885.5,20.0,9999.4,28.8,26.1,54.9,9.0,14.3,316975.4,316975.4,633950.8,81.57905031527474,81.57905031527474,163.15810063054948,26.066666666666666,0.28778337531486153
110,Company_110,Healthcare,Middle East,2024,3907.6,18.2,11512.0,0.6,25.9,55.8,6.4,15.6,316326.5,316326.5,632652.9,80.95160712457775,80.95160712457775,161.9031886579998,25.933333333333334,0.005687813666194863
110,Company_110,Healthcare,Middle East,2025,4373.5,16.1,14376.3,11.9,26.6,57.1,7.8,15.0,349991.9,349991.9,699983.8,80.02558591517092,80.02558591517092,160.05117183034184,26.633333333333336,0.11922919439041868
111,Company_111,Finance,Africa,2015,587.5,11.0,1180.9,5.6,38.5,88.6,13.6,13.4,6809.5,3404.8,17023.8,11.59063829787234,5.795404255319149,28.97668085106383,38.53333333333333,
111,Company_111,Finance,Africa,2016,621.7,13.5,746.1,5.8,39.8,88.6,16.6,14.4,7213.6,3606.8,18033.9,11.603023966543349,5.801511983271674,29.00739906707415,39.86666666666667,0.058212765957446955
111,Company_111,Finance,Africa,2017,631.4,12.6,1209.8,1.6,41.0,91.8,13.8,17.5,7039.4,3519.7,17598.6,11.148875514729173,5.574437757364587,27.872347165030092,41.03333333333333,0.015602380569406327
111,Company_111,Finance,Africa,2018,681.6,14.4,1335.6,8.0,41.8,92.8,14.6,18.1,7504.0,3752.0,18760.0,11.009389671361502,5.504694835680751,27.523474178403756,41.833333333333336,0.07950585999366488
111,Company_111,Finance,Africa,2019,662.4,15.5,1798.4,-2.8,42.8,95.1,13.1,20.3,7082.6,3541.3,17706.4,10.692330917874397,5.3461654589371985,26.73067632850242,42.833333333333336,-0.028169014084507116
111,Company_111,Finance,Africa,2020,697.9,15.0,2066.8,5.4,44.6,96.3,15.6,22.1,7343.3,3671.6,18358.2,10.521994555093853,5.260925634044992,26.3049147442327,44.666666666666664,0.053592995169082114
111,Company_111,Finance,Africa,2021,870.1,19.4,2373.2,24.7,44.5,97.4,13.5,22.5,9013.1,4506.6,22532.8,10.358694402942191,5.17940466613033,25.89679347201471,44.46666666666667,0.24674022066198598
111,Company_111,Finance,Africa,2022,885.1,18.4,1689.9,1.7,43.8,99.7,10.9,20.9,8893.5,4446.8,22233.8,10.048017173200767,5.024065077392385,25.12009942379392,43.833333333333336,0.017239397770371312
111,Company_111,Finance,Africa,2023,979.5,19.7,2092.7,10.7,44.3,100.0,12.0,21.1,9794.9,4897.4,24487.2,9.999897907095457,4.999897907095456,24.99969372128637,44.36666666666667,0.10665461529770637
111,Company_111,Finance,Africa,2024,1099.6,21.5,2122.4,12.3,43.2,100.0,8.4,21.1,10995.7,5497.9,27489.4,9.999727173517645,4.999909057839214,24.99945434703529,43.166666666666664,0.12261357835630404
111,Company_111,Finance,Africa,2025,1068.0,18.2,3371.7,-2.9,43.8,100.0,7.9,23.5,10680.3,5340.1,26700.7,10.000280898876404,5.0000936329588015,25.00065543071161,43.800000000000004,-0.028737722808293897
112,Company_112,Retail,Europe,2015,356.7,2.3,192.8,5.050000000000001,48.0,20.2,28.2,95.6,37775.0,18887.5,75550.0,105.901317633866,52.950658816933,211.802635267732,48.0,
112,Company_112,Retail,Europe,2016,379.7,0.5,27.0,6.4,47.4,19.2,29.2,93.9,40467.2,20233.6,80934.3,106.57677113510665,53.28838556755333,213.15327890439823,47.43333333333334,0.0644799551443791
112,Company_112,Retail,Europe,2017,406.6,-1.3,1046.7,7.1,50.9,24.0,30.1,98.5,41958.1,20979.0,83916.1,103.19257255287751,51.59616330545991,206.38489916379734,50.86666666666667,0.0708454042665263
112,Company_112,Retail,Europe,2018,411.7,-0.6,591.8,1.2,52.7,26.8,32.4,98.8,41676.9,20838.4,83353.7,101.2312363371387,50.61549672091329,202.46222977896525,52.666666666666664,0.01254303984259697
112,Company_112,Retail,Europe,2019,449.0,-3.7,2161.2,9.1,54.1,29.6,34.6,98.3,44575.5,22287.7,89150.9,99.27728285077951,49.63853006681514,198.5543429844098,54.166666666666664,0.09059995142093769
112,Company_112,Retail,Europe,2020,438.3,-3.4,423.7,-2.4,54.9,29.1,35.9,99.6,43666.9,21833.4,87333.8,99.62788044718229,49.813826146475016,199.25576089436458,54.86666666666667,-0.023830734966592382
112,Company_112,Retail,Europe,2021,440.6,-3.2,271.0,0.5,56.0,31.0,39.0,98.1,43314.9,21657.4,86629.8,98.30889695869269,49.154334997730366,196.61779391738537,56.03333333333333,0.005247547342003278
112,Company_112,Retail,Europe,2022,517.4,-0.7,1335.7,17.4,57.9,32.1,42.1,99.5,50460.8,25230.4,100921.5,97.52763819095479,48.763819095477395,195.05508310784694,57.9,0.17430776214253285
112,Company_112,Retail,Europe,2023,536.6,-0.6,2119.3,3.7,58.8,34.3,43.3,98.8,51492.2,25746.1,102984.5,95.96011926947446,47.98005963473723,191.92042489750278,58.79999999999999,0.03710862002319293
112,Company_112,Retail,Europe,2024,593.6,0.5,37.2,10.6,60.0,34.1,45.8,100.0,57047.6,28523.8,114095.1,96.1044474393531,48.05222371967655,192.20872641509433,59.96666666666667,0.10622437569884458
112,Company_112,Retail,Europe,2025,593.1,-1.2,1785.3,-0.1,60.6,34.4,47.3,100.0,56897.6,28448.8,113795.2,95.93255774742876,47.96627887371438,191.86511549485752,60.56666666666666,-0.0008423180592992408
113,Company_113,Manufacturing,Latin America,2015,2459.7,-1.7,9688.9,9.95,20.3,11.6,37.3,12.0,825328.2,1100437.6,13755469.5,335.5401878277839,447.3869171037119,5592.336260519576,20.3,
113,Company_113,Manufacturing,Latin America,2016,2583.9,0.4,217.7,5.1,21.0,11.8,39.3,12.0,866060.2,1154747.0,14434337.2,335.1755872905298,446.90080885483184,5586.259994581833,21.03333333333333,0.05049396267837558
113,Company_113,Manufacturing,Latin America,2017,2482.1,4.0,1606.4,-3.9,21.6,9.1,39.9,15.8,846214.5,1128286.1,14103575.8,340.9268361468112,454.56915515088036,5682.11425808791,21.599999999999998,-0.03939780951275207
113,Company_113,Manufacturing,Latin America,2018,2613.7,3.4,767.6,5.3,23.6,11.7,41.3,17.8,876931.0,1169241.4,14615516.9,335.51325706852356,447.3510349313234,5591.887707081915,23.599999999999998,0.05301962048265585
113,Company_113,Manufacturing,Latin America,2019,2762.9,7.8,4274.0,5.7,23.5,15.1,39.9,15.6,906977.9,1209303.8,15116297.5,328.2702595099352,437.6936552173441,5471.170690216801,23.53333333333333,0.057083827524199604
113,Company_113,Manufacturing,Latin America,2020,2986.0,7.4,3023.5,8.1,25.3,16.1,40.9,18.9,974135.9,1298847.9,16235598.9,326.23439383791026,434.9792029470864,5437.240087073007,25.3,0.0807484889065837
113,Company_113,Manufacturing,Latin America,2021,3866.9,6.1,4808.2,29.5,25.8,16.6,40.7,20.1,1256978.6,1675971.5,20949643.4,325.06105666037394,433.4147508340014,5417.684294913238,25.8,0.2950100468854655
113,Company_113,Manufacturing,Latin America,2022,4330.3,9.3,5507.3,12.0,26.9,18.9,40.3,21.4,1387401.5,1849868.7,23123358.8,320.39385261991083,427.1918111909105,5339.897651432926,26.866666666666664,0.11983759600713761
113,Company_113,Manufacturing,Latin America,2023,5335.3,7.3,5695.4,23.2,26.9,20.3,39.7,20.7,1693449.8,2257933.0,28224162.6,317.40479448203473,423.20638014732066,5290.079770584597,26.900000000000002,0.23208553679883615
113,Company_113,Manufacturing,Latin America,2024,6008.9,7.9,6511.1,12.6,27.4,22.5,37.9,22.0,1879777.1,2506369.5,31329619.1,312.8321489790145,417.1095375193463,5213.869277238763,27.46666666666667,0.12625344404250916
113,Company_113,Manufacturing,Latin America,2025,6715.5,8.2,10210.2,11.8,28.0,25.6,37.6,20.7,2055990.7,2741321.0,34266511.9,306.15601221055766,408.2080262080262,5102.600238254783,27.96666666666667,0.11759223818003295
114,Company_114,Energy,North America,2015,3326.8,7.9,3247.5,-13.8,69.4,66.4,66.7,75.2,2446809.5,734042.8,24468094.6,735.4843994228688,220.6453047974029,7354.843873993026,69.43333333333334,
114,Company_114,Energy,North America,2016,2657.7,7.6,3448.4,-20.1,70.5,68.5,65.5,77.5,1915572.8,574671.8,19155727.9,720.7633668209355,216.228994995673,7207.6336305828345,70.5,-0.20112420343874005
114,Company_114,Energy,North America,2017,2521.7,8.4,2919.1,-5.1,71.8,70.3,66.4,78.7,1784229.9,535269.0,17842299.1,707.5504223341396,212.26513859697823,7075.504262997186,71.8,-0.05117206607216762
114,Company_114,Energy,North America,2018,2291.7,-1.4,10783.7,-9.1,72.6,73.7,69.6,74.5,1568434.8,470530.4,15684347.8,684.3979578478859,205.3193699000742,6843.979491207401,72.60000000000001,-0.09120831185311495
114,Company_114,Energy,North America,2019,2343.0,-9.9,6132.3,2.2,74.3,78.9,67.4,76.6,1517626.8,455288.0,15176268.0,647.7280409731114,194.31839521980368,6477.280409731114,74.3,0.022385128943579025
114,Company_114,Energy,North America,2020,1926.0,-13.1,2536.1,-17.8,75.4,78.7,68.5,79.0,1250634.5,375190.3,12506345.0,649.3429387331256,194.80285565939772,6493.429387331256,75.39999999999999,-0.17797695262483992
114,Company_114,Energy,North America,2021,1635.8,-17.4,4321.3,-15.1,76.6,78.8,72.3,78.7,1060713.3,318214.0,10607132.9,648.437033867221,194.53111627338305,6484.370277540042,76.60000000000001,-0.15067497403946006
114,Company_114,Energy,North America,2022,1257.2,-13.4,1015.3,-23.1,76.9,77.9,73.1,79.6,822756.9,246827.1,8227569.0,654.4359688195991,196.33081450843144,6544.359688195991,76.86666666666666,-0.2314463870888861
114,Company_114,Energy,North America,2023,1115.0,-10.8,4207.1,-11.3,75.7,76.7,72.7,77.6,739709.9,221913.0,7397098.9,663.4169506726457,199.02511210762333,6634.169417040359,75.66666666666667,-0.11310849506840603
114,Company_114,Energy,North America,2024,975.3,-2.0,2849.2,-12.5,76.8,80.1,71.6,78.8,623184.4,186955.3,6231843.7,638.9668819850303,191.69004408899826,6389.6685122526405,76.83333333333333,-0.12529147982062783
114,Company_114,Energy,North America,2025,754.7,0.3,43.2,-22.6,77.3,82.7,69.9,79.4,468707.4,140612.2,4687074.1,621.0512786537697,186.31535709553467,6210.512919040678,77.33333333333334,-0.22618681431354448
115,Company_115,Consumer Goods,Europe,2015,398.9,12.1,860.1,-0.45000000000000007,62.3,43.7,66.0,77.0,71344.7,89180.9,356723.7,178.8535973928303,223.5670594133868,894.2684883429432,62.23333333333333,
115,Company_115,Consumer Goods,Europe,2016,386.6,12.3,1012.8,-3.1,62.7,45.1,65.3,77.7,68365.4,85456.7,341827.0,176.83755819968957,221.04681841696842,884.187790998448,62.70000000000001,-0.03083479568814229
115,Company_115,Consumer Goods,Europe,2017,353.0,14.1,737.3,-8.7,62.8,44.2,63.9,80.2,62874.2,78592.7,314371.0,178.11388101983002,222.64220963172804,890.5694050991501,62.76666666666667,-0.0869115364718055
115,Company_115,Consumer Goods,Europe,2018,353.9,10.4,394.2,0.2,61.7,43.5,62.6,79.0,63369.5,79211.9,316847.5,179.06046905905623,223.8256569652444,895.3023452952812,61.699999999999996,0.0025495750708215414
115,Company_115,Consumer Goods,Europe,2019,362.8,10.4,816.5,2.5,62.2,44.6,64.9,77.1,64401.9,80502.4,322009.6,177.5135060639471,221.89195148842336,887.5678059536934,62.199999999999996,0.025148346990675474
115,Company_115,Consumer Goods,Europe,2020,352.5,11.3,660.8,-2.8,60.2,41.7,65.3,73.6,64042.9,80053.6,320214.5,181.68198581560284,227.10241134751774,908.4099290780142,60.199999999999996,-0.028390297684674826
115,Company_115,Consumer Goods,Europe,2021,348.8,14.1,956.6,-1.1,60.2,40.4,66.5,73.6,64006.3,80007.8,320031.3,183.5043004587156,229.38016055045873,917.5209288990825,60.166666666666664,-0.01049645390070919
115,Company_115,Consumer Goods,Europe,2022,350.6,16.3,944.9,0.5,60.5,44.3,65.2,72.0,62402.8,78003.5,312014.1,177.98859098687964,222.48573873359953,889.9432401597261,60.5,0.0051605504587155515
115,Company_115,Consumer Goods,Europe,2023,366.0,14.0,526.4,4.4,63.3,46.9,67.7,75.3,63794.5,79743.1,318972.5,174.30191256830602,217.8773224043716,871.50956284153,63.29999999999999,0.04392470051340558
115,Company_115,Consumer Goods,Europe,2024,385.2,9.0,839.8,5.3,66.0,51.3,70.3,76.5,64769.1,80961.3,323845.4,168.14408099688472,210.1799065420561,840.720145379024,66.03333333333333,0.05245901639344264
115,Company_115,Consumer Goods,Europe,2025,337.0,7.6,393.2,-12.5,66.3,54.5,69.0,75.3,55167.8,68959.7,275838.9,163.70267062314542,204.62818991097922,818.513056379822,66.26666666666667,-0.12512980269989615
116,Company_116,Retail,Asia,2015,489.0,6.2,632.3,1.3499999999999999,37.5,45.8,24.5,42.4,42995.3,21497.7,85990.7,87.92494887525562,43.96257668711657,175.85010224948874,37.56666666666666,
116,Company_116,Retail,Asia,2016,521.6,8.1,758.0,6.7,37.4,46.0,23.2,43.1,45812.3,22906.2,91624.6,87.83032975460122,43.915260736196316,175.66065950920245,37.43333333333334,0.06666666666666665
116,Company_116,Retail,Asia,2017,517.7,6.9,721.7,-0.8,38.7,49.3,23.6,43.3,44265.9,22132.9,88531.8,85.50492563260575,42.75236623527139,171.0098512652115,38.733333333333334,-0.0074769938650306456
116,Company_116,Retail,Asia,2018,457.7,6.1,595.1,-11.6,41.5,49.7,29.9,44.9,39013.3,19506.6,78026.5,85.23771029058337,42.618745903430195,170.47520209744374,41.5,-0.11589723778249961
116,Company_116,Retail,Asia,2019,400.9,2.6,120.3,-12.4,42.6,49.2,34.1,44.4,34297.2,17148.6,68594.4,85.5505113494637,42.77525567473185,171.1010226989274,42.56666666666667,-0.12409875464277909
116,Company_116,Retail,Asia,2020,402.1,3.4,311.7,0.3,43.5,47.9,38.1,44.5,34774.3,17387.2,69548.6,86.4817209649341,43.24098482964437,172.9634419298682,43.5,0.0029932651534050336
116,Company_116,Retail,Asia,2021,414.5,4.7,269.1,3.1,45.9,48.2,40.9,48.5,35746.0,17873.0,71492.1,86.2388419782871,43.11942098914355,172.47792521109773,45.86666666666667,0.03083809997513054
116,Company_116,Retail,Asia,2022,330.6,2.7,170.4,-20.2,47.6,48.3,42.9,51.5,28483.6,14241.8,56967.1,86.15728977616453,43.078644888082266,172.31427707199032,47.56666666666666,-0.20241254523522312
116,Company_116,Retail,Asia,2023,338.5,1.4,65.2,2.4,48.0,50.4,41.5,51.9,28671.7,14335.8,57343.3,84.70221565731167,42.35096011816839,169.40413589364846,47.93333333333334,0.023895946763460296
116,Company_116,Retail,Asia,2024,358.9,-1.4,978.2,6.0,49.9,52.0,43.2,54.5,29995.2,14997.6,59990.4,83.57536918361662,41.78768459180831,167.15073836723323,49.9,0.0602658788774002
116,Company_116,Retail,Asia,2025,386.8,-1.2,1054.6,7.8,50.1,51.3,42.7,56.2,32515.0,16257.5,65030.1,84.06153050672182,42.03076525336091,168.12331954498447,50.06666666666666,0.07773753134577888
117,Company_117,Retail,Asia,2015,1151.7,9.0,1493.5,1.0,65.0,34.8,83.4,76.8,110121.0,55060.5,220242.1,95.6160458452722,47.8080229226361,191.23217851871146,65.0,
117,Company_117,Retail,Asia,2016,1158.0,10.0,1605.4,0.6,66.5,32.5,87.5,79.4,112594.6,56297.3,225189.2,97.23195164075993,48.615975820379965,194.46390328151986,66.46666666666667,0.005470174524615734
117,Company_117,Retail,Asia,2017,1232.5,9.8,1648.0,6.4,67.2,33.5,88.2,79.8,118985.7,59492.8,237971.4,96.54012170385396,48.27002028397566,193.0802434077079,67.16666666666667,0.06433506044905002
117,Company_117,Retail,Asia,2018,1249.4,11.4,3353.7,1.4,66.8,35.2,85.4,79.7,119167.8,59583.9,238335.5,95.38002241075716,47.69001120537858,190.75996478309588,66.76666666666667,0.01371196754563897
117,Company_117,Retail,Asia,2019,1209.6,12.1,2331.5,-3.2,68.6,38.2,86.8,80.8,112842.6,56421.3,225685.2,93.28918650793652,46.64459325396826,186.57837301587304,68.60000000000001,-0.031855290539459125
117,Company_117,Retail,Asia,2020,1249.7,13.1,2064.8,3.3,68.1,37.8,88.1,78.5,116934.7,58467.4,233869.4,93.57021685204448,46.78514843562455,187.14043370408896,68.13333333333333,0.03315145502645511
117,Company_117,Retail,Asia,2021,1159.3,12.6,3001.3,-7.2,69.3,40.2,90.3,77.4,106479.0,53239.5,212958.0,91.84766669541965,45.923833347709824,183.6953333908393,69.3,-0.07233736096663201
117,Company_117,Retail,Asia,2022,1072.8,13.4,2302.3,-7.5,70.7,42.4,91.4,78.3,96889.4,48444.7,193778.8,90.31450410141686,45.15725205070843,180.62900820283372,70.7,-0.07461399120158718
117,Company_117,Retail,Asia,2023,1046.3,14.6,1685.4,-2.5,70.7,42.1,90.0,79.8,94691.0,47345.5,189382.0,90.50081238650483,45.25040619325242,181.00162477300967,70.63333333333333,-0.024701715137956715
117,Company_117,Retail,Asia,2024,1175.8,15.1,3778.3,12.4,72.6,43.4,93.8,80.8,105392.3,52696.2,210784.6,89.63454669161423,44.817315870045924,179.26909338322847,72.66666666666667,0.12376947338239508
117,Company_117,Retail,Asia,2025,1302.8,15.2,3484.7,10.8,73.0,46.0,94.8,78.3,114351.5,57175.8,228703.1,87.77364138778017,43.886859072766356,175.54735953331289,73.03333333333335,0.10801156659295796
118,Company_118,Retail,Asia,2015,870.9,4.1,820.5,2.05,65.7,84.6,53.3,59.2,52909.8,26454.9,105819.7,60.75301412332071,30.376507061660355,121.50614307038695,65.69999999999999,
118,Company_118,Retail,Asia,2016,879.6,3.9,443.9,1.0,67.4,89.4,53.7,59.2,50513.9,25257.0,101027.8,57.428262846748524,28.71418826739427,114.85652569349705,67.43333333333334,0.009989665862900399
118,Company_118,Retail,Asia,2017,938.7,1.8,311.5,6.7,66.9,89.8,55.2,55.8,53669.0,26834.5,107337.9,57.173750932140194,28.586875466070097,114.3473953339725,66.93333333333334,0.06718963165075031
118,Company_118,Retail,Asia,2018,928.0,4.2,486.1,-1.1,68.6,90.6,57.2,58.0,52480.6,26240.3,104961.1,56.55237068965517,28.276185344827585,113.10463362068967,68.60000000000001,-0.011398742942367202
118,Company_118,Retail,Asia,2019,1010.6,4.4,527.9,8.9,68.9,89.3,62.1,55.4,58085.4,29042.7,116170.7,57.47615278052642,28.73807639026321,114.95220660993469,68.93333333333334,0.0890086206896552
118,Company_118,Retail,Asia,2020,992.9,3.1,424.7,-1.8,69.4,89.8,64.5,53.9,56749.9,28374.9,113499.8,57.15570550911472,28.577802397018836,114.31141101822944,69.4,-0.017514347912131467
118,Company_118,Retail,Asia,2021,1017.2,2.5,335.4,2.4,69.8,90.3,64.0,55.0,57766.9,28883.4,115533.8,56.790110106173806,28.395005898545026,113.58022021234761,69.76666666666667,0.024473763722429265
118,Company_118,Retail,Asia,2022,930.4,2.9,667.8,-8.5,71.1,91.1,67.3,55.0,52309.5,26154.8,104619.0,56.222592433361996,28.11134995700774,112.44518486672399,71.13333333333333,-0.08533228470310661
118,Company_118,Retail,Asia,2023,946.2,2.5,498.6,1.7,69.3,91.7,65.4,50.7,52801.6,26400.8,105603.2,55.803846966814625,27.901923483407312,111.60769393362925,69.26666666666667,0.01698194325021496
118,Company_118,Retail,Asia,2024,968.6,0.6,125.6,2.4,68.2,87.6,66.4,50.5,56816.7,28408.4,113633.4,58.65857939293826,29.32934131736527,117.31715878587652,68.16666666666667,0.023673641936165613
118,Company_118,Retail,Asia,2025,1054.9,1.9,419.7,8.9,68.1,85.7,66.6,52.1,63309.1,31654.5,126618.1,60.01431415300028,30.00710967864252,120.02853351028533,68.13333333333334,0.08909766673549457
119,Company_119,Consumer Goods,Middle East,2015,1239.6,12.5,3325.0,-2.3000000000000003,30.4,52.3,31.1,7.6,206749.4,258436.8,1033747.2,166.78718941594065,208.48402710551792,833.9361084220717,30.333333333333332,
119,Company_119,Consumer Goods,Middle East,2016,1450.2,12.8,3090.6,17.0,31.9,51.7,33.0,11.0,243052.9,303816.1,1215264.4,167.59957247276236,209.49944835195143,837.9977934078057,31.900000000000002,0.1698935140367861
119,Company_119,Consumer Goods,Middle East,2017,1326.9,12.2,2697.6,-8.5,34.0,55.0,34.3,12.6,216284.7,270355.9,1081423.5,163.0,203.7500188409074,815.0,33.96666666666666,-0.08502275548200244
119,Company_119,Consumer Goods,Middle East,2018,1258.0,9.8,2484.2,-5.2,34.4,53.6,35.2,14.3,207534.6,259418.3,1037673.1,164.9718600953895,206.21486486486486,824.8593799682035,34.36666666666667,-0.051925540734041764
119,Company_119,Consumer Goods,Middle East,2019,1266.1,11.1,1453.5,0.6,35.7,53.2,35.0,18.9,209613.2,262016.5,1048065.9,165.55817076060345,206.9477134507543,827.7907748203145,35.699999999999996,0.006438791732909399
119,Company_119,Consumer Goods,Middle East,2020,1403.2,10.4,3322.8,10.8,35.4,54.3,35.0,17.1,230096.0,287620.0,1150480.1,163.9794754846066,204.97434435575826,819.8974486887115,35.46666666666667,0.10828528552247074
119,Company_119,Consumer Goods,Middle East,2021,1231.7,9.4,2781.2,-12.2,36.4,57.1,36.5,15.5,197155.5,246444.4,985777.4,160.06779248193553,200.0847608995697,800.3388812210766,36.36666666666667,-0.12222063854047893
119,Company_119,Consumer Goods,Middle East,2022,1148.9,11.0,1874.9,-6.7,38.1,59.1,38.3,16.8,180693.4,225866.7,903466.8,157.27513273566018,196.59387239968666,786.3754895987466,38.06666666666667,-0.06722416172769341
119,Company_119,Consumer Goods,Middle East,2023,989.2,9.2,2070.1,-13.9,38.9,60.0,39.2,17.5,154267.0,192833.8,771335.2,155.95127375657097,194.93914274160937,779.7565709664375,38.9,-0.1390025241535382
119,Company_119,Consumer Goods,Middle East,2024,1050.8,9.6,1839.4,6.2,39.6,61.7,39.8,17.5,161493.1,201866.3,807465.3,153.6858583936049,192.107251617815,768.4291016368481,39.666666666666664,0.0622725434694702
119,Company_119,Consumer Goods,Middle East,2025,1091.5,10.5,2519.7,3.9,42.2,63.2,43.8,19.7,165395.4,206744.3,826977.2,151.53037104901512,189.41300961978928,757.6520384791571,42.233333333333334,0.03873239436619724
120,Company_120,Consumer Goods,Asia,2015,1444.8,7.4,1524.4,11.1,53.1,45.2,28.5,85.6,255309.4,319136.8,1276547.2,176.7091638981174,220.88648947951273,883.5459579180509,53.1,
120,Company_120,Consumer Goods,Asia,2016,1438.1,8.2,2782.8,-0.5,53.9,46.7,27.5,87.5,251164.4,313955.5,1255822.0,174.65016341005494,218.31270426256867,873.2508170502747,53.9,-0.004637320044296844
120,Company_120,Consumer Goods,Asia,2017,1589.4,7.6,1460.5,10.5,55.8,49.6,30.6,87.2,271054.2,338817.8,1355271.2,170.53869384673462,213.17339876683022,852.6935950673209,55.800000000000004,0.1052082608997984
120,Company_120,Consumer Goods,Asia,2018,1582.7,6.0,1584.0,-0.4,57.1,54.3,30.8,86.3,259474.5,324343.1,1297372.5,163.94420926265244,204.9302457825235,819.7210463132621,57.133333333333326,-0.004215427205234712
120,Company_120,Consumer Goods,Asia,2019,1781.5,6.3,1814.8,12.6,59.4,58.7,30.0,89.6,281043.9,351304.9,1405219.5,157.756890261016,197.19612685938816,788.78445130508,59.43333333333334,0.12560813799203885
120,Company_120,Consumer Goods,Asia,2020,1941.3,4.5,1702.0,9.0,59.4,60.2,30.6,87.4,302178.0,377722.5,1510889.9,155.6575490650595,194.57193633132437,778.287693813424,59.400000000000006,0.08969969127140054
120,Company_120,Consumer Goods,Asia,2021,2306.5,4.7,1827.9,18.8,58.9,59.4,29.5,87.7,361804.5,452255.6,1809022.6,156.86299588120528,196.07873401257316,784.3150227617602,58.866666666666674,0.18812136197393503
120,Company_120,Consumer Goods,Asia,2022,2575.9,2.1,1164.2,11.7,57.7,59.8,25.7,87.5,402677.1,503346.4,2013385.7,156.3248185100353,195.40603284288986,781.6241701929422,57.666666666666664,0.11680034684587048
120,Company_120,Consumer Goods,Asia,2023,3045.9,1.3,735.2,18.2,58.7,61.9,26.8,87.4,467179.8,583974.8,2335899.2,153.3798877179159,191.72487606290423,766.8995042516169,58.70000000000001,0.18246049924298302
120,Company_120,Consumer Goods,Asia,2024,3533.4,3.0,1482.9,16.0,57.9,62.4,25.5,85.8,539549.7,674437.1,2697748.4,152.69986415350652,190.87482311654495,763.4992924661798,57.9,0.16005121638924447
120,Company_120,Consumer Goods,Asia,2025,3631.9,7.1,5362.0,2.8,58.7,64.0,27.4,84.9,546351.0,682938.8,2731755.1,150.43117927255707,188.0389878575952,752.1559238965831,58.76666666666667,0.027876832512594207
121,Company_121,Retail,Oceania,2015,724.8,3.7,384.4,2.05,48.2,28.2,78.4,38.0,72640.0,36320.0,145280.0,100.22075055187639,50.110375275938196,200.44150110375278,48.20000000000001,
121,Company_121,Retail,Oceania,2016,780.5,0.9,146.8,7.7,47.4,27.1,78.7,36.3,78872.4,39436.2,157744.7,101.05368353619474,50.52684176809737,202.10723894939144,47.366666666666674,0.07684878587196464
121,Company_121,Retail,Oceania,2017,845.6,-1.1,2509.9,8.3,47.6,27.5,80.1,35.3,85213.1,42606.5,170426.1,100.77235099337749,50.38611636707663,201.54458372753075,47.633333333333326,0.08340807174887899
121,Company_121,Retail,Oceania,2018,673.3,0.1,10.0,-20.4,49.4,26.5,85.1,36.8,68311.8,34155.9,136623.5,101.45819099955445,50.72909549977722,202.9162334769048,49.46666666666666,-0.20376064333017985
121,Company_121,Retail,Oceania,2019,688.8,2.2,202.8,2.3,49.7,31.2,84.4,33.6,67623.7,33811.8,135247.3,98.17610336817654,49.087979094076665,196.35206155632986,49.73333333333334,0.02302094163077384
121,Company_121,Retail,Oceania,2020,673.4,3.0,368.0,-2.2,49.2,30.3,83.8,33.5,66526.0,33263.0,133052.0,98.79120879120879,49.395604395604394,197.58241758241758,49.199999999999996,-0.022357723577235755
121,Company_121,Retail,Oceania,2021,750.4,1.2,143.1,11.4,50.0,30.6,83.7,35.8,73983.0,36991.5,147966.0,98.59141791044776,49.29570895522388,197.18283582089552,50.03333333333334,0.11434511434511441
121,Company_121,Retail,Oceania,2022,760.8,0.8,132.7,1.4,49.9,32.9,81.1,35.6,73768.1,36884.1,147536.2,96.96122502628813,48.48067823343849,193.92245005257627,49.86666666666667,0.013859275053304865
121,Company_121,Retail,Oceania,2023,804.3,1.6,270.4,5.7,52.2,36.9,84.6,35.2,75737.4,37868.7,151474.9,94.16560984707199,47.082804923535996,188.331344025861,52.23333333333333,0.057176656151419536
121,Company_121,Retail,Oceania,2024,750.6,0.6,87.6,-6.7,53.5,38.5,85.0,37.0,69835.8,34917.9,139671.6,93.03996802557954,46.51998401278977,186.07993605115908,53.5,-0.06676613204028337
121,Company_121,Retail,Oceania,2025,763.9,0.1,17.5,1.8,55.9,42.3,88.8,36.8,69071.1,34535.6,138142.2,90.4190339049614,45.20958240607409,180.8380678099228,55.96666666666666,0.017719158006927804
122,Company_122,Energy,Europe,2015,2866.6,-3.4,11179.1,15.45,58.1,43.6,71.0,59.7,2565066.0,769519.8,25650659.7,894.8112746808066,268.44338240424196,8948.112642154469,58.1,
122,Company_122,Energy,Europe,2016,3390.3,-0.9,3942.1,18.3,58.1,40.7,73.5,60.0,3102149.9,930645.0,31021498.5,915.0074919623631,274.50225643748337,9150.074772144058,58.06666666666666,0.1826902951231426
122,Company_122,Energy,Europe,2017,4033.0,-2.3,12728.7,19.0,56.4,42.4,71.4,55.5,3642633.0,1092789.9,36426330.3,903.2067939499132,270.96203818497395,9032.068013885444,56.43333333333334,0.1895702445211338
122,Company_122,Energy,Europe,2018,4505.2,-3.4,3727.8,11.7,55.7,41.4,71.6,54.2,4099257.7,1229777.3,40992576.7,909.8947216549766,272.9684142768357,9098.947149960048,55.73333333333333,0.11708405653359777
122,Company_122,Energy,Europe,2019,5134.9,-4.4,11248.9,14.0,56.9,42.8,75.3,52.6,4622659.2,1386797.8,46226591.7,900.2432764026564,270.0729907106273,9002.432705602836,56.9,0.1397718192311106
122,Company_122,Energy,Europe,2020,6002.9,-4.2,25458.1,16.9,57.3,45.2,74.2,52.6,5303697.3,1591109.2,53036973.4,883.5225141181762,265.0567559013144,8835.225207816222,57.333333333333336,0.1690393191688251
122,Company_122,Energy,Europe,2021,6051.9,-4.8,20111.6,0.8,58.3,46.2,75.5,53.2,5307090.9,1592127.3,53070908.5,876.9297080255789,263.07891736479456,8769.296997637106,58.300000000000004,0.00816272135134688
122,Company_122,Energy,Europe,2022,7275.0,-0.9,32772.5,20.2,59.1,47.1,74.6,55.6,6329472.8,1898841.9,63294728.4,870.0306254295532,261.00919587628863,8700.30630927835,59.099999999999994,0.2021018192633719
122,Company_122,Energy,Europe,2023,7273.7,0.3,327.7,-0.0,60.5,50.7,75.0,55.7,6147274.8,1844182.4,61472748.3,845.1372478930942,253.54116886866382,8451.372520175426,60.46666666666667,-0.00017869415807558742
122,Company_122,Energy,Europe,2024,8511.4,2.4,1730.5,17.0,60.5,49.4,75.9,56.2,7268214.4,2180464.3,72682143.7,853.938764480579,256.181626994384,8539.387609558946,60.5,0.17016099096745818
122,Company_122,Energy,Europe,2025,9315.1,-2.0,17532.6,9.4,60.0,50.1,76.1,53.7,7913244.5,2373973.4,79132445.1,849.5071979903597,254.8521647647368,8495.071990638855,59.96666666666666,0.09442629884625342
123,Company_123,Technology,Middle East,2015,15817.3,22.0,66987.0,24.85,55.3,97.5,16.9,51.5,409269.7,245561.8,818539.5,25.87481428562397,15.524887306936076,51.74963489343946,55.300000000000004,
123,Company_123,Technology,Middle East,2016,20789.3,21.2,96217.2,31.4,55.8,96.2,20.3,50.9,547445.1,328467.1,1094890.3,26.333022275882303,15.79981528959609,52.666049361931385,55.800000000000004,0.3143393625966504
123,Company_123,Technology,Middle East,2017,26072.0,21.1,114793.1,25.4,58.5,99.9,20.0,55.5,652326.6,391396.0,1304653.2,25.02019791347039,15.012120282295182,50.04039582694078,58.46666666666667,0.25410667987859137
123,Company_123,Technology,Middle East,2018,35114.9,20.8,148859.6,34.7,59.5,99.8,21.1,57.5,880485.7,528291.4,1760971.4,25.07441855166895,15.044650561442579,50.1488371033379,59.46666666666667,0.3468433568579319
123,Company_123,Technology,Middle East,2019,43645.9,15.7,217794.6,24.3,58.6,98.3,19.2,58.2,1117702.3,670621.4,2235404.7,25.608414536073262,15.365049179877147,51.21683136331248,58.56666666666666,0.24294530242147916
123,Company_123,Technology,Middle East,2020,50915.7,14.8,225078.7,16.7,59.5,100.0,16.8,61.6,1272891.4,763734.8,2545782.8,24.99997839566185,14.999986251784815,49.9999567913237,59.46666666666667,0.16656318233785972
123,Company_123,Technology,Middle East,2021,62834.2,13.0,261647.0,23.4,61.3,100.0,18.2,65.8,1570854.0,942512.4,3141708.1,24.999984085100152,14.999990451060093,49.999969761690295,61.333333333333336,0.23408300386717662
123,Company_123,Technology,Middle East,2022,78027.0,15.6,404011.2,24.2,63.5,100.0,23.8,66.7,1950674.7,1170404.8,3901349.3,24.999996155177055,14.999997436784703,49.99999102874646,63.5,0.2417918904036338
123,Company_123,Technology,Middle East,2023,98554.3,16.9,290926.9,26.3,63.3,100.0,27.1,62.8,2463856.4,1478313.8,4927712.8,24.99998883864022,14.999992897316504,49.99997767728044,63.29999999999999,0.2630794468581388
123,Company_123,Technology,Middle East,2024,108393.6,18.6,524589.4,10.0,64.6,100.0,29.3,64.5,2709839.3,1625903.6,5419678.7,24.999993542054142,14.999996309745224,49.99998800667198,64.60000000000001,0.09983633387888702
123,Company_123,Technology,Middle East,2025,137883.0,22.7,821387.0,27.2,64.1,100.0,30.3,61.9,3447075.5,2068245.3,6894151.1,25.000003626262846,15.000002175757707,50.00000797777826,64.06666666666668,0.2720584979186962
124,Company_124,Manufacturing,Africa,2015,980.5,4.9,390.6,2.7,32.4,48.6,34.7,13.8,253004.4,337339.3,4216740.8,258.03610402855685,344.0482406935237,4300.6025497195305,32.36666666666667,
124,Company_124,Manufacturing,Africa,2016,1025.4,5.0,593.5,4.6,34.5,50.2,36.3,17.1,261080.0,348106.7,4351334.0,254.61283401599374,339.48381119563095,4243.547883752682,34.53333333333333,0.04579296277409495
124,Company_124,Manufacturing,Africa,2017,1178.3,3.7,822.0,14.9,36.3,51.0,36.2,21.6,298046.3,397395.1,4967438.5,252.94602393278453,337.2613935330561,4215.767206993126,36.26666666666667,0.14911254144724007
124,Company_124,Manufacturing,Africa,2018,1207.8,5.4,796.9,2.5,36.6,52.5,37.4,19.9,301574.2,402098.9,5026236.4,249.688855770823,332.9184467627091,4161.480708726611,36.6,0.025036068912840603
124,Company_124,Manufacturing,Africa,2019,1271.8,7.0,1195.8,5.3,37.0,51.2,36.9,22.8,321043.3,428057.7,5350721.8,252.43222204749173,336.5762698537506,4207.203805629816,36.96666666666666,0.052988905447921786
124,Company_124,Manufacturing,Africa,2020,1270.4,9.9,1306.0,-0.1,37.2,52.0,36.7,22.9,318524.0,424698.7,5308733.4,250.72732997481106,334.3031328715365,4178.788885390428,37.199999999999996,-0.0011008020128949747
124,Company_124,Manufacturing,Africa,2021,1368.5,9.5,2715.0,7.7,37.2,52.9,37.5,21.2,340646.0,454194.7,5677433.7,248.91925465838509,331.8923639020826,4148.654512239678,37.2,0.07721977329974794
124,Company_124,Manufacturing,Africa,2022,1407.1,9.2,1124.6,2.8,38.2,53.7,41.2,19.8,347808.7,463744.9,5796811.8,247.1812237936181,329.57494136877267,4119.687157984507,38.233333333333334,0.02820606503470957
124,Company_124,Manufacturing,Africa,2023,1263.2,10.7,1691.3,-10.2,39.1,55.4,44.6,17.2,307741.5,410322.0,5129024.6,243.6205668144395,324.8274224192527,4060.3424635845467,39.06666666666667,-0.10226707412408487
124,Company_124,Manufacturing,Africa,2024,1288.9,16.6,2904.2,2.0,40.2,59.7,44.2,16.8,302298.3,403064.4,5038304.4,234.53976258825352,312.71968345100476,3908.995577624331,40.233333333333334,0.0203451551614946
124,Company_124,Manufacturing,Africa,2025,1321.9,13.8,1496.6,2.6,40.2,57.3,43.7,19.5,316721.8,422295.7,5278695.8,239.59588471140023,319.4611543989712,3993.2640895680456,40.166666666666664,0.025603227558383068
125,Company_125,Finance,Middle East,2015,3747.8,18.5,13486.7,6.449999999999999,39.0,93.4,20.3,3.3,40956.8,20478.4,102392.1,10.9282245584076,5.4641122792038,27.32058807833929,39.0,
125,Company_125,Finance,Middle East,2016,4136.3,15.5,9230.3,10.4,39.0,93.3,19.9,3.8,45267.9,22634.0,113169.8,10.944056282184562,5.472040229190339,27.36015279355946,38.99999999999999,0.10366081434441532
125,Company_125,Finance,Middle East,2017,3719.1,14.1,8781.4,-10.1,39.5,94.1,22.7,1.7,40240.2,20120.1,100600.4,10.819875776397515,5.409937888198757,27.04966255276814,39.5,-0.10086309020138773
125,Company_125,Finance,Middle East,2018,3984.1,10.8,7397.1,7.1,40.0,94.9,23.7,1.3,42703.6,21351.8,106758.9,10.718506061594839,5.3592530307974195,26.796240054215506,39.96666666666667,0.07125379796187259
125,Company_125,Finance,Middle East,2019,3443.0,8.8,3678.2,-13.6,40.3,95.8,25.0,0.0,36432.3,18216.1,91080.7,10.581556781876271,5.29076386871914,26.453877432471682,40.266666666666666,-0.13581486408473686
125,Company_125,Finance,Middle East,2020,3908.3,5.4,3888.1,13.5,40.5,97.6,24.1,0.0,40422.3,20211.1,101055.7,10.34268096103165,5.171327687229741,25.856689609293042,40.56666666666666,0.1351437699680511
125,Company_125,Finance,Middle East,2021,3888.1,4.0,2535.3,-0.5,40.4,98.2,22.9,0.0,39851.2,19925.6,99627.9,10.24953061906844,5.12476530953422,25.623800828167997,40.36666666666667,-0.005168487577719261
125,Company_125,Finance,Middle East,2022,4863.8,3.5,2515.2,25.1,39.8,96.7,22.6,0.0,50916.4,25458.2,127291.0,10.468440314157654,5.234220157078827,26.171100785394135,39.76666666666667,0.2509451917388956
125,Company_125,Finance,Middle East,2023,5145.4,4.1,2219.0,5.8,39.7,96.5,22.7,0.0,53983.9,26992.0,134959.8,10.49168189062075,5.245850662727873,26.22921444396937,39.733333333333334,0.057897117480159466
125,Company_125,Finance,Middle East,2024,6030.3,3.2,3021.8,17.2,41.7,100.0,25.0,0.0,60302.5,30151.3,150756.3,9.99991708538547,4.999966834154188,24.999801004925125,41.666666666666664,0.17197885489952203
125,Company_125,Finance,Middle East,2025,5626.2,-0.4,27749.7,-6.7,41.9,99.8,24.6,1.3,56393.1,28196.6,140982.8,10.023301695638263,5.011659734812129,25.058263126088654,41.9,-0.06701159146311131
126,Company_126,Manufacturing,Oceania,2015,1608.3,3.0,953.0,11.8,42.3,16.7,65.7,44.5,522637.3,696849.7,8710621.7,324.96256917241806,433.28340483740595,5416.042840266119,42.300000000000004,
126,Company_126,Manufacturing,Oceania,2016,1672.1,1.1,387.2,4.0,41.7,16.3,64.7,44.2,544844.8,726459.8,9080747.4,325.8446265175528,434.45954189342746,5430.744213862808,41.733333333333334,0.03966921594229933
126,Company_126,Manufacturing,Oceania,2017,2019.0,1.4,502.3,20.7,42.2,18.3,61.7,46.7,649115.2,865487.0,10818587.2,321.5033184744923,428.67112431896976,5358.388905398712,42.233333333333334,0.20746366844088282
126,Company_126,Manufacturing,Oceania,2018,2406.7,3.5,1698.8,19.2,43.3,20.1,58.9,50.9,764949.8,1019933.1,12749163.4,317.84177504466703,423.789047243113,5297.362945111564,43.300000000000004,0.192025755324418
126,Company_126,Manufacturing,Oceania,2019,2899.5,4.7,1105.6,20.5,44.5,23.2,59.2,51.1,902372.8,1203163.8,15039547.1,311.2166925331954,414.9556130367305,5186.945025004311,44.5,0.2047617069015666
126,Company_126,Manufacturing,Oceania,2020,2890.7,4.0,1214.1,-0.3,42.7,22.2,57.0,48.7,905661.1,1207548.1,15094351.6,313.3016570380877,417.73553118621794,5221.694260905663,42.63333333333333,-0.0030350060355234243
126,Company_126,Manufacturing,Oceania,2021,3309.7,2.6,738.7,14.5,42.8,22.3,56.7,49.4,1036218.7,1381624.9,17270311.1,313.0853853823609,417.4471704384083,5218.089585158777,42.800000000000004,0.14494759054900208
126,Company_126,Manufacturing,Oceania,2022,3279.2,-1.1,12804.5,-0.9,43.9,24.1,58.2,49.5,1014799.6,1353066.1,16913326.8,309.4656013661869,412.62079165650164,5157.760063430105,43.93333333333334,-0.00921533673746866
126,Company_126,Manufacturing,Oceania,2023,3463.9,3.8,2487.0,5.6,45.1,23.9,60.4,51.0,1073057.7,1430743.6,17884294.7,309.78310574785644,413.04414099714194,5163.051675856693,45.1,0.056324713344718225
126,Company_126,Manufacturing,Oceania,2024,3821.9,7.2,5207.2,10.3,46.2,24.5,61.1,53.1,1179338.9,1572451.9,19655648.2,308.57398152751244,411.4319840916821,5142.899657238546,46.23333333333333,0.10335171338664506
126,Company_126,Manufacturing,Oceania,2025,4331.6,5.1,4147.4,13.3,47.0,25.6,61.3,54.3,1326961.2,1769281.6,22116020.1,306.34435312586567,408.4591375011543,5105.739241850586,47.06666666666666,0.1333629869959969
127,Company_127,Consumer Goods,Asia,2015,2028.2,12.4,5855.0,5.1,57.9,63.2,42.4,67.9,307219.7,384024.6,1536098.4,151.47406567399665,189.3425697662952,757.3702790651809,57.833333333333336,
127,Company_127,Consumer Goods,Asia,2016,2161.3,12.1,5084.1,6.6,59.3,64.2,43.2,70.6,324525.5,405656.9,1622627.6,150.15291722574375,187.6911580992921,750.7646323971684,59.333333333333336,0.06562469184498587
127,Company_127,Consumer Goods,Asia,2017,2065.5,11.5,4617.9,-4.4,61.6,67.8,43.6,73.5,299532.2,374415.3,1497661.1,145.0167998063423,181.2710239651416,725.084047446139,61.63333333333333,-0.04432517466339714
127,Company_127,Consumer Goods,Asia,2018,2111.3,10.5,2213.2,2.2,61.6,67.7,44.8,72.4,306697.8,383372.2,1533488.8,145.26490787666364,181.58111116373797,726.3244446549519,61.63333333333333,0.02217380779472289
127,Company_127,Consumer Goods,Asia,2019,2089.0,6.4,2669.3,-1.1,61.7,71.1,41.1,72.8,293394.5,366743.1,1466972.3,140.44734322642412,175.55916706558162,702.2366203925324,61.666666666666664,-0.01056221285463943
127,Company_127,Consumer Goods,Asia,2020,2163.3,6.0,3039.2,3.6,61.6,70.7,42.3,71.7,305173.3,381466.6,1525866.5,141.068413997134,176.33550593999905,705.34206998567,61.56666666666666,0.03556725706079478
127,Company_127,Consumer Goods,Asia,2021,2566.7,8.0,4483.0,18.6,60.5,73.3,37.5,70.6,352681.5,440851.9,1763407.7,137.40659212218023,171.75824989285854,687.0330385319671,60.46666666666666,0.18647436786391136
127,Company_127,Consumer Goods,Asia,2022,2492.0,8.9,5303.8,-2.9,60.9,75.6,37.1,70.0,334483.6,418104.5,1672417.8,134.22295345104334,167.7786918138042,671.1146869983949,60.9,-0.029103518136127993
127,Company_127,Consumer Goods,Asia,2023,2760.7,10.4,2882.1,10.8,61.0,75.8,37.5,69.7,369730.1,462162.7,1848650.7,133.92621436592168,167.40779512442498,669.6311442750027,61.0,0.10782504012841088
127,Company_127,Consumer Goods,Asia,2024,3085.4,8.2,4696.9,11.8,60.3,74.4,37.1,69.4,419239.2,524049.0,2096195.9,135.87839502171516,169.84799377714396,679.3919426978673,60.300000000000004,0.11761509762016886
127,Company_127,Consumer Goods,Asia,2025,3575.1,8.2,3317.3,15.9,59.8,73.6,36.9,68.9,489858.8,612323.5,2449293.8,137.01960784313727,171.27450980392157,685.0979832731952,59.800000000000004,0.15871523951513566
128,Company_128,Utilities,Africa,2015,424.4,7.3,368.0,6.0,29.9,46.1,30.7,13.0,297762.5,186101.6,2977625.1,701.6081526861452,438.50518378887847,7016.081762488219,29.933333333333334,
128,Company_128,Utilities,Africa,2016,437.0,6.9,401.1,3.0,29.7,46.3,30.6,12.2,306345.0,191465.6,3063449.9,701.0183066361556,438.1363844393593,7010.182837528604,29.700000000000003,0.029688972667295088
128,Company_128,Utilities,Africa,2017,512.2,4.8,223.4,17.2,30.9,46.9,33.3,12.6,357068.1,223167.6,3570680.9,697.1263178445919,435.7040218664584,6971.262983209683,30.933333333333326,0.17208237986270025
128,Company_128,Utilities,Africa,2018,569.7,3.8,171.5,11.2,30.7,47.1,31.9,13.2,396779.6,247987.3,3967796.4,696.4711251535895,435.29454098648404,6964.71195365982,30.733333333333334,0.11226083561108946
128,Company_128,Utilities,Africa,2019,662.4,1.1,75.1,16.3,31.6,49.1,31.2,14.5,453769.7,283606.1,4537696.8,685.0387983091788,428.14930555555554,6850.38768115942,31.599999999999998,0.16271721958925744
128,Company_128,Utilities,Africa,2020,680.0,2.8,163.0,2.7,31.4,47.5,33.2,13.5,472014.0,295008.8,4720140.4,694.1382352941176,433.8364705882353,6941.382941176471,31.400000000000002,0.026570048309178862
128,Company_128,Utilities,Africa,2021,752.9,2.9,238.5,10.7,33.2,48.2,35.9,15.5,519632.0,324770.0,5196319.7,690.173993890291,431.3587461814318,6901.739540443618,33.199999999999996,0.10720588235294115
128,Company_128,Utilities,Africa,2022,762.2,2.3,214.1,1.2,33.9,50.2,39.2,12.3,517641.0,323525.6,5176409.9,679.1406454998688,424.4628706376279,6791.406323799528,33.9,0.012352238013016326
128,Company_128,Utilities,Africa,2023,748.9,2.1,211.2,-1.8,34.9,47.8,43.9,12.8,518401.0,324000.6,5184010.0,692.2165843236747,432.63533182000265,6922.165843236748,34.83333333333333,-0.017449488323274864
128,Company_128,Utilities,Africa,2024,654.3,3.9,303.3,-12.6,35.8,47.3,44.6,15.4,454810.9,284256.8,4548109.3,695.1106526058384,434.44413877426257,6951.106984563656,35.76666666666667,-0.12631860061423428
128,Company_128,Utilities,Africa,2025,713.5,3.3,277.9,9.0,36.6,49.4,42.7,17.9,487747.3,304842.0,4877472.5,683.5981779957954,427.2487736510161,6835.981079187106,36.666666666666664,0.09047837383463242
129,Company_129,Healthcare,Africa,2015,1436.0,13.9,4955.6,6.55,44.4,58.2,17.0,58.1,113784.6,113784.6,227569.3,79.23718662952646,79.23718662952646,158.47444289693593,44.43333333333334,
129,Company_129,Healthcare,Africa,2016,1716.3,16.4,6752.0,19.5,43.1,55.5,16.0,57.8,139220.3,139220.3,278440.7,81.1165297442172,81.1165297442172,162.23311775330654,43.1,0.19519498607242336
129,Company_129,Healthcare,Africa,2017,1540.6,13.6,5123.2,-10.2,44.1,56.0,18.4,57.8,124469.2,124469.2,248938.3,80.79267817733351,80.79267817733351,161.5852914448916,44.06666666666666,-0.10237138029482029
129,Company_129,Healthcare,Africa,2018,1644.7,10.3,1751.5,6.8,45.7,57.9,21.9,57.2,130688.0,130688.0,261376.0,79.46008390587949,79.46008390587949,158.92016781175897,45.666666666666664,0.06757107620407643
129,Company_129,Healthcare,Africa,2019,1747.7,12.5,4024.7,6.3,47.5,56.0,24.3,62.1,141171.5,141171.5,282343.0,80.77559077644905,80.77559077644905,161.5511815528981,47.46666666666667,0.06262540280902296
129,Company_129,Healthcare,Africa,2020,1712.2,10.4,2147.7,-2.0,48.7,57.7,26.9,61.6,136263.0,136263.0,272526.0,79.5835766849667,79.5835766849667,159.1671533699334,48.73333333333333,-0.020312410596784347
129,Company_129,Healthcare,Africa,2021,1739.9,11.3,3922.9,1.6,48.4,59.9,24.3,60.9,135862.1,135862.1,271724.1,78.08615437668831,78.08615437668831,156.1722512788091,48.36666666666667,0.016178016586847255
129,Company_129,Healthcare,Africa,2022,1940.4,10.2,4218.0,11.5,47.5,59.6,21.4,61.4,151850.5,151850.5,303701.0,78.25731807874665,78.25731807874665,156.5146361574933,47.46666666666667,0.11523650784527839
129,Company_129,Healthcare,Africa,2023,2037.5,7.8,3530.8,5.0,49.6,62.5,24.7,61.6,155408.7,155408.7,310817.3,76.27420858895707,76.27420858895707,152.5483680981595,49.6,0.05004122861265703
129,Company_129,Healthcare,Africa,2024,2248.7,9.6,3301.0,10.4,50.9,68.0,23.0,61.8,162876.6,162876.6,325753.3,72.43144928180728,72.43144928180728,144.86294303375283,50.93333333333334,0.10365644171779143
129,Company_129,Healthcare,Africa,2025,2423.2,15.3,5235.5,7.8,50.5,67.5,22.4,61.6,176313.0,176313.0,352626.0,72.76039947177287,72.76039947177287,145.52079894354574,50.5,0.07760039133721697
130,Company_130,Manufacturing,Asia,2015,2174.8,14.1,2890.7,-3.5,27.8,6.1,30.2,47.0,754971.4,1006628.6,12582857.2,347.145208754828,462.8603089939304,5785.753724480412,27.766666666666666,
130,Company_130,Manufacturing,Asia,2016,2002.1,17.9,7066.6,-7.9,28.4,7.3,27.2,50.6,689927.5,919903.3,11498791.4,344.6019179861146,459.46920733230115,5743.365166575097,28.366666666666664,-0.07940960088283988
130,Company_130,Manufacturing,Asia,2017,2107.8,21.0,5871.0,5.3,28.3,7.3,27.1,50.6,726713.3,968951.1,12111888.2,344.77336559445865,459.69783660688864,5746.222696650535,28.333333333333332,0.052794565706008934
130,Company_130,Manufacturing,Asia,2018,2026.7,23.7,5084.0,-3.8,27.1,9.0,23.8,48.5,691296.9,921729.3,11521615.6,341.0948339665466,454.7931612966892,5684.914195490205,27.099999999999998,-0.03847613625581181
130,Company_130,Manufacturing,Asia,2019,2295.0,23.9,8633.0,13.2,27.8,10.1,26.7,46.5,777361.9,1036482.5,12956031.2,338.7197821350763,451.6263616557734,5645.329498910675,27.766666666666666,0.1323826910741599
130,Company_130,Manufacturing,Asia,2020,2728.5,26.6,6411.8,18.9,29.3,12.1,28.8,46.9,913017.7,1217356.9,15216961.2,334.6225765072384,446.16342312625983,5577.042770753161,29.266666666666666,0.18888888888888888
130,Company_130,Manufacturing,Asia,2021,2765.6,27.9,8064.2,1.4,31.5,14.6,31.2,48.9,911097.1,1214796.2,15184952.3,329.43921752964997,439.2523141452126,5490.65385449812,31.566666666666663,0.013597214586769324
130,Company_130,Manufacturing,Asia,2022,2465.0,30.7,11266.8,-10.9,33.9,15.7,32.8,53.2,806185.9,1074914.6,13436432.1,327.05310344827586,436.07083164300207,5450.88523326572,33.9,-0.10869250795487417
130,Company_130,Manufacturing,Asia,2023,2292.0,29.5,9817.5,-7.0,33.5,16.1,31.8,52.5,747602.7,996803.6,12460045.4,326.1791884816754,434.90558464223386,5436.319982547993,33.46666666666667,-0.07018255578093302
130,Company_130,Manufacturing,Asia,2024,1876.4,25.3,9445.1,-18.1,32.7,16.6,29.9,51.6,609910.1,813213.5,10165168.2,325.0426881261991,433.39026859944573,5417.378064378597,32.699999999999996,-0.18132635253054097
130,Company_130,Manufacturing,Asia,2025,1816.2,22.9,3717.2,-3.2,33.6,17.8,29.6,53.3,585823.8,781098.4,9763729.6,322.5546745953089,430.07289946041186,5375.911023015086,33.56666666666667,-0.03208271157535714
131,Company_131,Finance,Latin America,2015,23779.2,19.5,80256.6,5.05,69.4,86.3,88.1,33.7,283407.1,141703.5,708517.7,11.918277317992194,5.959136556318127,29.795691192302513,69.36666666666666,
131,Company_131,Finance,Latin America,2016,26384.3,19.3,77916.0,11.0,69.9,86.5,86.6,36.6,313588.3,156794.1,783970.7,11.885412916014447,5.942704562940841,29.713530394969734,69.89999999999999,0.10955372762750626
131,Company_131,Finance,Latin America,2017,29584.0,17.9,80799.7,12.1,71.2,85.5,90.3,37.7,355977.8,177988.9,889944.6,12.032781233098971,6.016390616549486,30.081956462952945,71.16666666666667,0.12127287818892296
131,Company_131,Finance,Latin America,2018,30349.2,17.2,59874.4,2.6,71.9,83.7,92.3,39.7,372701.2,186350.6,931752.9,12.280429138165092,6.140214569082546,30.701069550432962,71.89999999999999,0.025865332612222902
131,Company_131,Finance,Latin America,2019,30223.5,16.7,41046.2,-0.4,70.3,80.9,89.8,40.2,382861.2,191430.6,957153.1,12.667665889126011,6.333832944563006,31.669168031498668,70.3,-0.004141789569412024
131,Company_131,Finance,Latin America,2020,31598.1,17.7,77522.1,4.5,70.3,81.3,88.6,41.1,398520.6,199260.3,996301.4,12.612169719065387,6.306084859532693,31.53042113291622,70.33333333333333,0.04548116531837798
131,Company_131,Finance,Latin America,2021,33591.5,17.4,87917.7,6.3,70.7,84.7,86.1,41.1,407638.9,203819.4,1019097.2,12.13518003066252,6.067588526859473,30.33794858818451,70.63333333333334,0.0630860716308892
131,Company_131,Finance,Latin America,2022,35455.9,18.5,66175.7,5.6,72.8,85.8,88.2,44.6,425234.7,212617.3,1063086.7,11.993341023637814,5.996669101616374,29.983351148892,72.86666666666666,0.05550213595701292
131,Company_131,Finance,Latin America,2023,33810.0,21.2,84446.1,-4.6,72.4,84.7,90.0,42.5,410672.9,205336.5,1026682.3,12.146492162082225,6.073247559893523,30.36623188405797,72.39999999999999,-0.04642104699076888
131,Company_131,Finance,Latin America,2024,33969.1,22.1,72817.6,0.5,72.4,85.5,87.9,43.8,408478.3,204239.2,1021195.8,12.024996246588811,6.012499595220363,30.06249208839799,72.39999999999999,0.0047057083703045954
131,Company_131,Finance,Latin America,2025,36281.3,23.4,79537.4,6.8,72.7,86.7,88.5,42.8,430156.9,215078.4,1075392.1,11.856160060416798,5.92807865208799,29.64039601668077,72.66666666666667,0.06806774392020998
132,Company_132,Consumer Goods,Oceania,2015,973.0,6.1,1457.0,0.5,60.8,73.7,66.8,42.1,133171.9,166464.9,665859.7,136.86731757451182,171.0841726618705,684.3367934224049,60.86666666666667,
132,Company_132,Consumer Goods,Oceania,2016,1027.8,5.8,990.1,5.6,60.2,73.0,65.0,42.5,141575.5,176969.3,707877.3,137.74615683985212,172.1826230784199,688.7305896088734,60.166666666666664,0.056320657759506565
132,Company_132,Consumer Goods,Oceania,2017,919.8,6.5,976.0,-10.5,60.0,73.3,63.1,43.5,126361.7,157952.1,631808.3,137.37953903022395,171.72439660795825,686.8974777125463,59.96666666666667,-0.1050788091068301
132,Company_132,Consumer Goods,Oceania,2018,902.0,8.1,1407.9,-1.9,58.9,73.8,62.8,40.2,123251.9,154064.9,616259.5,136.64290465631927,170.80365853658535,683.2145232815965,58.93333333333334,-0.01935203305066313
132,Company_132,Consumer Goods,Oceania,2019,986.9,8.8,1569.5,9.4,60.0,76.3,62.1,41.5,131396.7,164245.9,656983.6,133.14084507042256,166.42608166987537,665.7043266795015,59.96666666666667,0.0941241685144123
132,Company_132,Consumer Goods,Oceania,2020,1029.0,5.2,1122.6,4.3,62.5,81.3,67.2,39.2,129864.2,162330.2,649320.8,126.20427599611273,157.755296404276,631.021185617104,62.56666666666666,0.042658830681933324
132,Company_132,Consumer Goods,Oceania,2021,1050.2,2.5,331.5,2.1,65.0,82.6,71.2,41.1,130552.6,163190.8,652763.1,124.31213102266236,155.39021138830697,621.5607503332698,64.96666666666667,0.020602526724975645
132,Company_132,Consumer Goods,Oceania,2022,879.1,3.4,475.4,-16.3,65.3,81.2,71.0,43.6,111013.7,138767.2,555068.6,126.28108292571947,157.85143897167558,631.4055283812991,65.26666666666667,-0.1629213483146068
132,Company_132,Consumer Goods,Oceania,2023,905.2,7.1,1538.4,3.0,66.0,83.1,69.0,45.8,111959.1,139948.8,559795.4,123.68437914273089,154.60539107379583,618.4217852408308,65.96666666666665,0.029689455124559228
132,Company_132,Consumer Goods,Oceania,2024,757.8,11.1,1544.9,-16.3,66.7,86.4,69.6,44.1,90232.2,112790.2,451160.8,119.07125890736343,148.8390076537345,595.356030614938,66.7,-0.16283694211224053
132,Company_132,Consumer Goods,Oceania,2025,749.5,10.9,834.2,-1.1,65.3,86.0,68.0,41.7,89628.4,112035.5,448141.8,119.5842561707805,149.48032021347566,597.9210140093395,65.23333333333333,-0.010952757983636818
133,Company_133,Consumer Goods,Europe,2015,565.0,6.4,432.1,3.15,64.6,27.1,79.7,87.0,114135.0,142668.7,570674.9,202.00884955752213,252.51097345132746,1010.0440707964602,64.60000000000001,
133,Company_133,Consumer Goods,Europe,2016,653.9,5.0,688.3,15.7,66.3,27.7,82.6,88.7,131597.8,164497.3,657989.2,201.250649946475,251.56338889738493,1006.2535555895397,66.33333333333333,0.15734513274336281
133,Company_133,Consumer Goods,Europe,2017,781.0,2.2,263.3,19.4,66.3,31.0,81.5,86.3,153576.9,191971.2,767884.7,196.64135723431497,245.80179257362357,983.2070422535211,66.26666666666667,0.19437222816944488
133,Company_133,Consumer Goods,Europe,2018,816.8,3.0,497.7,4.6,65.9,31.3,77.5,88.9,160245.8,200307.2,801228.8,196.1873163565132,245.23408423114597,980.9363369245839,65.89999999999999,0.04583866837387962
133,Company_133,Consumer Goods,Europe,2019,830.9,2.8,393.7,1.7,67.0,31.3,80.6,89.2,162962.5,203703.2,814812.6,196.12769286316043,245.15970634252017,980.6385846672283,67.03333333333333,0.01726248775710082
133,Company_133,Consumer Goods,Europe,2020,880.5,1.9,317.4,6.0,68.5,32.3,83.6,89.7,171543.5,214429.4,857717.7,194.8250993753549,243.5314026121522,974.1257240204429,68.53333333333333,0.059694307377542444
133,Company_133,Consumer Goods,Europe,2021,829.6,3.6,526.4,-5.8,69.5,32.1,84.6,91.7,161792.1,202240.1,808960.5,195.02422854387657,243.78025554484088,975.1211427193828,69.46666666666665,-0.057808063600227166
133,Company_133,Consumer Goods,Europe,2022,892.5,5.4,1079.0,7.6,70.4,30.2,88.8,92.4,176459.6,220574.4,882297.8,197.71383753501402,247.14218487394956,988.5689635854342,70.46666666666667,0.07581967213114749
133,Company_133,Consumer Goods,Europe,2023,879.7,3.2,568.7,-1.4,71.3,31.9,89.6,92.5,171865.2,214831.6,859326.2,195.36796635216552,244.2100716153234,976.8400591110604,71.33333333333333,-0.014341736694677865
133,Company_133,Consumer Goods,Europe,2024,843.0,2.7,365.8,-4.2,70.4,32.6,87.2,91.5,163875.0,204843.8,819375.2,194.39501779359432,242.99383155397388,971.9753262158955,70.43333333333334,-0.041718767761737
133,Company_133,Consumer Goods,Europe,2025,840.5,-0.1,4160.2,-0.3,71.7,34.2,89.6,91.4,161448.2,201810.2,807240.9,192.0859012492564,240.10731707317075,960.4293872694825,71.73333333333333,-0.0029655990510083496
134,Company_134,Healthcare,Asia,2015,3692.0,13.9,9656.7,11.55,62.4,70.4,56.6,60.1,260986.8,260986.8,521973.6,70.68981581798482,70.68981581798482,141.37963163596964,62.36666666666667,
134,Company_134,Healthcare,Asia,2016,4038.5,11.9,11635.3,9.4,62.2,70.0,55.4,61.0,286655.3,286655.3,573310.5,70.98063637489166,70.98063637489166,141.9612479881144,62.13333333333333,0.09385157096424712
134,Company_134,Healthcare,Asia,2017,4220.3,14.7,14173.2,4.5,63.0,73.8,53.7,61.5,288443.0,288443.0,576885.9,68.34656304054214,68.34656304054214,136.6931023860863,63.0,0.045016714126532076
134,Company_134,Healthcare,Asia,2018,4937.8,11.5,10909.1,17.0,65.8,78.7,54.9,63.7,320455.1,320455.1,640910.1,64.89835554295435,64.89835554295435,129.79669083397462,65.76666666666667,0.17001161054901304
134,Company_134,Healthcare,Asia,2019,5553.1,15.0,11450.2,12.5,67.3,80.6,56.7,64.8,353130.7,353130.7,706261.4,63.59163350200789,63.59163350200789,127.18326700401578,67.36666666666667,0.12461015026935085
134,Company_134,Healthcare,Asia,2020,6629.2,13.7,18914.7,19.4,67.6,81.8,55.9,65.2,415804.0,415804.0,831607.9,62.72310384360104,62.72310384360104,125.44619260242564,67.63333333333333,0.19378365237434925
134,Company_134,Healthcare,Asia,2021,7335.0,14.3,15887.2,10.6,67.3,80.9,56.5,64.6,464879.2,464879.2,929758.4,63.378214042263124,63.378214042263124,126.75642808452625,67.33333333333333,0.10646835213902128
134,Company_134,Healthcare,Asia,2022,7671.1,13.7,23131.0,4.6,67.9,82.2,57.5,64.1,479048.1,479048.1,958096.3,62.448423303046496,62.448423303046496,124.89685964203308,67.93333333333332,0.04582140422631231
134,Company_134,Healthcare,Asia,2023,8772.5,11.6,21869.8,14.4,68.3,81.9,58.1,64.8,549974.3,549974.3,1099948.6,62.69299515531491,62.69299515531491,125.38599031062982,68.26666666666667,0.14357784411622831
134,Company_134,Healthcare,Asia,2024,9866.4,13.8,21461.4,12.5,69.5,81.3,58.4,68.8,622130.8,622130.8,1244261.5,63.05550150004055,63.05550150004055,126.11099286467203,69.5,0.12469649472784261
134,Company_134,Healthcare,Asia,2025,9486.5,9.5,15426.6,-3.9,68.5,83.2,54.2,68.1,585666.1,585666.1,1171332.2,61.73679439203078,61.73679439203078,123.47358878406156,68.5,-0.03850441903835233
135,Company_135,Transportation,Asia,2015,1468.6,6.1,1657.9,1.2,45.7,16.8,61.8,58.3,953641.8,158940.3,3178806.0,649.3543510826638,108.22572518044396,2164.5145036088793,45.633333333333326,
135,Company_135,Transportation,Asia,2016,1359.2,4.4,1136.2,-7.4,46.9,15.3,65.5,59.8,891446.9,148574.5,2971489.7,655.8614626250736,109.31025603296057,2186.204899941142,46.86666666666667,-0.07449271414953007
135,Company_135,Transportation,Asia,2017,1311.0,4.4,503.5,-3.6,49.4,19.8,66.6,61.7,834742.5,139123.7,2782474.9,636.7219679633868,106.12028985507247,2122.406483600305,49.36666666666667,-0.03546203649205415
135,Company_135,Transportation,Asia,2018,1222.6,3.5,720.9,-6.7,51.4,23.4,70.5,60.4,760250.9,126708.5,2534169.5,621.8312612465239,103.63855717323737,2072.7707345002455,51.43333333333334,-0.06742944317315036
135,Company_135,Transportation,Asia,2019,1129.5,-0.9,1406.6,-7.6,51.7,25.7,69.0,60.6,691542.6,115257.1,2305141.9,612.2555112881806,102.04258521469677,2040.8516157591855,51.76666666666667,-0.07614919025028621
135,Company_135,Transportation,Asia,2020,1197.4,-2.3,3050.7,6.0,50.7,25.0,67.5,59.5,736584.1,122764.0,2455280.4,615.1529146484048,102.52547185568731,2050.50977117087,50.666666666666664,0.06011509517485614
135,Company_135,Transportation,Asia,2021,1332.3,-1.9,2262.4,11.3,52.6,29.2,70.1,58.6,795609.0,132601.5,2652029.8,597.1695564062148,99.52825940103581,1990.565037904376,52.63333333333333,0.11266076499081334
135,Company_135,Transportation,Asia,2022,1539.9,0.6,168.4,15.6,52.3,29.3,69.2,58.5,919013.4,153168.9,3063378.1,596.8007013442431,99.46678355737384,1989.3357360867587,52.333333333333336,0.15582076108984477
135,Company_135,Transportation,Asia,2023,1472.1,0.9,162.3,-4.4,53.7,28.7,71.7,60.6,882540.6,147090.1,2941802.0,599.5113103729367,99.91855172882278,1998.3710345764555,53.666666666666664,-0.04402883304110672
135,Company_135,Transportation,Asia,2024,1570.4,3.0,793.5,6.7,52.5,27.9,69.6,60.1,946947.9,157824.7,3156493.1,602.9978986245542,100.49968160978095,2009.9930590932247,52.53333333333333,0.06677535493512687
135,Company_135,Transportation,Asia,2025,1673.3,3.1,808.1,6.6,54.2,29.9,68.2,64.4,994636.8,165772.8,3315456.1,594.4163031136079,99.06938385226798,1981.3877368075061,54.166666666666664,0.06552470708099833
136,Company_136,Manufacturing,Latin America,2015,451.6,11.0,822.0,9.35,47.9,53.5,40.9,49.4,111862.5,149150.0,1864374.8,247.70261293179803,330.2701505757307,4128.3764393268375,47.93333333333334,
136,Company_136,Manufacturing,Latin America,2016,484.7,10.2,851.7,7.3,48.6,52.4,41.7,51.6,121154.4,161539.2,2019240.5,249.95749948421704,333.2766659789561,4165.9593563028675,48.56666666666666,0.0732949512843224
136,Company_136,Manufacturing,Latin America,2017,568.3,10.4,543.1,17.2,49.2,52.1,43.1,52.5,142452.5,189936.7,2374208.9,250.66426183353863,334.2190744325181,4177.738694351575,49.23333333333333,0.1724778213327831
136,Company_136,Manufacturing,Latin America,2018,642.9,11.5,1180.1,13.1,49.5,51.0,42.2,55.2,162546.9,216729.2,2709115.4,252.8338777414839,337.1118369886452,4213.898584538809,49.46666666666667,0.13126869611120884
136,Company_136,Manufacturing,Latin America,2019,632.9,10.1,934.1,-1.5,49.0,50.6,43.6,52.9,160645.0,214193.4,2677417.1,253.82366882603887,338.4316637699479,4230.395165112972,49.03333333333333,-0.015554518587649668
136,Company_136,Manufacturing,Latin America,2020,700.8,10.7,1304.0,10.7,51.0,50.8,49.4,52.7,177522.3,236696.4,2958704.4,253.31378424657535,337.75171232876716,4221.895547945205,50.96666666666666,0.10728393111076007
136,Company_136,Manufacturing,Latin America,2021,757.1,9.0,896.7,8.0,53.0,52.9,51.9,54.1,188464.1,251285.5,3141068.8,248.92893937392682,331.9052965262185,4148.816272619205,52.96666666666667,0.08033675799086759
136,Company_136,Manufacturing,Latin America,2022,883.0,8.2,794.8,16.6,51.9,52.1,51.5,52.1,221252.1,295002.8,3687535.4,250.56862967157417,334.0915062287656,4176.144280860702,51.9,0.1662924316470744
136,Company_136,Manufacturing,Latin America,2023,1092.7,11.6,1987.8,23.8,53.5,54.3,53.2,53.0,268779.7,358372.9,4479661.6,245.97757847533632,327.97007412830607,4099.62624691132,53.5,0.23748584371460923
136,Company_136,Manufacturing,Latin America,2024,1117.7,8.2,1649.5,2.3,53.3,53.0,54.5,52.3,278087.4,370783.2,4634789.8,248.8032566878411,331.73767558378813,4146.720765858459,53.26666666666667,0.022879106799670534
136,Company_136,Manufacturing,Latin America,2025,1033.5,5.1,1097.2,-7.5,54.7,53.3,54.8,56.0,256322.6,341763.4,4272042.9,248.0141267537494,330.68543783260765,4133.568359941945,54.699999999999996,-0.0753332736870359
137,Company_137,Manufacturing,Oceania,2015,1443.1,6.9,1771.9,-1.65,39.7,12.7,26.7,79.8,481082.8,641443.7,8018046.7,333.36761139214195,444.49012542443353,5556.126879634122,39.73333333333333,
137,Company_137,Manufacturing,Oceania,2016,1145.4,9.0,1059.3,-20.6,41.6,15.2,28.9,80.7,375722.2,500962.9,6262036.3,328.0270647808626,437.36939060590186,5467.117426226645,41.6,-0.20629201025569943
137,Company_137,Manufacturing,Oceania,2017,1139.6,6.6,1389.8,-0.5,42.0,14.6,29.9,81.6,375393.2,500524.2,6256552.5,329.40786240786247,439.2104247104248,5490.13030888031,42.03333333333333,-0.005063733193644282
137,Company_137,Manufacturing,Oceania,2018,911.4,6.5,641.4,-20.0,43.1,15.8,34.0,79.4,297853.2,397137.6,4964220.0,326.80842659644503,435.74456879526,5446.807109940751,43.06666666666666,-0.2002457002457002
137,Company_137,Manufacturing,Oceania,2019,861.3,4.1,712.1,-5.5,43.1,17.6,33.6,78.2,278277.1,371036.1,4637950.9,323.0896319517009,430.7861372344131,5384.826309067689,43.13333333333333,-0.05497037524687298
137,Company_137,Manufacturing,Oceania,2020,876.4,1.3,175.6,1.8,44.8,22.4,35.4,76.6,274343.2,365790.9,4572386.9,313.0342309447741,417.37893655864906,5217.237448653584,44.79999999999999,0.017531638221293333
137,Company_137,Manufacturing,Oceania,2021,873.1,2.7,358.0,-0.4,45.9,24.2,35.4,78.3,269972.6,359963.5,4499543.6,309.21154506929327,412.2820982705303,5153.526056580002,45.96666666666666,-0.0037654039251482363
137,Company_137,Manufacturing,Oceania,2022,877.2,2.5,339.0,0.5,46.7,22.8,38.7,78.7,273852.3,365136.4,4564204.8,312.18912448700405,416.2521659826721,5203.151846785226,46.73333333333333,0.0046959111212920845
137,Company_137,Manufacturing,Oceania,2023,820.6,3.4,359.8,-6.4,46.2,25.3,35.4,77.9,251800.0,335733.3,4196666.4,306.84864733122106,409.13148915427735,5114.143797221545,46.20000000000001,-0.06452348381212958
137,Company_137,Manufacturing,Oceania,2024,797.6,5.8,969.1,-2.8,47.7,27.1,38.9,77.1,241668.8,322225.1,4027814.1,302.99498495486455,403.99335506519554,5049.9173771313945,47.699999999999996,-0.028028271996100362
137,Company_137,Manufacturing,Oceania,2025,879.9,6.1,746.6,10.3,49.7,28.3,38.1,82.8,264415.6,352554.2,4406927.3,300.5064211842255,400.67530401181955,5008.441072849188,49.73333333333333,0.10318455366098278
138,Company_138,Energy,Latin America,2015,14820.4,-4.8,27157.2,-10.45,45.1,39.9,62.4,32.9,13643565.9,4093069.8,136435658.9,920.5936344498125,276.1780923591806,9205.936337750669,45.06666666666666,
138,Company_138,Energy,Latin America,2016,13792.0,4.4,7942.1,-6.9,45.2,43.0,62.4,30.2,12401263.8,3720379.1,124012637.6,899.1635585846868,269.749064675174,8991.635556844547,45.199999999999996,-0.06939083965345061
138,Company_138,Energy,Latin America,2017,11854.7,-1.0,51841.8,-14.0,45.6,42.8,64.0,30.1,10671794.7,3201538.4,106717947.1,900.2163445721949,270.0649025281112,9002.163454157422,45.63333333333333,-0.14046548723897911
138,Company_138,Energy,Latin America,2018,11487.4,5.8,10719.8,-3.1,45.1,45.4,60.9,29.1,10136409.2,3040922.8,101364092.4,882.3936835141111,264.71810853630933,8823.936869961872,45.13333333333333,-0.030983491779631778
138,Company_138,Energy,Latin America,2019,9367.5,2.0,3342.2,-18.5,45.2,48.0,62.6,25.0,8096016.4,2428804.9,80960163.6,864.2664958633574,259.2799466239658,8642.664915932746,45.199999999999996,-0.18454132353709274
138,Company_138,Energy,Latin America,2020,8915.4,4.0,5548.1,-4.8,46.7,49.9,63.5,26.8,7586172.3,2275851.7,75861723.0,850.9065549498621,255.27196760661332,8509.06554949862,46.73333333333334,-0.048262610088070534
138,Company_138,Energy,Latin America,2021,7401.7,3.4,2366.3,-17.0,46.6,50.8,65.4,23.6,6248807.3,1874642.2,62488073.0,844.2394720131862,253.27184295499683,8442.394720131862,46.6,-0.16978486663526027
138,Company_138,Energy,Latin America,2022,7092.5,5.0,5166.5,-4.2,47.8,51.4,65.1,26.8,5957561.9,1787268.6,59575618.7,839.9805287275291,251.99416284807896,8399.80524497709,47.76666666666667,-0.041774187011092034
138,Company_138,Energy,Latin America,2023,5842.1,5.2,5751.3,-17.6,49.0,51.0,67.5,28.6,4926639.2,1477991.8,49266392.4,843.2993615309563,252.98981530613992,8432.993683778093,49.03333333333333,-0.17629890729643982
138,Company_138,Energy,Latin America,2024,5018.1,8.4,3948.4,-14.1,49.8,53.0,69.8,26.5,4159699.2,1247909.8,41596992.1,828.9390805284869,248.68173212969052,8289.39082521273,49.76666666666667,-0.14104517211276768
138,Company_138,Energy,Latin America,2025,4835.0,6.5,2944.6,-3.6,48.9,54.2,69.2,23.3,3968172.7,1190451.8,39681727.2,820.7182419855222,246.21547052740436,8207.182461220269,48.900000000000006,-0.03648791375221705
139,Company_139,Retail,Europe,2015,1285.2,3.2,760.5,-1.7,60.7,65.8,48.5,67.8,95010.7,47505.4,190021.4,73.92678182384064,36.96342981637099,147.85356364768128,60.699999999999996,
139,Company_139,Retail,Europe,2016,1339.9,1.6,233.9,4.3,62.3,67.7,48.6,70.6,97272.6,48636.3,194545.2,72.59691021718038,36.29845510859019,145.19382043436076,62.300000000000004,0.042561469032057264
139,Company_139,Retail,Europe,2017,1341.5,1.3,408.1,0.1,61.8,67.5,48.4,69.7,97629.8,48814.9,195259.7,72.77659336563549,36.388296682817746,145.55326127469252,61.866666666666674,0.0011941189641018202
139,Company_139,Retail,Europe,2018,1382.0,3.5,1100.0,3.0,64.7,73.8,47.5,72.7,94424.7,47212.3,188849.4,68.32467438494935,34.1623010130246,136.6493487698987,64.66666666666667,0.030190085724934868
139,Company_139,Retail,Europe,2019,1450.5,2.8,544.3,5.0,65.9,75.9,48.3,73.5,97028.4,48514.2,194056.9,66.89307135470527,33.446535677352635,133.78621165115476,65.89999999999999,0.04956584659913177
139,Company_139,Retail,Europe,2020,1385.1,3.8,1202.3,-4.5,66.9,75.9,48.6,76.3,92601.8,46300.9,185203.6,66.85567829037615,33.427839145188074,133.7113565807523,66.93333333333334,-0.04508790072388835
139,Company_139,Retail,Europe,2021,1331.8,4.4,1303.1,-3.8,67.9,73.8,49.9,80.0,91022.5,45511.3,182045.1,68.3454722931371,34.17277368974321,136.69101967262353,67.89999999999999,-0.03848097610280843
139,Company_139,Retail,Europe,2022,1228.3,5.4,1097.6,-7.8,68.9,75.8,49.8,81.1,82204.6,41102.3,164409.2,66.92550679801352,33.46275339900676,133.85101359602703,68.89999999999999,-0.07771437152725635
139,Company_139,Retail,Europe,2023,1184.0,5.2,885.2,-3.6,67.1,73.4,48.0,79.9,81225.5,40612.7,162450.9,68.60261824324324,34.30126689189189,137.20515202702703,67.10000000000001,-0.036066107628429545
139,Company_139,Retail,Europe,2024,1142.8,7.1,1704.5,-3.5,68.1,78.6,44.6,81.3,74249.4,37124.7,148498.9,64.97147357367868,32.48573678683934,129.94303465173257,68.16666666666667,-0.0347972972972973
139,Company_139,Retail,Europe,2025,1162.0,5.3,1463.9,1.7,68.5,78.5,45.8,81.0,75575.3,37787.7,151150.7,65.03898450946645,32.519535283993115,130.0780550774527,68.43333333333334,0.016800840042002108
140,Company_140,Manufacturing,Europe,2015,709.2,10.1,1502.6,3.8,34.0,5.4,33.8,62.9,247267.5,329690.0,4121124.7,348.656937394247,464.8759165256627,5810.94853355894,34.03333333333333,
140,Company_140,Manufacturing,Europe,2016,739.4,10.5,910.1,4.3,33.8,1.6,36.3,63.5,263683.3,351577.7,4394721.7,356.6179334595618,475.49053286448475,5943.632269407628,33.800000000000004,0.04258319232938512
140,Company_140,Manufacturing,Europe,2017,820.3,7.7,731.8,10.9,34.0,0.4,35.8,65.8,294683.8,392911.7,4911395.9,359.23905888089723,478.9853712056565,5987.3167133975385,34.0,0.10941303759805243
140,Company_140,Manufacturing,Europe,2018,809.9,5.8,878.7,-1.3,33.9,0.8,33.2,67.6,290156.7,386875.6,4835945.5,358.26237807136687,477.68317076182245,5971.040251882949,33.86666666666667,-0.01267828843106178
140,Company_140,Manufacturing,Europe,2019,855.7,6.7,557.8,5.7,33.9,0.3,35.1,66.3,307540.0,410053.3,5125666.1,359.40165946009114,479.2021736589926,5990.0269954423275,33.9,0.05655019138165218
140,Company_140,Manufacturing,Europe,2020,749.0,8.0,792.5,-12.5,35.9,2.6,38.0,67.3,265589.7,354119.5,4426494.2,354.59238985313755,472.7897196261682,5909.8720961281715,35.96666666666667,-0.12469323360991003
140,Company_140,Manufacturing,Europe,2021,765.7,7.0,497.3,2.2,36.8,7.1,38.2,65.1,264255.3,352340.4,4404254.7,345.11597231291626,460.15462975055505,5751.932480083584,36.800000000000004,0.0222963951935915
140,Company_140,Manufacturing,Europe,2022,809.9,10.3,1758.2,5.8,37.9,10.3,39.6,63.9,274074.0,365432.0,4567900.1,338.40474132608966,451.20632176811955,5640.079145573527,37.93333333333334,0.05772495755517815
140,Company_140,Manufacturing,Europe,2023,836.9,12.5,1368.8,3.3,39.1,11.6,39.7,65.8,280833.7,374444.9,4680561.1,335.5642251165014,447.4189269924723,5592.736408173019,39.03333333333333,0.03333744906778624
140,Company_140,Manufacturing,Europe,2024,852.4,11.6,1585.1,1.8,41.9,14.7,42.2,68.7,280512.9,374017.2,4675215.2,329.0859924917879,438.78132332238386,5484.766776161427,41.86666666666667,0.018520731270163626
140,Company_140,Manufacturing,Europe,2025,959.4,10.3,1113.9,12.6,39.9,12.2,37.7,69.9,320881.1,427841.5,5348018.8,334.4601834479883,445.9469460079216,5574.336877214926,39.93333333333334,0.12552792116377298
141,Company_141,Energy,Africa,2015,3521.1,-2.4,7657.8,6.9,13.5,35.1,3.1,2.3,3360589.9,1008177.0,33605899.1,954.4147851523671,286.3244440657749,9544.147879923888,13.5,
141,Company_141,Energy,Africa,2016,4071.7,-9.5,16772.2,15.6,14.9,37.9,3.8,3.0,3806849.3,1142054.8,38068492.7,934.9532873247047,280.48598865338806,9349.532799567749,14.899999999999999,0.15637158842407195
141,Company_141,Energy,Africa,2017,4385.9,0.2,118.5,7.7,17.1,40.3,6.1,4.9,4024379.0,1207313.7,40243790.2,917.5719920654826,275.2715976196448,9175.719966255501,17.099999999999998,0.07716678537220312
141,Company_141,Energy,Africa,2018,4654.0,-7.4,15453.6,6.1,17.8,42.4,6.7,4.3,4202481.0,1260744.3,42024809.9,902.9825956166738,270.89477868500217,9029.825934679844,17.8,0.061127704690029594
141,Company_141,Energy,Africa,2019,4814.3,-2.2,22541.0,3.4,18.1,43.8,6.1,4.5,4299534.9,1289860.5,42995348.6,893.0758157987663,267.92275097106534,8930.758074901854,18.133333333333333,0.034443489471422506
141,Company_141,Energy,Africa,2020,4637.7,-9.1,22906.7,-3.7,16.4,41.3,5.4,2.4,4224556.6,1267367.0,42245566.0,910.9163162774651,273.274899195722,9109.163162774652,16.366666666666664,-0.036682383731799106
141,Company_141,Energy,Africa,2021,4556.1,-6.7,9585.0,-1.8,16.1,41.0,4.1,3.3,4160978.9,1248293.7,41609788.8,913.2764645200939,273.98294594060707,9132.764601303745,16.133333333333333,-0.017594928520602737
141,Company_141,Energy,Africa,2022,5181.3,-16.5,7992.9,13.7,16.4,39.0,5.1,5.2,4803755.0,1441126.5,48037549.7,927.1331519116824,278.1399455735047,9271.331461216298,16.433333333333334,0.13722262461315604
141,Company_141,Energy,Africa,2023,6017.2,-14.5,5139.9,16.1,16.8,42.0,2.6,5.6,5449822.5,1634946.8,54498225.2,905.7073888187197,271.71222495512865,9057.073921425248,16.733333333333334,0.1613301681045296
141,Company_141,Energy,Africa,2024,7276.9,-9.3,11462.4,20.9,16.2,44.1,0.0,4.4,6486072.3,1945821.7,64860722.9,891.3235443664198,267.3970646841375,8913.235429922082,16.166666666666668,0.20934986372399123
141,Company_141,Energy,Africa,2025,7528.4,-7.7,8699.6,3.5,17.8,47.2,0.0,6.3,6544121.3,1963236.4,65441212.7,869.257916688805,260.777376334945,8692.579127038947,17.833333333333332,0.034561420385054165
142,Company_142,Finance,North America,2015,1539.0,9.2,2370.1,5.0,63.1,97.4,41.0,50.8,15953.0,7976.5,39882.6,10.36582196231319,5.182910981156595,25.914619883040935,63.06666666666666,
142,Company_142,Finance,North America,2016,1562.2,8.1,1454.2,1.5,63.2,97.4,43.1,49.1,16194.5,8097.3,40486.3,10.366470362309563,5.183267187299961,25.91620791191909,63.199999999999996,0.01507472384665376
142,Company_142,Finance,North America,2017,1654.8,5.4,1787.3,5.9,64.5,100.0,41.8,51.8,16548.2,8274.1,41370.5,10.000120860526952,5.000060430263476,25.00030215131738,64.53333333333335,0.05927538087312767
142,Company_142,Finance,North America,2018,1702.5,5.8,953.1,2.9,63.0,100.0,39.7,49.4,17025.0,8512.5,42562.5,10.0,5.0,25.0,63.03333333333333,0.02882523567802764
142,Company_142,Finance,North America,2019,1948.5,5.2,1799.4,14.5,64.1,100.0,41.1,51.2,19485.3,9742.6,48713.2,10.000153964588144,5.000051321529382,25.00035925070567,64.10000000000001,0.1444933920704845
142,Company_142,Finance,North America,2020,2028.5,6.2,1094.9,4.1,65.0,100.0,42.9,52.2,20284.8,10142.4,50712.1,9.999901404979049,4.9999507024895244,24.999802809958098,65.03333333333335,0.04105722350526042
142,Company_142,Finance,North America,2021,2273.6,5.4,1442.5,12.1,66.5,100.0,45.2,54.2,22736.5,11368.2,56841.2,10.000219915552428,5.000087966220971,25.000527797325827,66.46666666666665,0.120828198175992
142,Company_142,Finance,North America,2022,2433.8,3.8,1538.1,7.0,65.6,99.3,45.4,52.1,24588.1,12294.0,61470.1,10.102761114306844,5.051360013148163,25.25684115375133,65.6,0.07046094299788885
142,Company_142,Finance,North America,2023,2736.9,5.5,1409.4,12.5,65.2,99.7,45.6,50.5,27490.5,13745.2,68726.2,10.044393291680368,5.022178376995871,25.110964960356608,65.26666666666667,0.12453775988166638
142,Company_142,Finance,North America,2024,2830.0,8.8,4031.0,3.4,65.4,99.8,47.9,48.6,28383.4,14191.7,70958.4,10.029469964664312,5.014734982332156,25.07363957597173,65.43333333333332,0.034016588110636015
142,Company_142,Finance,North America,2025,2921.6,10.0,3477.7,3.2,66.1,97.7,49.3,51.1,30150.0,15075.0,75374.9,10.319687842278205,5.159843921139102,25.799185377875137,66.03333333333333,0.03236749116607762
143,Company_143,Consumer Goods,Oceania,2015,1662.0,14.5,2547.6,-2.25,63.2,83.4,50.6,55.6,204736.9,255921.2,1023684.7,123.18706377858003,153.98387484957883,615.9354392298435,63.199999999999996,
143,Company_143,Consumer Goods,Oceania,2016,1541.7,15.9,5374.4,-7.2,61.6,81.6,52.0,51.1,193895.7,242369.6,969478.3,125.76746448725433,157.2093143932023,628.8371927093468,61.56666666666666,-0.07238267148014432
143,Company_143,Consumer Goods,Oceania,2017,1487.5,16.5,5177.3,-3.5,65.0,84.1,54.5,56.4,181829.9,227287.4,909149.7,122.23858823529412,152.79825210084033,611.1930756302521,65.0,-0.035155996627100006
143,Company_143,Consumer Goods,Oceania,2018,1521.6,19.4,6750.5,2.3,66.0,86.5,53.8,57.8,180946.1,226182.6,904730.4,118.91830967402736,148.64787066246058,594.5914826498423,66.03333333333335,0.02292436974789913
143,Company_143,Consumer Goods,Oceania,2019,1477.8,19.1,5056.6,-2.9,66.8,88.4,53.1,58.7,171753.4,214691.8,858767.1,116.22235755853295,145.27798078224387,581.1118554608202,66.73333333333333,-0.02878548895899047
143,Company_143,Consumer Goods,Oceania,2020,1255.1,18.9,5468.2,-15.1,69.0,90.2,55.0,61.8,142788.4,178485.5,713942.0,113.76655246593897,142.20819058242373,568.8327623296949,69.0,-0.1506969820002707
143,Company_143,Consumer Goods,Oceania,2021,1331.9,16.4,4004.7,6.1,68.7,87.7,55.7,62.7,156074.0,195092.5,780369.9,117.18147008033635,146.47683760042045,585.90727532097,68.7,0.06119034339893248
143,Company_143,Consumer Goods,Oceania,2022,1475.1,17.0,3902.3,10.8,70.5,87.5,59.4,64.7,173295.1,216618.9,866475.7,117.48023862788965,146.85031523286557,587.4013287234764,70.53333333333335,0.10751557924769117
143,Company_143,Consumer Goods,Oceania,2023,1328.4,16.2,3968.5,-9.9,73.7,92.3,61.9,66.7,147076.8,183846.0,735383.9,110.71725383920504,138.3965672990063,553.5861939174947,73.63333333333333,-0.09945088468578389
143,Company_143,Consumer Goods,Oceania,2024,1307.3,17.7,5621.4,-1.6,74.9,95.8,63.6,65.3,138478.4,173098.0,692392.2,105.92702516637344,132.4087814579668,529.6352788189398,74.89999999999999,-0.01588376994881069
143,Company_143,Consumer Goods,Oceania,2025,1370.7,18.0,4369.4,4.8,76.5,96.1,63.7,69.6,144466.1,180582.6,722330.5,105.39585613190341,131.7448019260232,526.979280659517,76.46666666666667,0.04849690201178003
144,Company_144,Utilities,Oceania,2015,2004.6,7.2,1438.4,1.1,49.8,12.3,88.9,48.3,1786558.1,1116598.8,17865581.1,891.2292227875886,557.0182580065849,8912.292277761151,49.833333333333336,
144,Company_144,Utilities,Oceania,2016,1670.5,8.7,1565.9,-16.7,49.9,11.8,87.7,50.1,1493623.6,933514.7,14936235.8,894.1176893145765,558.823525890452,8941.176773421132,49.86666666666667,-0.16666666666666663
144,Company_144,Utilities,Oceania,2017,1779.5,10.7,2618.0,6.5,51.3,15.6,87.8,50.6,1553186.2,970741.4,15531861.7,872.8216914863725,545.5135712278731,8728.216746277043,51.333333333333336,0.06524992517210415
144,Company_144,Utilities,Oceania,2018,1583.8,9.8,2004.4,-11.0,54.8,16.9,91.3,56.3,1370541.0,856588.1,13705409.7,865.3497916403586,540.8436039904028,8653.49772698573,54.833333333333336,-0.10997471199775222
144,Company_144,Utilities,Oceania,2019,1697.1,7.4,1024.4,7.1,54.7,18.1,91.5,54.5,1457065.5,910665.9,14570654.6,858.5619586353191,536.6012020505568,8585.619350657003,54.699999999999996,0.07153681020330849
144,Company_144,Utilities,Oceania,2020,1556.8,7.0,907.7,-8.3,53.3,16.3,92.5,51.2,1352674.5,845421.5,13526744.8,868.8813591983557,543.050809352518,8688.813463514904,53.333333333333336,-0.08267043780566852
144,Company_144,Utilities,Oceania,2021,1403.7,4.7,762.9,-9.8,53.1,17.8,92.6,49.1,1207920.7,754950.5,12079207.5,860.5262520481584,537.8289520552825,8605.262876683051,53.166666666666664,-0.09834275436793416
144,Company_144,Utilities,Oceania,2022,1459.3,3.3,458.1,4.0,52.8,19.2,91.2,48.0,1244413.3,777758.3,12444132.7,852.7467278832318,532.9666963612691,8527.4670732543,52.800000000000004,0.039609603191565146
144,Company_144,Utilities,Oceania,2023,1558.3,3.3,570.7,6.8,55.9,22.7,93.9,51.2,1297934.3,811208.9,12979343.2,832.9168324456139,520.5729962138228,8329.168452801128,55.93333333333334,0.06784074556294106
144,Company_144,Utilities,Oceania,2024,1530.6,1.8,310.8,-1.8,57.0,25.3,94.5,51.1,1252308.0,782692.5,12523080.3,818.1811054488436,511.3631909055273,8181.811250490005,56.96666666666667,-0.017775781300134796
144,Company_144,Utilities,Oceania,2025,1779.3,2.7,699.6,16.3,58.0,24.1,97.4,52.5,1468189.6,917618.5,14681896.2,825.1501152138483,515.7188220086551,8251.501264542236,58.0,0.16248529988239913
145,Company_145,Energy,Middle East,2015,2826.8,10.4,2800.7,12.3,28.1,3.2,58.5,22.7,3328893.9,998668.2,33288939.2,1177.6191806990234,353.285764822414,11776.191877741616,28.133333333333336,
145,Company_145,Energy,Middle East,2016,3247.7,13.3,8074.2,14.9,28.1,2.8,59.8,21.6,3832694.5,1149808.4,38326945.5,1180.1257813221666,354.0377497921606,11801.257967176773,28.066666666666663,0.14889627847743014
145,Company_145,Energy,Middle East,2017,3583.1,18.6,12474.7,10.3,31.4,5.7,63.7,24.9,4156574.7,1246972.4,41565747.4,1160.049873014987,348.01495911361667,11600.498841785045,31.433333333333337,0.10327308556824843
145,Company_145,Energy,Middle East,2018,4020.1,16.5,9937.1,12.2,33.2,5.0,66.4,28.1,4684526.5,1405357.9,46845264.7,1165.2761125345141,349.5828213228526,11652.761050720132,33.166666666666664,0.12196143004660764
145,Company_145,Energy,Middle East,2019,4518.3,24.2,16753.3,12.4,33.1,4.5,68.8,26.0,5279786.5,1583936.0,52797865.3,1168.5338512272315,350.56016643427836,11685.338578668967,33.1,0.12392726549090827
145,Company_145,Energy,Middle East,2020,5505.1,32.8,16618.5,21.8,35.5,7.2,69.9,29.4,6329706.6,1898912.0,63297066.3,1149.7895769377485,344.93687671431945,11497.895823872408,35.5,0.2184007259367462
145,Company_145,Energy,Middle East,2021,6028.7,32.5,25182.9,9.5,36.1,8.6,71.0,28.5,6869550.5,2060865.1,68695504.7,1139.4745965133445,341.8423706603414,11394.745915371474,36.03333333333333,0.0951118054167952
145,Company_145,Energy,Middle East,2022,5966.7,38.6,20023.4,-1.0,39.1,11.6,75.4,30.3,6676335.5,2002900.7,66763355.0,1118.9326595940804,335.6798062580656,11189.326595940805,39.1,-0.010284140859555091
145,Company_145,Energy,Middle East,2023,6338.8,39.6,27525.1,6.2,40.6,14.5,77.3,30.1,6963017.6,2088905.3,69630175.9,1098.475673629078,329.5427052438947,10984.756720514924,40.63333333333333,0.062362780096200554
145,Company_145,Energy,Middle East,2024,7728.5,35.4,54321.7,21.9,40.1,12.8,76.4,31.2,8583635.6,2575090.7,85836355.6,1110.6470337064113,333.19411269974773,11106.470285307627,40.13333333333333,0.21923707957342087
145,Company_145,Energy,Middle East,2025,9456.7,36.8,55981.8,22.4,40.8,14.5,75.8,31.9,10387255.9,3116176.8,103872559.4,1098.4017574841118,329.5205304175875,10984.01761713917,40.73333333333333,0.22361389661641984
146,Company_146,Consumer Goods,Africa,2015,918.1,10.2,2249.6,3.25,48.1,37.8,32.3,74.2,171754.8,214693.5,858774.0,187.07635333841628,233.84544167302036,935.3817666920814,48.1,
146,Company_146,Consumer Goods,Africa,2016,829.4,14.3,2907.2,-9.7,48.1,38.8,34.1,71.5,154009.6,192511.9,770047.8,185.6879672052086,232.10983843742466,928.4395948878708,48.13333333333333,-0.09661256943688057
146,Company_146,Consumer Goods,Africa,2017,960.4,17.8,3565.5,15.8,46.8,36.7,32.6,71.2,181120.7,226400.9,905603.6,188.58881715951688,235.73604748021657,942.9441899208663,46.833333333333336,0.15794550277308894
146,Company_146,Consumer Goods,Africa,2018,993.1,18.0,3230.2,3.4,46.3,34.8,32.7,71.4,189980.2,237475.3,949901.1,191.30017118114995,239.12526432383444,956.5009566005438,46.300000000000004,0.03404831320283219
146,Company_146,Consumer Goods,Africa,2019,1052.5,19.6,5150.9,6.0,48.3,36.7,35.7,72.5,198457.4,248071.8,992287.1,188.5580997624703,235.6976722090261,942.790593824228,48.300000000000004,0.059812707683012833
146,Company_146,Consumer Goods,Africa,2020,972.5,23.4,2457.3,-7.6,47.9,37.4,32.5,73.7,182488.7,228110.9,912443.6,187.64904884318767,234.56133676092546,938.2453470437018,47.866666666666674,-0.07600950118764849
146,Company_146,Consumer Goods,Africa,2021,910.6,20.4,1859.2,-6.4,45.6,36.0,27.0,73.9,172694.0,215867.5,863470.0,189.6485833516363,237.06072918954536,948.2429167581814,45.63333333333333,-0.06365038560411307
146,Company_146,Consumer Goods,Africa,2022,982.8,18.4,3158.3,7.9,48.3,42.1,26.3,76.5,177957.6,222447.0,889788.0,181.07203907203908,226.34004884004884,905.3601953601953,48.300000000000004,0.0792883812870635
146,Company_146,Consumer Goods,Africa,2023,1083.0,17.2,2068.3,10.2,50.6,42.7,29.0,80.0,195216.4,244020.5,976082.1,180.25521698984303,225.3190212373038,901.2761772853186,50.56666666666666,0.10195360195360204
146,Company_146,Consumer Goods,Africa,2024,1117.0,18.3,5037.5,3.1,51.5,43.0,31.0,80.5,200769.9,250962.3,1003849.4,179.74028648164727,224.675290957923,898.7013428827216,51.5,0.0313942751615881
146,Company_146,Consumer Goods,Africa,2025,1017.1,16.0,2187.2,-9.0,50.8,42.0,30.1,80.4,184357.9,230447.3,921789.3,181.25838167338512,226.57290335266933,906.2917117294269,50.833333333333336,-0.08943598925693819
147,Company_147,Energy,Latin America,2015,11194.1,-16.5,16637.0,-6.6,47.3,44.5,67.9,29.3,9947693.5,2984308.0,99476934.9,888.6550504283506,266.5965106618665,8886.55049535023,47.23333333333334,
147,Company_147,Energy,Latin America,2016,11336.5,-13.3,33701.7,1.3,47.4,46.3,68.8,27.1,9926911.7,2978073.5,99269116.6,875.6593040179949,262.697790323292,8756.59300489569,47.4,0.012720986948481672
147,Company_147,Energy,Latin America,2017,11689.1,-7.8,12720.6,3.1,47.3,47.0,70.9,24.0,10179494.0,3053848.2,101794940.0,870.8535302119068,261.2560590635721,8708.535302119068,47.300000000000004,0.03110307414104896
147,Company_147,Energy,Latin America,2018,11814.0,-4.0,22823.9,1.1,48.6,50.7,71.3,23.8,9984066.6,2995220.0,99840665.6,845.1046724225495,253.53140341967156,8451.04669036736,48.6,0.010685168233653508
147,Company_147,Energy,Latin America,2019,10032.2,-0.5,27062.8,-15.1,47.9,50.8,73.1,19.7,8467992.1,2540397.6,84679921.1,844.0812683160223,253.2243775044357,8440.812693128126,47.86666666666667,-0.15082105975960713
147,Company_147,Energy,Latin America,2020,9056.3,1.9,1867.8,-9.7,47.4,50.2,71.2,20.8,7687521.2,2306256.3,76875211.6,848.8589379768781,254.65767476784117,8488.58933560063,47.400000000000006,-0.0972767688044498
147,Company_147,Energy,Latin America,2021,7932.9,-1.6,14569.5,-12.4,48.2,49.5,70.9,24.3,6768802.9,2030640.9,67688028.8,853.2570560576839,255.97712059902432,8532.570535365378,48.23333333333334,-0.12404624405110254
147,Company_147,Energy,Latin America,2022,7656.4,1.3,1967.5,-3.5,49.0,48.0,72.3,26.6,6612711.6,1983813.5,66127115.5,863.6841857792174,259.10525834595893,8636.841792487332,48.96666666666667,-0.03485484501254266
147,Company_147,Energy,Latin America,2023,6580.6,1.7,1986.3,-14.1,49.7,49.7,69.5,30.0,5608161.5,1682448.5,56081615.2,852.2264687110597,255.66794821140928,8522.264717502963,49.73333333333333,-0.14050990021419985
147,Company_147,Energy,Latin America,2024,5920.4,4.9,3844.1,-10.0,49.3,47.2,70.4,30.3,5149578.6,1544873.6,51495786.3,869.8024795621917,260.9407472468077,8698.024846294169,49.300000000000004,-0.1003251983101846
147,Company_147,Energy,Latin America,2025,5877.7,10.6,7300.3,-0.7,49.8,47.7,70.6,31.1,5091530.9,1527459.3,50915308.9,866.2454531534445,259.8736410500706,8662.454514520987,49.800000000000004,-0.00721235051685698
148,Company_148,Healthcare,Middle East,2015,7073.8,8.6,14701.2,10.15,38.8,39.7,66.9,9.9,652342.9,652342.9,1304685.8,92.2195849472702,92.2195849472702,184.4391698945404,38.833333333333336,
148,Company_148,Healthcare,Middle East,2016,7585.7,9.2,16547.6,7.2,39.3,40.2,66.2,11.6,696870.1,696870.1,1393740.2,91.86628788378133,91.86628788378133,183.73257576756265,39.333333333333336,0.0723656309197318
148,Company_148,Healthcare,Middle East,2017,9077.4,5.4,6049.2,19.7,40.8,39.8,64.8,17.8,836230.0,836230.0,1672460.0,92.12219357965938,92.12219357965938,184.24438715931876,40.8,0.19664632136783688
148,Company_148,Healthcare,Middle East,2018,11422.1,6.8,18478.4,25.8,42.1,42.3,64.3,19.7,1032690.1,1032690.1,2065380.3,90.41157930678246,90.41157930678246,180.82316736852243,42.1,0.25830083504087087
148,Company_148,Healthcare,Middle East,2019,12085.8,1.6,1990.8,5.8,43.4,44.7,61.1,24.5,1072175.9,1072175.9,2144351.7,88.71368879180525,88.71368879180525,177.42736930943755,43.43333333333334,0.05810665289220007
148,Company_148,Healthcare,Middle East,2020,13024.6,-2.3,18297.6,7.8,44.3,46.0,61.2,25.8,1143470.7,1143470.7,2286941.3,87.79315295671267,87.79315295671267,175.58629823564638,44.333333333333336,0.07767793609028795
148,Company_148,Healthcare,Middle East,2021,13103.6,-6.3,14774.0,0.6,46.9,51.2,61.8,27.7,1102661.1,1102661.1,2205322.3,84.14947800604415,84.14947800604415,168.29896364357884,46.9,0.006065445387958279
148,Company_148,Healthcare,Middle East,2022,14850.6,-6.7,10003.9,13.3,46.6,49.9,62.3,27.5,1263411.3,1263411.3,2526822.6,85.0747646559735,85.0747646559735,170.149529311947,46.56666666666666,0.13332214048047875
148,Company_148,Healthcare,Middle East,2023,16701.4,-9.5,62782.1,12.5,47.6,51.4,63.5,27.8,1403185.0,1403185.0,2806370.1,84.01601063383907,84.01601063383907,168.03202725520015,47.56666666666667,0.12462796115981845
148,Company_148,Healthcare,Middle East,2024,17016.9,-11.3,20766.4,1.9,46.7,49.5,64.1,26.4,1452834.4,1452834.4,2905668.8,85.37597329713401,85.37597329713401,170.75194659426802,46.666666666666664,0.018890631923072387
148,Company_148,Healthcare,Middle East,2025,19327.6,-8.7,48884.3,13.6,50.3,54.5,70.1,26.4,1582140.0,1582140.0,3164280.0,81.85910304435109,81.85910304435109,163.71820608870217,50.333333333333336,0.13578853962825166
149,Company_149,Technology,Africa,2015,5554.8,13.4,11890.0,17.25,52.2,85.5,40.9,30.3,166986.1,100191.6,333972.1,30.0615863757471,18.03694102397926,60.12315474904587,52.23333333333334,
149,Company_149,Technology,Africa,2016,6205.8,13.1,24231.9,11.7,52.9,86.7,41.4,30.6,184075.2,110445.1,368150.5,29.661800251377745,17.797076928035064,59.323616616713394,52.9,0.11719593864765598
149,Company_149,Technology,Africa,2017,7279.8,10.6,16340.6,17.3,52.9,87.0,43.6,28.2,215234.2,129140.5,430468.4,29.565949614000385,17.739567021072006,59.13189922800077,52.93333333333333,0.17306390795707238
149,Company_149,Technology,Africa,2018,8621.8,14.0,36030.0,18.4,51.6,85.4,41.9,27.6,259628.8,155777.3,519257.6,30.1130622375838,18.0678396622515,60.2261244751676,51.63333333333333,0.18434572378362035
149,Company_149,Technology,Africa,2019,9979.0,16.0,26688.2,15.7,51.6,87.1,41.2,26.4,294543.5,176726.1,589087.0,29.516334302034274,17.709800581220563,59.03266860406855,51.56666666666667,0.15741492495766551
149,Company_149,Technology,Africa,2020,12104.4,16.3,43705.7,21.3,51.2,83.6,38.9,31.2,372288.7,223373.2,744577.4,30.75647698357622,18.453884537854005,61.51295396715244,51.23333333333333,0.21298727327387512
149,Company_149,Technology,Africa,2021,14184.1,13.3,54146.3,17.2,52.8,84.0,40.9,33.4,434170.8,260502.5,868341.6,30.609682672851996,18.36581101374074,61.21936534570399,52.76666666666667,0.1718135554013418
149,Company_149,Technology,Africa,2022,16770.3,10.4,47523.0,18.2,53.8,88.3,40.9,32.2,488198.6,292919.2,976397.2,29.110904396462793,17.4665450230467,58.221808792925586,53.79999999999999,0.1823309198327705
149,Company_149,Technology,Africa,2023,21151.0,11.7,70650.1,26.1,56.1,91.0,45.1,32.1,595458.8,357275.3,1190917.6,28.152749278993902,16.89165051297811,56.305498557987804,56.06666666666666,0.2612177480426707
149,Company_149,Technology,Africa,2024,23516.2,11.2,68407.1,11.2,55.6,91.9,44.3,30.8,654822.1,392893.3,1309644.2,27.845574540104266,16.707346425017647,55.69114908020853,55.666666666666664,0.11182450002363953
149,Company_149,Technology,Africa,2025,26430.6,13.4,72081.9,12.4,55.8,90.3,45.6,31.5,750679.4,450407.6,1501358.7,28.401905367263705,17.04114170696087,56.80380695103403,55.800000000000004,0.12393158758642975
150,Company_150,Manufacturing,North America,2015,1784.9,3.8,1440.0,3.1500000000000004,62.2,33.8,94.2,58.6,515945.9,687927.8,8599097.7,289.0615160513194,385.4153173847274,4817.6915793601875,62.199999999999996,
150,Company_150,Manufacturing,North America,2016,1887.6,-0.0,7470.6,5.8,60.6,33.4,91.5,56.9,547212.4,729616.5,9120205.9,289.89849544395,386.5313095994914,4831.641184573004,60.6,0.057538237436270734
150,Company_150,Manufacturing,North America,2017,1948.0,-1.7,2636.9,3.2,60.8,34.8,90.8,56.9,559016.5,745355.3,9316941.3,286.96945585215605,382.62592402464065,4782.82407597536,60.833333333333336,0.03199830472557741
150,Company_150,Manufacturing,North America,2018,2209.4,-4.3,6957.8,13.4,62.4,36.9,90.4,60.1,624399.7,832532.9,10406661.3,282.61052774508914,376.81402190639994,4710.175296460578,62.46666666666667,0.13418891170431224
150,Company_150,Manufacturing,North America,2019,2263.9,-3.7,8981.3,2.5,63.4,37.8,91.0,61.6,635437.0,847249.4,10590617.5,280.6824506382791,374.24329696541366,4678.041212067671,63.46666666666667,0.024667330496967566
150,Company_150,Manufacturing,North America,2020,2578.1,-4.1,11501.9,13.9,63.8,38.6,91.8,60.9,718896.9,958529.2,11981614.9,278.8475621581785,371.796749544238,4647.45933051472,63.76666666666667,0.13878704889791948
150,Company_150,Manufacturing,North America,2021,2757.1,-7.4,5688.6,6.9,66.5,40.0,94.7,64.9,760844.3,1014459.1,12680739.0,275.9581806971093,367.944253019477,4599.303253418447,66.53333333333333,0.0694309763003762
150,Company_150,Manufacturing,North America,2022,2763.9,-9.3,8384.0,0.2,67.1,42.1,94.2,65.0,750865.3,1001153.7,12514421.5,271.6687651506929,362.22500814067075,4527.812692210283,67.10000000000001,0.0024663595807188354
150,Company_150,Manufacturing,North America,2023,2583.2,-11.5,1522.7,-6.5,68.8,45.0,95.8,65.6,685868.3,914491.1,11431139.2,265.5111102508517,354.014826571694,4425.185506348715,68.8,-0.06537863164369195
150,Company_150,Manufacturing,North America,2024,2411.5,-16.1,11720.1,-6.6,71.1,48.2,98.3,66.9,624152.0,832202.6,10402532.8,258.82313912502593,345.09749118805723,4313.718764254613,71.13333333333334,-0.06646794673273448
150,Company_150,Manufacturing,North America,2025,2485.5,-14.4,9065.1,3.1,72.1,49.8,97.0,69.5,634800.7,846400.9,10580011.5,255.401609334138,340.5354657010662,4256.693421846711,72.10000000000001,0.03068629483723817
151,Company_151,Healthcare,Latin America,2015,3094.0,6.2,2622.2,16.7,37.1,47.4,55.0,8.9,268583.8,268583.8,537167.7,86.80795087265675,86.80795087265675,173.61593406593406,37.1,
151,Company_151,Healthcare,Latin America,2016,3689.4,4.4,3247.4,19.2,35.7,49.1,52.4,5.5,315916.6,315916.6,631833.3,85.62817802352686,85.62817802352686,171.256383151732,35.666666666666664,0.19243697478991595
151,Company_151,Healthcare,Latin America,2017,4686.1,3.7,2531.2,27.0,36.4,49.3,52.6,7.3,400621.8,400621.8,801243.5,85.49151746655001,85.49151746655001,170.98301359339322,36.4,0.2701523282918632
151,Company_151,Healthcare,Latin America,2018,5934.2,7.0,7506.3,26.6,35.1,48.4,55.4,1.6,511249.4,511249.4,1022498.9,86.15304506083382,86.15304506083382,172.30610697313875,35.13333333333333,0.2663408804763021
151,Company_151,Healthcare,Latin America,2019,7326.9,10.0,10526.3,23.5,36.2,49.1,55.6,3.9,627209.6,627209.6,1254419.1,85.60367959164176,85.60367959164176,171.2073455349466,36.2,0.23469043847527882
151,Company_151,Healthcare,Latin America,2020,8400.2,7.1,12657.7,14.6,37.5,49.5,58.2,5.0,717032.0,717032.0,1434064.0,85.35892002571367,85.35892002571367,170.71784005142734,37.56666666666667,0.14648760048588105
151,Company_151,Healthcare,Latin America,2021,9585.9,5.8,6109.1,14.1,36.2,43.7,57.8,7.0,856829.5,856829.5,1713658.9,89.38435618982047,89.38435618982047,178.7687019476523,36.166666666666664,0.1411514011571151
151,Company_151,Healthcare,Latin America,2022,10424.2,4.6,10375.2,8.7,36.4,42.7,57.6,9.0,939667.4,939667.4,1879334.7,90.14287906985668,90.14287906985668,180.28574854665104,36.43333333333334,0.08745136085291949
151,Company_151,Healthcare,Latin America,2023,11028.4,5.0,7631.1,5.8,36.2,43.1,56.8,8.8,990741.6,990741.6,1981483.1,89.83547930796851,89.83547930796851,179.67094954843859,36.233333333333334,0.05796128240056775
151,Company_151,Healthcare,Latin America,2024,13106.9,0.2,459.0,18.8,38.6,47.6,55.0,13.0,1135677.8,1135677.8,2271355.6,86.64732316566084,86.64732316566084,173.29464633132167,38.53333333333333,0.1884679554604476
151,Company_151,Healthcare,Latin America,2025,14651.3,-1.6,60950.1,11.8,39.5,49.5,54.3,14.5,1250007.0,1250007.0,2500014.0,85.31713909345929,85.31713909345929,170.63427818691858,39.43333333333333,0.1178310660796984
152,Company_152,Technology,Latin America,2015,26753.8,23.4,195544.2,-4.15,60.6,88.9,66.4,26.6,773128.6,463877.2,1546257.2,28.897898616271334,17.338740664877513,57.79579723254267,60.63333333333333,
152,Company_152,Technology,Latin America,2016,28121.2,30.5,130208.7,5.1,61.2,90.5,65.7,27.5,796835.7,478101.4,1593671.3,28.335764476622618,17.001457974766367,56.67152539720922,61.23333333333333,0.05111049645284038
152,Company_152,Technology,Latin America,2017,26760.0,30.3,204129.8,-4.8,62.0,91.8,67.1,27.0,745501.7,447301.0,1491003.3,27.858807922272046,16.715284005979072,55.71761210762332,61.96666666666666,-0.04840476224343204
152,Company_152,Technology,Latin America,2018,28593.4,29.3,141961.5,6.9,63.6,95.4,67.4,27.9,760604.5,456362.7,1521209.0,26.600701560499974,15.960420936299984,53.20140312099995,63.56666666666667,0.0685127055306427
152,Company_152,Technology,Latin America,2019,27304.3,32.4,216340.2,-4.5,65.0,95.9,69.0,30.0,721682.8,433009.7,1443365.7,26.43110425830364,15.858663287467543,52.862212179034074,64.96666666666667,-0.04508383053431919
152,Company_152,Technology,Latin America,2020,26259.6,27.5,169549.2,-3.8,64.2,96.0,67.4,29.4,693325.8,415995.5,1386651.7,26.402755563679573,15.841654099833967,52.80551493549026,64.26666666666667,-0.038261372750812206
152,Company_152,Technology,Latin America,2021,24202.1,27.4,205427.6,-7.8,64.7,94.3,69.8,30.2,653696.7,392218.0,1307393.4,27.00991649484962,16.2059490705352,54.01983298969924,64.76666666666667,-0.0783522978263188
152,Company_152,Technology,Latin America,2022,25661.6,30.0,218048.3,6.0,65.8,99.0,69.3,29.3,650543.3,390326.0,1301086.7,25.350847180222594,15.210509087508184,50.70169825731833,65.86666666666667,0.06030468430425451
152,Company_152,Technology,Latin America,2023,26078.3,31.7,258855.5,1.6,66.4,100.0,69.8,29.4,651958.2,391174.9,1303916.4,25.000026842240484,15.000015338423134,50.00005368448097,66.4,0.016238270411821576
152,Company_152,Technology,Latin America,2024,23609.0,32.9,217726.5,-9.5,66.3,100.0,69.6,29.3,590225.7,354135.4,1180451.4,25.000029649709855,15.000016942691348,50.00005929941971,66.3,-0.09468792060832187
152,Company_152,Technology,Latin America,2025,22132.7,31.3,135427.5,-6.3,66.8,99.5,73.4,27.5,556871.5,334122.9,1113743.0,25.1605768839771,15.096346130386262,50.3211537679542,66.8,-0.0625312380871701
153,Company_153,Consumer Goods,Oceania,2015,759.3,11.5,940.1,6.1,58.2,41.7,67.2,65.7,137860.9,172326.2,689304.7,181.56315026998553,226.9540366126696,907.816014750428,58.20000000000001,
153,Company_153,Consumer Goods,Oceania,2016,805.9,10.1,1209.0,6.1,57.0,38.4,67.0,65.6,150089.1,187611.4,750445.6,186.23787070356124,232.79736940067005,931.1894776026802,57.0,0.06137231660740161
153,Company_153,Consumer Goods,Oceania,2017,779.8,9.5,1140.7,-3.2,56.3,39.1,65.4,64.4,144417.4,180521.8,722087.2,185.19799948704795,231.49756347781482,925.9902539112593,56.300000000000004,-0.03238615212805562
153,Company_153,Consumer Goods,Oceania,2018,753.3,9.2,1706.9,-3.4,56.7,38.4,67.5,64.2,140277.5,175346.9,701387.6,186.21731050046463,232.77167131288996,931.0866852515599,56.70000000000001,-0.03398307258271349
153,Company_153,Consumer Goods,Oceania,2019,830.6,11.4,2164.6,10.3,57.0,39.3,66.4,65.4,153677.1,192096.4,768385.6,185.01938357813628,231.27425957139417,925.0970382855767,57.03333333333334,0.10261515996283022
153,Company_153,Consumer Goods,Oceania,2020,920.1,11.7,2567.0,10.8,59.2,43.5,67.6,66.6,164815.5,206019.3,824077.4,179.1278121943267,223.90968373002931,895.6389522877948,59.23333333333333,0.10775343125451475
153,Company_153,Consumer Goods,Oceania,2021,895.4,13.8,1304.4,-2.7,59.9,44.7,69.4,65.5,158804.2,198505.2,794020.8,177.3555952646862,221.6944382398928,886.7777529595712,59.866666666666674,-0.026844908162156345
153,Company_153,Consumer Goods,Oceania,2022,918.9,14.5,2966.1,2.6,60.8,46.4,67.3,68.8,160809.3,201011.6,804046.3,175.00195886385896,218.75242137338122,875.009576667755,60.833333333333336,0.026245253517980682
153,Company_153,Consumer Goods,Oceania,2023,977.6,19.2,3352.5,6.4,60.8,47.3,66.8,68.3,169928.6,212410.8,849643.2,173.8222176759411,217.27782324058919,869.1112929623567,60.79999999999999,0.06388072695614322
153,Company_153,Consumer Goods,Oceania,2024,1037.2,19.4,4440.9,6.1,61.0,47.4,70.8,64.8,180153.2,225191.4,900765.8,173.69186270728886,217.11473197069031,868.4591207096028,61.0,0.06096563011456624
153,Company_153,Consumer Goods,Oceania,2025,1132.2,21.9,3314.3,9.2,64.1,51.5,74.0,66.8,190140.4,237675.5,950701.9,167.9388800565271,209.9236000706589,839.6943119590178,64.10000000000001,0.09159274971075981
154,Company_154,Manufacturing,Asia,2015,4680.5,18.0,7899.2,-2.1500000000000004,46.7,36.0,45.4,58.7,1331137.8,1774850.4,22185629.4,284.40076914859526,379.2010255314603,4740.012690951821,46.70000000000001,
154,Company_154,Manufacturing,Asia,2016,4737.7,17.3,10577.7,1.2,49.9,38.8,45.4,65.4,1319901.3,1759868.4,21998354.9,278.5953732823944,371.4604977098592,4643.2562002659515,49.86666666666667,0.01222091656874258
154,Company_154,Manufacturing,Asia,2017,4623.2,17.1,17048.1,-2.4,47.8,37.2,43.1,63.1,1303104.8,1737473.1,21718414.0,281.86208686623985,375.8161230316664,4697.701591970929,47.800000000000004,-0.02416784515693271
154,Company_154,Manufacturing,Asia,2018,4523.4,16.7,13848.9,-2.2,47.6,36.7,45.1,61.0,1279422.7,1705896.9,21323711.3,282.8453596851926,377.12713887783525,4714.0892470265735,47.6,-0.02158677971967471
154,Company_154,Manufacturing,Asia,2019,4119.0,17.1,7760.4,-8.9,47.6,39.4,46.7,56.7,1141749.2,1522332.3,19029153.3,277.1908715707696,369.58783685360527,4619.847851420248,47.6,-0.08940177742406152
154,Company_154,Manufacturing,Asia,2020,3830.8,15.4,5380.1,-7.0,47.6,39.9,47.3,55.8,1058286.9,1411049.2,17638115.5,276.2574135950715,368.343218126762,4604.290357105565,47.666666666666664,-0.06996843894149063
154,Company_154,Manufacturing,Asia,2021,3763.7,14.2,10497.7,-1.8,47.1,40.7,46.5,54.1,1033430.2,1377906.9,17223836.6,274.57826075404523,366.1043388155273,4576.304328187688,47.1,-0.017515923566879033
154,Company_154,Manufacturing,Asia,2022,3850.7,15.6,6644.0,2.3,48.6,42.0,46.3,57.4,1046246.0,1394994.7,17437433.2,271.70280728179296,362.270418365492,4528.380086737477,48.56666666666666,0.023115551186332572
154,Company_154,Manufacturing,Asia,2023,3660.7,10.6,5560.2,-4.9,49.2,41.6,47.6,58.4,997837.9,1330450.5,16630630.9,272.5811729996995,363.44155489387276,4543.019340563281,49.199999999999996,-0.049341678136442746
154,Company_154,Manufacturing,Asia,2024,3648.4,9.0,2778.8,-0.3,50.9,44.7,47.9,60.1,971312.5,1295083.3,16188541.8,266.2297171362789,354.97294704528014,4437.161988817016,50.9,-0.0033600131122462074
154,Company_154,Manufacturing,Asia,2025,3573.5,10.5,6980.1,-2.1,51.3,46.0,47.9,59.9,941169.5,1254892.6,15686157.7,263.37470267245,351.166251574087,4389.578200643627,51.26666666666667,-0.02052954719877209
155,Company_155,Finance,Latin America,2015,2946.8,9.8,3960.9,10.55,64.5,61.7,91.7,40.2,45271.1,22635.6,113177.8,15.362800325777112,7.681417130446585,38.407017782000814,64.53333333333335,
155,Company_155,Finance,Latin America,2016,3553.6,9.7,3385.1,20.6,64.4,59.9,93.4,39.9,55473.9,27736.9,138684.7,15.610620216118866,7.805296037820802,39.02653647005854,64.4,0.20591828424053205
155,Company_155,Finance,Latin America,2017,4111.4,11.6,4877.9,15.7,62.4,57.6,92.6,37.1,65532.1,32766.1,163830.3,15.93912049423554,7.969572408425354,39.847813396896434,62.43333333333333,0.15696758217019346
155,Company_155,Finance,Latin America,2018,4629.7,7.3,5123.8,12.6,64.4,62.4,94.8,36.2,70659.9,35330.0,176649.8,15.262306412942523,7.631164006307104,38.15577683219215,64.46666666666665,0.1260641144135819
155,Company_155,Finance,Latin America,2019,4977.8,8.5,4667.8,7.5,63.6,64.3,95.2,31.5,74666.2,37333.1,186665.5,14.999839286431756,7.499919643215878,37.49959821607939,63.666666666666664,0.07518845713545153
155,Company_155,Finance,Latin America,2020,6179.7,9.3,4898.5,24.1,65.1,64.8,95.9,34.5,92250.6,46125.3,230626.5,14.92800621389388,7.46400310694694,37.320015534734694,65.06666666666666,0.2414520470890753
155,Company_155,Finance,Latin America,2021,6752.1,7.0,9369.3,9.3,66.1,65.5,97.0,35.8,100154.6,50077.3,250386.6,14.833103775121813,7.416551887560907,37.08277424801173,66.10000000000001,0.09262585562405956
155,Company_155,Finance,Latin America,2022,6863.1,6.3,8345.8,1.6,66.7,68.8,97.7,33.7,98589.5,49294.7,246473.7,14.365155687663009,7.182570558493974,35.912881933819996,66.73333333333333,0.016439329986226436
155,Company_155,Finance,Latin America,2023,6986.7,6.3,4286.1,1.8,66.6,70.5,98.0,31.2,98729.3,49364.7,246823.3,14.131034680178054,7.065524496543432,35.32759385689954,66.56666666666666,0.01800935437338813
155,Company_155,Finance,Latin America,2024,7670.1,5.2,5162.7,9.8,66.8,70.2,100.0,30.1,108659.8,54329.9,271649.4,14.166673185486498,7.083336592743249,35.41666992607659,66.76666666666667,0.09781441882433772
155,Company_155,Finance,Latin America,2025,8538.9,5.6,6630.4,11.3,67.9,73.8,99.8,30.1,116669.5,58334.8,291673.8,13.66329386689152,6.831652789000926,34.15824052278396,67.89999999999999,0.11327101341573109
156,Company_156,Technology,Asia,2015,7293.1,6.4,8747.8,-0.1,62.5,99.8,68.5,19.1,182918.1,109750.8,365836.2,25.080980652945936,15.048580164813316,50.16196130589187,62.46666666666667,
156,Company_156,Technology,Asia,2016,7313.7,3.6,5740.4,0.3,62.0,100.0,68.2,17.7,182842.5,109705.5,365685.0,25.0,15.0,50.0,61.96666666666666,0.002824587623918351
156,Company_156,Technology,Asia,2017,7123.7,5.7,8638.1,-2.6,61.2,100.0,65.4,18.3,178092.3,106855.4,356184.7,24.99997192470205,14.999985962351024,49.99995788705308,61.23333333333334,-0.025978642821007147
156,Company_156,Technology,Asia,2018,7028.7,7.7,10759.8,-1.3,60.4,99.5,63.1,18.7,176986.6,106191.9,353973.2,25.180559705208648,15.108327286695975,50.361119410417295,60.43333333333333,-0.013335766525822246
156,Company_156,Technology,Asia,2019,8016.7,4.9,8313.1,14.1,61.2,100.0,65.1,18.6,200417.0,120250.2,400833.9,24.999937630196964,14.99996257811818,49.999862786433326,61.23333333333333,0.14056653435201394
156,Company_156,Technology,Asia,2020,8143.8,3.9,7767.1,1.6,58.6,97.4,64.5,14.0,211069.4,126641.6,422138.8,25.917802500061395,15.550676588324862,51.83560500012279,58.63333333333333,0.015854403931792493
156,Company_156,Technology,Asia,2021,8114.6,2.7,7337.2,-0.4,59.0,97.4,64.4,15.3,210377.7,126226.6,420755.4,25.925825056071773,15.555492568949795,51.851650112143545,59.03333333333334,-0.0035855497433630035
156,Company_156,Technology,Asia,2022,8080.4,3.6,8017.6,-0.4,59.1,98.5,63.6,15.1,206226.7,123736.0,412453.4,25.521842978070396,15.313103311717242,51.04368595614079,59.06666666666666,-0.004214625489857848
156,Company_156,Technology,Asia,2023,8350.5,2.3,5607.1,3.3,58.8,99.3,65.2,11.9,210812.0,126487.2,421623.9,25.24543440512544,15.147260643075265,50.490856834920066,58.800000000000004,0.033426563041433655
156,Company_156,Technology,Asia,2024,8366.4,3.4,4532.1,0.2,60.5,100.0,67.0,14.6,209159.3,125495.6,418318.5,24.999916331994644,14.999952189711227,49.9998207114171,60.53333333333333,0.00190407760014355
156,Company_156,Technology,Asia,2025,8293.8,4.6,7778.0,-0.9,60.2,100.0,66.2,14.4,207343.8,124406.3,414687.6,24.999855313607757,14.999915599604526,49.999710627215514,60.199999999999996,-0.008677567412507248
157,Company_157,Consumer Goods,Europe,2015,4393.2,16.4,11204.4,2.6,86.6,85.0,88.5,86.4,531744.0,664680.0,2658720.2,121.0379677683693,151.29745971046162,605.1898843667486,86.63333333333333,
157,Company_157,Consumer Goods,Europe,2016,4482.0,19.0,21085.5,2.0,84.5,83.5,86.0,83.9,551525.5,689406.8,2757627.3,123.05343596608657,153.81677822400715,615.2671352074966,84.46666666666667,0.02021305654192851
157,Company_157,Consumer Goods,Europe,2017,4872.4,17.4,9839.1,8.7,88.1,85.5,91.4,87.4,586332.3,732915.4,2931661.5,120.33747229291521,150.42184549708563,601.687361464576,88.10000000000001,0.08710397144132065
157,Company_157,Consumer Goods,Europe,2018,4781.7,17.9,12526.8,-1.9,88.5,86.7,94.7,84.2,567256.5,709070.6,2836282.5,118.63071710897799,148.28839115795637,593.1535855448899,88.53333333333335,-0.018615056235120275
157,Company_157,Consumer Goods,Europe,2019,4784.6,19.0,12493.0,0.1,90.3,88.1,95.8,86.9,558003.8,697504.8,2790019.2,116.62496342431969,145.781214730594,583.124858922376,90.26666666666665,0.0006064788673485477
157,Company_157,Consumer Goods,Europe,2020,4939.2,13.8,15771.8,3.2,90.2,87.4,95.3,87.9,580754.1,725942.7,2903770.6,117.58060009718173,146.97576530612244,587.9030207321024,90.2,0.032312001003218516
157,Company_157,Consumer Goods,Europe,2021,5095.5,13.8,9931.6,3.2,91.9,91.7,95.4,88.6,569026.5,711283.1,2845132.3,111.67235796290845,139.5904425473457,558.3617505642233,91.90000000000002,0.03164480077745391
157,Company_157,Consumer Goods,Europe,2022,4760.4,16.4,19313.6,-6.6,94.7,98.6,96.8,88.8,485384.9,606731.1,2426924.3,101.96304932358626,127.4538064028233,509.8152046046551,94.73333333333333,-0.06576390933176335
157,Company_157,Consumer Goods,Europe,2023,5476.3,16.9,22308.5,15.0,94.7,96.6,100.0,87.6,574007.4,717509.3,2870037.1,104.81664627577014,131.02081697496484,524.083249639355,94.73333333333333,0.15038652214099657
157,Company_157,Consumer Goods,Europe,2024,6114.3,18.5,27254.5,11.7,94.1,94.8,100.0,87.5,656331.6,820414.5,3281657.9,107.34370246798488,134.17962808498112,536.7184959848224,94.10000000000001,0.11650201778573122
157,Company_157,Consumer Goods,Europe,2025,6055.5,23.8,21083.4,-1.0,95.4,99.1,100.0,87.2,613051.8,766314.8,3065259.2,101.2388407233094,126.54855916109322,506.1942366443729,95.43333333333334,-0.009616799960747824
158,Company_158,Energy,Oceania,2015,4773.2,-3.5,7226.6,11.45,50.7,22.4,90.0,39.8,4978778.8,1493633.6,49787787.7,1043.0693874130561,312.92080784379453,10430.693811279645,50.73333333333333,
158,Company_158,Energy,Oceania,2016,5218.1,1.6,866.5,9.3,51.7,21.8,93.2,40.2,5466580.4,1639974.1,54665803.9,1047.618941760411,314.28567869531054,10476.189398440045,51.73333333333333,0.0932079108354984
158,Company_158,Energy,Oceania,2017,5993.7,4.4,4674.3,14.9,52.0,22.6,90.7,42.7,6244823.2,1873446.9,62448231.6,1041.8978594190567,312.56934781520596,10418.978527453826,52.0,0.1486364768785573
158,Company_158,Energy,Oceania,2018,6634.5,6.3,5629.7,10.7,52.3,23.2,88.8,45.0,6883262.9,2064978.9,68832629.5,1037.495350064059,311.2486095410355,10374.95357600422,52.333333333333336,0.10691225787076442
158,Company_158,Energy,Oceania,2019,8169.4,2.8,3290.5,23.1,53.9,24.5,89.8,47.4,8404195.2,2521258.6,84041952.2,1028.740813278821,308.6222488799667,10287.408157269812,53.9,0.23135126987715715
158,Company_158,Energy,Oceania,2020,9165.1,8.8,8879.3,12.2,55.9,28.2,93.5,46.1,9191436.7,2757431.0,91914366.6,1002.8735856673685,300.862074609115,10028.735813029862,55.93333333333334,0.12188165593556444
158,Company_158,Energy,Oceania,2021,9950.4,12.3,12927.5,8.6,56.9,27.8,94.3,48.6,10004172.0,3001251.6,100041719.8,1005.4040038591414,301.6212011577424,10054.04001849172,56.9,0.08568373503835192
158,Company_158,Energy,Oceania,2022,11825.0,16.2,26914.3,18.8,57.0,28.2,92.4,50.3,11854542.9,3556362.9,118545429.2,1002.4983424947146,300.7495052854122,10024.983441860466,56.96666666666667,0.18839443640456666
158,Company_158,Energy,Oceania,2023,14060.2,15.0,22285.7,18.9,55.6,26.0,91.0,49.8,14309120.9,4292736.3,143091209.3,1017.7039373550874,305.3111833402085,10177.039394887697,55.6,0.18902325581395352
158,Company_158,Energy,Oceania,2024,14790.2,10.7,27225.2,5.2,56.8,29.3,91.6,49.5,14715608.2,4414682.4,147156081.6,994.9566740138739,298.48699814742196,9949.566713093804,56.79999999999999,0.05191960285059949
158,Company_158,Energy,Oceania,2025,15874.9,9.1,27013.9,7.3,57.3,31.3,91.1,49.5,15568332.3,4670499.7,155683323.4,980.6885271718248,294.20655878147267,9806.885296915258,57.29999999999999,0.07333910291950074
159,Company_159,Consumer Goods,North America,2015,1166.4,8.0,1743.7,4.6,68.1,44.1,65.1,95.0,207868.0,259835.0,1039339.9,178.21330589849106,222.76663237311385,891.0664437585733,68.06666666666666,
159,Company_159,Consumer Goods,North America,2016,1148.8,7.5,1075.6,-1.5,70.0,46.9,66.9,96.4,200303.8,250379.7,1001518.9,174.3591573816156,217.94890320334264,871.7956998607243,70.06666666666668,-0.015089163237311465
159,Company_159,Consumer Goods,North America,2017,982.5,8.1,1688.2,-14.5,69.6,44.6,64.2,99.9,174500.7,218125.8,872503.4,177.60885496183207,222.0109923664122,888.0441730279898,69.56666666666668,-0.14475974930362112
159,Company_159,Consumer Goods,North America,2018,1054.8,7.4,1206.2,7.4,71.3,45.8,68.2,100.0,185571.8,231964.8,927859.1,175.93079256731133,219.91353811149034,879.654057641259,71.33333333333333,0.07358778625954199
159,Company_159,Consumer Goods,North America,2019,1130.1,7.5,1504.8,7.1,72.5,48.4,69.0,100.0,194647.8,243309.7,973238.9,172.23944783647465,215.2992655517211,861.1971506946289,72.46666666666667,0.07138794084186562
159,Company_159,Consumer Goods,North America,2020,1113.1,7.3,1338.9,-1.5,71.1,49.4,67.4,96.6,190151.4,237689.3,950757.1,170.83047345252,213.5381367352439,854.1524571017878,71.13333333333334,-0.01504291655605694
159,Company_159,Consumer Goods,North America,2021,1228.2,8.5,1609.3,10.3,73.0,51.3,67.7,100.0,206476.7,258095.9,1032383.6,168.11325517016772,210.1415893177007,840.5663572708028,73.0,0.10340490521965684
159,Company_159,Consumer Goods,North America,2022,1270.6,7.9,1532.7,3.5,72.0,52.2,67.0,96.8,212114.9,265143.6,1060574.6,166.94073665984575,208.67590114906344,834.7037620022038,72.0,0.0345220648102913
159,Company_159,Consumer Goods,North America,2023,1304.0,5.7,1610.5,2.6,72.3,53.6,69.3,93.9,215021.6,268777.0,1075107.9,164.89386503067485,206.11733128834356,824.4692484662576,72.26666666666667,0.026286793640799777
159,Company_159,Consumer Goods,North America,2024,1427.7,6.3,2039.7,9.5,74.0,51.5,72.9,97.5,239616.9,299521.1,1198084.5,167.8342088674091,209.79274357357986,839.1710443370456,73.96666666666667,0.09486196319018414
159,Company_159,Consumer Goods,North America,2025,1508.5,9.0,2233.0,5.7,72.5,51.4,71.5,94.6,253405.0,316756.2,1267024.8,167.98475306595955,209.98090818694067,839.9236327477627,72.5,0.05659452265882181
160,Company_160,Utilities,Latin America,2015,999.7,10.1,955.3,6.65,43.5,37.5,23.1,69.8,749488.3,468430.2,7494883.4,749.7132139641893,468.5707712313694,7497.1325397619285,43.46666666666667,
160,Company_160,Utilities,Latin America,2016,1123.6,7.9,955.3,12.4,45.7,39.4,25.0,72.8,830405.0,519003.1,8304050.2,739.057493770025,461.9109113563546,7390.575115699538,45.73333333333333,0.12393718115434615
160,Company_160,Utilities,Latin America,2017,1063.7,9.1,1114.5,-5.3,47.3,41.3,28.7,71.8,775423.1,484639.5,7754231.4,728.9866503713453,455.6167152392592,7289.866879759331,47.26666666666667,-0.05331078675685286
160,Company_160,Utilities,Latin America,2018,1031.2,9.4,910.6,-3.1,50.0,48.0,29.1,73.0,713087.9,445680.0,7130879.4,691.5127036462374,432.1955003878976,6915.127424359969,50.03333333333333,-0.03055372755476171
160,Company_160,Utilities,Latin America,2019,1218.0,9.5,1085.0,18.1,50.4,46.7,31.5,72.9,850617.2,531635.8,8506172.4,698.3720853858784,436.4825944170772,6983.72118226601,50.366666666666674,0.18114817688130325
160,Company_160,Utilities,Latin America,2020,1278.8,9.0,1446.4,5.0,49.9,49.1,27.4,73.0,875973.4,547483.4,8759734.4,684.9964028776978,428.12277134813894,6849.964341570223,49.833333333333336,0.049917898193760246
160,Company_160,Utilities,Latin America,2021,1369.6,9.2,1046.5,7.1,50.8,50.5,29.4,72.6,927522.4,579701.5,9275223.9,677.221378504673,423.2633615654206,6772.213712032711,50.833333333333336,0.0710040663121676
160,Company_160,Utilities,Latin America,2022,1546.5,10.9,1831.4,12.9,51.2,51.3,29.1,73.2,1040128.3,650080.2,10401282.7,672.5692208212092,420.35577109602326,6725.69201422567,51.20000000000001,0.12916179906542058
160,Company_160,Utilities,Latin America,2023,1650.5,9.3,2006.4,6.7,50.0,50.2,30.1,69.6,1120955.3,700597.1,11209553.2,679.161042108452,424.4756740381702,6791.610542259921,49.96666666666667,0.06724862592951819
160,Company_160,Utilities,Latin America,2024,1608.5,11.0,2372.3,-2.5,51.6,51.1,34.0,69.7,1083634.1,677271.3,10836341.2,673.692322039167,421.0576935032639,6736.923344731115,51.6,-0.02544683429263861
160,Company_160,Utilities,Latin America,2025,1715.1,9.7,1604.3,6.6,51.8,51.5,34.4,69.5,1152000.5,720000.3,11520004.6,671.6812430762055,419.8007696344237,6716.812197539502,51.800000000000004,0.06627292508548321
161,Company_161,Technology,Europe,2015,3950.3,8.6,7664.0,3.6500000000000004,75.5,97.6,71.2,57.6,102071.2,61242.7,204142.4,25.838847682454496,15.503303546566082,51.67769536490899,75.46666666666667,
161,Company_161,Technology,Europe,2016,4176.3,13.9,15722.4,5.7,74.5,95.4,70.3,57.7,111100.2,66660.1,222200.4,26.602542920767185,15.961520963532314,53.20508584153437,74.46666666666665,0.057210844745968714
161,Company_161,Technology,Europe,2017,4333.8,19.3,14812.9,3.8,74.6,96.7,71.1,55.9,113368.0,68020.8,226736.0,26.159029027643175,15.695417416585906,52.31805805528635,74.56666666666668,0.03771280798793186
161,Company_161,Technology,Europe,2018,4449.6,17.8,20271.6,2.7,74.9,99.0,71.5,54.3,112826.3,67695.8,225652.7,25.35650395541172,15.213906868033082,50.71303038475369,74.93333333333334,0.026720199363145625
161,Company_161,Technology,Europe,2019,4149.9,22.8,15518.5,-6.7,72.9,94.1,69.1,55.4,112321.7,67393.0,224643.4,27.06612207523073,16.2396684257452,54.13224415046146,72.86666666666666,-0.06735436893203894
161,Company_161,Technology,Europe,2020,4302.5,25.5,18828.3,3.7,72.4,94.6,67.7,54.8,115662.3,69397.4,231324.5,26.882579895409645,16.129552585705984,53.765136548518306,72.36666666666667,0.03677197040892555
161,Company_161,Technology,Europe,2021,4260.0,24.9,25275.2,-1.0,72.1,93.2,66.9,56.2,116639.8,69983.9,233279.7,27.380234741784037,16.4281455399061,54.76049295774648,72.10000000000001,-0.00987797791981404
161,Company_161,Technology,Europe,2022,4501.0,26.6,35703.7,5.7,72.8,92.4,69.3,56.7,124570.5,74742.3,249141.1,27.676183070428795,16.605709842257276,55.35238835814263,72.8,0.056572769953051605
161,Company_161,Technology,Europe,2023,4689.2,27.4,35970.0,4.2,74.2,91.3,73.2,58.1,131449.3,78869.6,262898.7,28.032350934061245,16.8194148255566,56.06472319372175,74.2,0.04181293045989776
161,Company_161,Technology,Europe,2024,4857.2,26.6,22494.5,3.6,74.8,92.8,71.6,60.1,133685.2,80211.1,267370.3,27.523099728238495,16.51385571934448,55.0461788684839,74.83333333333333,0.03582700673888928
161,Company_161,Technology,Europe,2025,4883.4,26.1,34342.4,0.5,75.6,91.3,75.1,60.4,137031.8,82219.1,274063.7,28.060736372199695,16.83644591882705,56.121493221935545,75.6,0.005394054187597863
162,Company_162,Technology,North America,2015,27289.2,12.6,74405.7,9.850000000000001,68.5,86.8,27.7,90.9,807846.1,484707.7,1615692.2,29.60314336807235,17.761887486624744,59.2062867361447,68.46666666666667,
162,Company_162,Technology,North America,2016,29591.9,13.2,114179.1,8.4,67.6,87.6,25.8,89.4,867772.6,520663.6,1735545.2,29.32466654726462,17.59480128008002,58.64933309452924,67.60000000000001,0.08438136698767273
162,Company_162,Technology,North America,2017,31379.6,13.3,72376.1,6.0,68.0,89.7,25.1,89.3,897753.1,538651.8,1795506.1,28.609450088592588,17.165668141085295,57.21889699040141,68.03333333333335,0.06041180187821649
162,Company_162,Technology,North America,2018,34994.6,11.3,99795.0,11.5,69.1,94.3,26.1,86.9,944762.6,566857.6,1889525.3,26.997382453292794,16.198430615009173,53.99476776416933,69.10000000000001,0.11520223329806623
162,Company_162,Technology,North America,2019,36784.5,9.3,68160.4,5.1,71.7,97.6,25.7,91.7,950378.1,570226.9,1900756.2,25.836374016229662,15.501825497152334,51.672748032459324,71.66666666666667,0.051147891388957145
162,Company_162,Technology,North America,2020,42620.5,2.6,20950.7,15.9,70.9,100.0,21.2,91.6,1065511.5,639306.9,2131023.1,24.999976537112424,14.999985922267454,49.99995542051361,70.93333333333334,0.15865378080441483
162,Company_162,Technology,North America,2021,49308.8,4.4,38452.6,15.7,71.4,100.0,21.9,92.2,1232721.0,739632.6,2465442.0,25.000020280355635,15.000012168213381,50.00004056071127,71.36666666666667,0.1569268309850893
162,Company_162,Technology,North America,2022,52703.4,7.2,64552.8,6.9,70.4,100.0,21.4,89.8,1317584.2,790550.5,2635168.4,24.999984820713653,14.999990512946033,49.999969641427306,70.39999999999999,0.06884369524303979
162,Company_162,Technology,North America,2023,57339.1,4.9,88013.8,8.8,70.2,100.0,22.3,88.4,1433477.1,860086.2,2866954.2,24.999993023957476,14.999994767968104,49.99998604791495,70.23333333333333,0.08795827214183527
162,Company_162,Technology,North America,2024,63586.0,-0.6,197082.3,10.9,70.1,99.5,22.1,88.8,1600511.7,960307.0,3201023.4,25.17081904821816,15.102491114396251,50.34163809643632,70.13333333333333,0.10894660013847446
162,Company_162,Technology,North America,2025,70943.6,-0.2,186676.7,11.6,70.8,100.0,21.6,90.9,1773590.8,1064154.5,3547181.7,25.000011276563352,15.000007047852096,50.00002396269713,70.83333333333333,0.11571100556726344
163,Company_163,Energy,Asia,2015,2099.7,-4.1,8210.4,-1.2,46.7,23.3,36.3,80.4,2177717.2,653315.2,21777172.5,1037.1563556698577,311.14692575129783,10371.563794827833,46.666666666666664,
163,Company_163,Energy,Asia,2016,2022.4,-4.5,1016.2,-3.7,46.7,21.0,39.4,79.5,2129005.0,638701.5,21290050.3,1052.7121242088608,315.81363726265823,10527.121390427215,46.63333333333333,-0.036814783064247125
163,Company_163,Energy,Asia,2017,2177.9,-17.3,7465.0,7.7,47.2,21.3,40.5,79.8,2289227.8,686768.4,22892278.5,1051.1170393498323,315.335139354424,10511.170623077276,47.199999999999996,0.07688884493670889
163,Company_163,Energy,Asia,2018,2102.2,-13.2,6125.6,-3.5,49.4,24.0,43.2,81.0,2169404.8,650821.4,21694048.0,1031.9687945961373,309.59061935115596,10319.687945961376,49.4,-0.034758253363331826
163,Company_163,Energy,Asia,2019,2139.6,-10.6,7726.8,1.8,50.9,26.7,45.8,80.2,2167050.3,650115.1,21670503.1,1012.8296410544026,303.8488969900916,10128.296457281736,50.9,0.017790885738749873
163,Company_163,Energy,Asia,2020,2053.7,-9.4,6807.4,-4.0,51.5,24.6,46.1,83.8,2110276.9,633083.1,21102768.9,1027.548765642499,308.2646443005308,10275.487607732386,51.5,-0.04014769115722572
163,Company_163,Energy,Asia,2021,1811.0,-8.6,8494.7,-11.8,51.7,24.2,47.3,83.6,1866440.2,559932.1,18664402.0,1030.6130314743236,309.18393152954167,10306.130314743235,51.699999999999996,-0.1181769489214588
163,Company_163,Energy,Asia,2022,1830.6,-1.2,7363.1,1.1,53.8,24.7,48.5,88.2,1879936.1,563980.8,18799361.1,1026.9507811646456,308.0852179613242,10269.507866273354,53.800000000000004,0.01082274986195464
163,Company_163,Energy,Asia,2023,1886.4,-4.7,8899.4,3.1,56.0,25.7,52.3,90.1,1924569.6,577370.9,19245696.4,1020.234096692112,306.07023960983884,10202.341178965224,56.03333333333333,0.03048180924287136
163,Company_163,Energy,Asia,2024,2017.0,-4.2,1309.3,6.9,55.5,26.2,49.4,91.0,2050124.8,615037.4,20501247.9,1016.4228061477442,304.92682201289045,10164.228011898858,55.53333333333333,0.06923240033927058
163,Company_163,Energy,Asia,2025,1893.8,-11.7,975.7,-6.1,56.6,25.8,51.5,92.6,1930280.0,579084.0,19302799.6,1019.2628577463302,305.77885732389905,10192.628366247756,56.633333333333326,-0.06108081308874569
164,Company_164,Retail,Oceania,2015,354.1,6.0,414.1,7.9,64.9,55.3,87.8,51.6,28770.5,14385.2,57541.0,81.24964699237503,40.62468229313753,162.49929398475007,64.89999999999999,
164,Company_164,Retail,Oceania,2016,399.3,6.7,543.7,12.8,64.4,54.0,87.2,52.1,32815.6,16407.8,65631.2,82.18281993488604,41.09140996744302,164.36563986977208,64.43333333333332,0.1276475571872353
164,Company_164,Retail,Oceania,2017,446.4,7.4,688.2,11.8,64.9,54.1,88.7,51.9,36664.2,18332.1,73328.4,82.13306451612902,41.06653225806451,164.26612903225805,64.9,0.11795642374154758
164,Company_164,Retail,Oceania,2018,491.5,7.7,507.5,10.1,64.6,56.1,88.7,49.1,39694.8,19847.4,79389.6,80.76256358087488,40.38128179043744,161.52512716174977,64.63333333333334,0.1010304659498209
164,Company_164,Retail,Oceania,2019,499.2,8.9,988.0,1.6,66.5,56.8,90.8,52.0,40061.4,20030.7,80122.8,80.25120192307693,40.12560096153847,160.50240384615387,66.53333333333333,0.01566632756866726
164,Company_164,Retail,Oceania,2020,507.8,11.9,1167.1,1.7,67.4,58.4,91.7,52.0,40169.6,20084.8,80339.2,79.10515951161874,39.55257975580937,158.21031902323747,67.36666666666666,0.017227564102564097
164,Company_164,Retail,Oceania,2021,563.4,10.5,846.8,10.9,66.8,57.1,90.0,53.3,45084.2,22542.1,90168.4,80.02165424210152,40.01082712105076,160.04330848420304,66.8,0.10949192595510038
164,Company_164,Retail,Oceania,2022,653.9,10.0,1333.3,16.1,67.8,59.5,89.2,54.7,51232.5,25616.3,102465.1,78.34913595350972,39.174644441046034,156.6984248356018,67.8,0.16063187788427413
164,Company_164,Retail,Oceania,2023,669.2,6.3,642.9,2.3,69.0,62.9,87.5,56.6,50859.1,25429.5,101718.1,75.99985056784219,37.999850567842195,151.9995517035266,69.0,0.023398073099862415
164,Company_164,Retail,Oceania,2024,661.4,6.4,814.6,-1.2,69.7,65.3,89.6,54.1,49147.2,24573.6,98294.5,74.30783187178712,37.15391593589356,148.6158149380103,69.66666666666666,-0.011655708308428103
164,Company_164,Retail,Oceania,2025,698.8,6.9,1002.2,5.7,69.8,64.9,89.9,54.4,52111.6,26055.8,104223.3,74.57298225529479,37.286491127647395,149.14610761305096,69.73333333333333,0.05654671908073783
165,Company_165,Manufacturing,Latin America,2015,1599.5,9.2,3147.1,3.9000000000000004,29.6,13.2,57.5,18.0,531518.0,708690.7,8858633.7,332.30259456080023,443.07014692091275,5538.376805251641,29.566666666666666,
165,Company_165,Manufacturing,Latin America,2016,1890.9,5.3,2072.7,18.2,31.5,14.8,60.9,18.9,621932.3,829243.1,10365538.6,328.9080860965678,438.54413242371356,5481.801575969115,31.53333333333333,0.18218193185370435
165,Company_165,Manufacturing,Latin America,2017,1926.0,1.9,753.0,1.9,30.5,16.0,59.1,16.3,628505.6,838007.5,10475093.4,326.32689511941845,435.10254413291796,5438.781619937695,30.466666666666665,0.01856258924321752
165,Company_165,Manufacturing,Latin America,2018,2039.5,7.1,1332.8,5.9,30.1,15.4,59.1,15.7,668118.6,890824.8,11135310.0,327.58940916891396,436.78587889188526,5459.823486148566,30.066666666666666,0.058930425752855564
165,Company_165,Manufacturing,Latin America,2019,2007.8,9.1,2853.0,-1.6,31.1,16.6,57.7,18.9,652881.8,870509.1,10881363.3,325.1727263671681,433.56365175814324,5419.5454228508825,31.066666666666674,-0.015543025251287146
165,Company_165,Manufacturing,Latin America,2020,2261.9,12.6,4106.1,12.7,29.9,16.4,56.3,17.1,736533.9,982045.2,12275564.7,325.626199213051,434.1682656174013,5427.103187585658,29.933333333333326,0.1265564299232993
165,Company_165,Manufacturing,Latin America,2021,2790.2,11.9,2992.7,23.4,31.6,18.2,58.7,18.0,897982.7,1197310.3,14966378.6,321.83452799082505,429.1127159343417,5363.908895419683,31.633333333333336,0.23356470224147818
165,Company_165,Manufacturing,Latin America,2022,3321.8,8.7,3232.5,19.1,34.3,22.0,59.8,21.2,1042109.1,1389478.9,17368485.7,313.7181949545427,418.2909567102173,5228.636793304834,34.333333333333336,0.19052397677585842
165,Company_165,Manufacturing,Latin America,2023,3167.3,4.1,2509.2,-4.7,36.1,23.5,61.5,23.4,983740.1,1311653.5,16395668.7,310.5926498910744,414.12354371231015,5176.544280617561,36.13333333333333,-0.04651092781022337
165,Company_165,Manufacturing,Latin America,2024,3213.0,5.8,2530.6,1.4,37.2,24.1,64.9,22.7,994149.9,1325533.2,16569165.2,309.4148459383754,412.55312791783376,5156.914161220044,37.233333333333334,0.014428693208726528
165,Company_165,Manufacturing,Latin America,2025,3270.8,6.2,4256.0,1.8,38.7,22.7,67.0,26.5,1021326.7,1361768.9,17022110.9,312.2559312706371,416.34123150299615,5204.265286779992,38.733333333333334,0.017989417989418
166,Company_166,Energy,Latin America,2015,1276.0,24.7,6099.3,-3.5,44.0,35.2,77.2,19.5,1216765.6,365029.7,12167656.0,953.5780564263324,286.0734326018809,9535.780564263323,43.96666666666667,
166,Company_166,Energy,Latin America,2016,1298.1,24.5,3251.2,1.7,43.9,32.3,78.0,21.4,1263986.6,379196.0,12639866.2,973.7205145982591,292.11616978661124,9737.205300053925,43.9,0.01731974921630086
166,Company_166,Energy,Latin America,2017,1245.9,23.6,5712.4,-4.0,47.1,35.1,80.3,25.8,1188946.0,356683.8,11889460.0,954.2868609037642,286.28605827112926,9542.868609037643,47.06666666666667,-0.0402126184423387
166,Company_166,Energy,Latin America,2018,1143.1,20.4,3255.8,-8.3,47.8,36.1,81.5,25.9,1083260.0,324978.0,10832599.8,947.6511241361211,284.2953372408363,9476.511066398392,47.833333333333336,-0.0825106348824145
166,Company_166,Energy,Latin America,2019,1258.9,14.0,3239.3,10.1,48.2,37.1,82.7,24.8,1184137.4,355241.2,11841374.2,940.6127571689569,282.1838112638017,9406.127730558423,48.20000000000001,0.10130347301198506
166,Company_166,Energy,Latin America,2020,1214.9,14.1,1507.7,-3.5,49.3,37.9,80.7,29.2,1135463.9,340639.2,11354639.2,934.6151123549262,280.3845583998683,9346.151288171865,49.26666666666666,-0.03495114782746844
166,Company_166,Energy,Latin America,2021,1143.5,10.6,1796.0,-5.9,50.8,37.9,85.4,29.3,1068759.8,320627.9,10687597.8,934.6390905115873,280.39169217315265,9346.390730214254,50.866666666666674,-0.05877026915795547
166,Company_166,Energy,Latin America,2022,1124.4,19.8,2127.6,-1.7,53.0,39.6,85.1,34.2,1037967.7,311390.3,10379677.1,923.1302917111348,276.93907861970825,9231.303006047669,52.96666666666666,-0.016703104503716593
166,Company_166,Energy,Latin America,2023,1166.2,29.2,6799.1,3.7,52.6,40.6,86.4,30.9,1067907.8,320372.3,10679078.0,915.7158291888184,274.7147144572114,9157.158291888183,52.63333333333333,0.0371753824261829
166,Company_166,Energy,Latin America,2024,929.5,34.7,3635.2,-20.3,52.2,36.6,86.9,33.0,877097.5,263129.2,8770974.8,943.6229155459924,283.08682087143626,9436.228940290479,52.166666666666664,-0.2029669010461328
166,Company_166,Energy,Latin America,2025,896.5,40.8,6077.3,-3.5,51.1,39.9,84.4,28.9,825337.7,247601.3,8253376.7,920.6220858895705,276.18661461238145,9206.220524261014,51.06666666666667,-0.035502958579881616
167,Company_167,Energy,North America,2015,3888.7,9.7,3881.1,15.05,38.4,7.6,62.5,45.0,4459886.8,1337966.0,44598867.8,1146.8837400673747,344.06511173399855,11468.837349242678,38.36666666666667,
167,Company_167,Energy,North America,2016,4343.0,2.0,728.9,11.7,39.4,9.8,64.0,44.3,4913863.2,1474159.0,49138632.3,1131.4444393276538,339.43334100851945,11314.44446235321,39.36666666666667,0.11682567438989899
167,Company_167,Energy,North America,2017,4880.5,-0.6,13024.0,12.4,40.2,13.1,66.0,41.6,5409752.0,1622925.6,54097519.7,1108.442167810675,332.53265034320253,11084.42161663764,40.23333333333333,0.12376237623762387
167,Company_167,Energy,North America,2018,5545.6,8.1,8317.3,13.6,39.7,11.8,66.6,40.8,6198495.8,1859548.8,61984958.3,1117.7322201384882,335.3196768609348,11177.322255481822,39.73333333333333,0.13627702079704962
167,Company_167,Energy,North America,2019,7490.3,7.3,7040.4,35.1,42.5,14.0,67.9,45.5,8252917.8,2475875.3,82529178.1,1101.8140528416752,330.5442105122625,11018.140541767352,42.46666666666667,0.3506744085401039
167,Company_167,Energy,North America,2020,8115.2,2.5,3785.3,8.3,42.6,12.7,69.0,46.0,9016027.0,2704808.1,90160269.5,1111.0049043769716,333.3014713130915,11110.04898215694,42.56666666666667,0.08342790008410872
167,Company_167,Energy,North America,2021,9709.5,-3.1,17498.4,19.6,45.5,14.4,71.4,50.8,10675086.3,3202525.9,106750862.7,1099.4475822647923,329.8342757093568,10994.475791750348,45.53333333333334,0.19645849763406953
167,Company_167,Energy,North America,2022,10812.2,1.2,2067.2,11.4,44.9,16.7,68.6,49.4,11708509.9,3512553.0,117085099.4,1082.8980133552839,324.8694067812286,10828.980170548084,44.9,0.1135691848189917
167,Company_167,Energy,North America,2023,12884.8,-0.2,35503.5,19.2,45.4,17.8,68.2,50.3,13857792.9,4157337.9,138577929.1,1075.5147848627842,322.6544377871601,10755.147856388923,45.43333333333334,0.19169086772349742
167,Company_167,Energy,North America,2024,15011.2,3.4,9733.0,16.5,45.6,18.6,66.7,51.6,16059932.2,4817979.7,160599322.5,1069.8633153911744,320.95899728202943,10698.633187220208,45.63333333333333,0.16503166521793133
167,Company_167,Energy,North America,2025,20645.2,3.8,7903.5,37.5,46.6,19.1,67.6,53.0,22020105.5,6606031.7,220201055.3,1066.596860287137,319.97906050801157,10665.968617402592,46.56666666666666,0.37531976124493704
168,Company_168,Healthcare,North America,2015,2170.1,20.1,9993.2,0.30000000000000004,74.7,84.5,47.5,92.1,132045.7,132045.7,264091.4,60.847748951661224,60.847748951661224,121.69549790332245,74.7,
168,Company_168,Healthcare,North America,2016,2116.9,24.7,10567.6,-2.5,75.1,86.2,45.9,93.2,126264.8,126264.8,252529.5,59.64608625820775,59.64608625820775,119.29212527752846,75.10000000000001,-0.024514999308787533
168,Company_168,Healthcare,North America,2017,2096.7,27.7,7739.4,-1.0,76.2,86.9,44.8,96.8,124068.1,124068.1,248136.2,59.17303381504269,59.17303381504269,118.34606763008539,76.16666666666667,-0.00954225518446794
168,Company_168,Healthcare,North America,2018,2256.0,30.2,13897.4,7.6,77.1,87.7,46.9,96.7,132282.8,132282.8,264565.6,58.635992907801416,58.635992907801416,117.27198581560283,77.10000000000001,0.07597653455429976
168,Company_168,Healthcare,North America,2019,2447.1,32.8,18803.5,8.5,78.4,92.7,46.1,96.5,134926.3,134926.3,269852.7,55.13722365248661,55.13722365248661,110.27448816967024,78.43333333333334,0.0847074468085105
168,Company_168,Healthcare,North America,2020,2715.6,33.0,9598.2,11.0,79.5,93.4,47.6,97.6,148311.7,148311.7,296623.5,54.61470761525999,54.61470761525999,109.22945205479452,79.53333333333333,0.10972171141350984
168,Company_168,Healthcare,North America,2021,2607.6,32.3,11351.3,-4.0,80.0,95.7,48.2,96.0,138167.1,138167.1,276334.2,52.986309249884954,52.986309249884954,105.97261849976991,79.96666666666667,-0.0397702165267344
168,Company_168,Healthcare,North America,2022,2630.9,35.7,14953.3,0.9,81.3,98.3,46.9,98.9,134739.0,134739.0,269478.1,51.214033220570904,51.214033220570904,102.42810445094834,81.36666666666666,0.0089354195428748
168,Company_168,Healthcare,North America,2023,2546.6,38.6,13597.2,-3.2,83.0,99.5,49.4,100.0,128173.9,128173.9,256347.7,50.33138302049792,50.33138302049792,100.66272677295218,82.96666666666667,-0.03204226690486156
168,Company_168,Healthcare,North America,2024,2539.8,36.0,17569.8,-0.3,83.6,100.0,50.7,100.0,126989.4,126989.4,253978.7,49.99976376092605,49.99976376092605,99.99948814867312,83.56666666666666,-0.002670226969292311
168,Company_168,Healthcare,North America,2025,2673.6,32.9,16945.5,5.3,83.8,100.0,52.1,99.4,133681.8,133681.8,267363.5,50.00067324955116,50.00067324955116,100.0013090963495,83.83333333333333,0.05268131348925098
169,Company_169,Consumer Goods,Latin America,2015,629.2,6.6,829.9,9.25,51.3,54.4,78.3,21.1,103106.6,128883.3,515533.1,163.86935791481247,204.8367768595041,819.3469485060393,51.26666666666666,
169,Company_169,Consumer Goods,Latin America,2016,641.0,7.7,621.4,1.9,53.2,55.4,81.1,23.2,104162.0,130202.6,520810.2,162.49921996879874,203.1241809672387,812.4964118564743,53.23333333333333,0.01875397329942774
169,Company_169,Consumer Goods,Latin America,2017,634.0,8.3,798.9,-1.1,55.5,58.0,84.9,23.5,100658.7,125823.3,503293.3,158.76766561514196,198.4594637223975,793.8380126182965,55.46666666666667,-0.010920436817472678
169,Company_169,Consumer Goods,Latin America,2018,787.1,6.6,786.9,24.2,57.0,64.1,88.1,18.8,118316.6,147895.8,591583.1,150.3196544276458,187.89963155888702,751.5983991868885,57.0,0.2414826498422713
169,Company_169,Consumer Goods,Latin America,2019,831.8,5.4,547.4,5.7,56.0,62.1,87.9,17.9,127301.7,159127.1,636508.3,153.0436402981486,191.304520317384,765.217961048329,55.96666666666667,0.056790750857578454
169,Company_169,Consumer Goods,Latin America,2020,880.1,6.7,979.9,5.8,56.2,61.9,88.4,18.2,134962.5,168703.1,674812.4,153.3490512441768,191.68628564935804,766.7451425974322,56.166666666666664,0.05806684299110376
169,Company_169,Consumer Goods,Latin America,2021,1011.0,7.4,1110.8,14.9,57.3,62.2,92.4,17.1,154596.0,193245.0,772980.1,152.91394658753708,191.14243323442136,764.5698318496538,57.23333333333334,0.1487330985115327
169,Company_169,Consumer Goods,Latin America,2022,1177.7,4.5,1226.2,16.5,57.7,62.2,95.4,15.6,180067.3,225084.1,900336.6,152.8974271885879,191.12176275791796,764.4872208542073,57.73333333333334,0.16488625123639955
169,Company_169,Consumer Goods,Latin America,2023,1172.3,4.3,816.3,-0.5,56.8,58.9,95.7,15.9,184754.4,230943.0,923771.8,157.5999317580824,196.999914697603,787.9994881856181,56.833333333333336,-0.004585208457162371
169,Company_169,Consumer Goods,Latin America,2024,1320.7,0.4,102.2,12.7,58.3,63.3,96.0,15.4,199962.0,249952.5,999809.9,151.40607253729084,189.25759067161354,757.0302869690315,58.23333333333334,0.1265887571440758
169,Company_169,Consumer Goods,Latin America,2025,1570.1,0.6,143.2,18.9,58.2,62.2,99.3,13.0,240180.8,300225.9,1200903.8,152.9716578561875,191.2145086300236,764.8581619005159,58.166666666666664,0.1888392519118649
170,Company_170,Energy,Europe,2015,1033.7,16.7,1888.9,-7.800000000000001,45.9,20.5,28.7,88.5,1092307.5,327692.3,10923075.4,1056.6968172583922,317.0090935474509,10566.968559543388,45.9,
170,Company_170,Energy,Europe,2016,863.5,7.7,760.0,-16.5,45.6,22.4,29.0,85.3,901009.2,270302.8,9010091.9,1043.438563983787,313.03161551823973,10434.38552403011,45.56666666666666,-0.16465125278127124
170,Company_170,Energy,Europe,2017,903.9,-2.3,3316.6,4.7,47.0,25.1,31.8,84.3,925947.5,277784.3,9259475.3,1024.3915256112402,307.3175129992256,10243.915588007523,47.06666666666666,0.046786334684423725
170,Company_170,Energy,Europe,2018,847.3,-6.8,943.3,-6.3,46.9,24.7,31.8,84.4,870157.0,261047.1,8701569.9,1026.9762775876313,308.0928832762894,10269.762657854362,46.96666666666667,-0.06261754618873772
170,Company_170,Energy,Europe,2019,757.1,-10.1,3601.0,-10.6,47.2,26.2,33.1,82.2,769844.9,230953.5,7698449.3,1016.833839651301,305.0501915202747,10168.338792761853,47.166666666666664,-0.10645580077894479
170,Company_170,Energy,Europe,2020,710.2,-11.6,2810.4,-6.2,45.5,24.2,31.9,80.5,731857.9,219557.4,7318578.6,1030.4954942269783,309.14869050971555,10304.954379048155,45.53333333333333,-0.06194690265486724
170,Company_170,Energy,Europe,2021,605.6,-8.9,1895.0,-14.7,46.4,24.4,32.2,82.5,623228.7,186968.6,6232286.6,1029.1094782034345,308.73282694848086,10291.094121532364,46.36666666666667,-0.14728245564629683
170,Company_170,Energy,Europe,2022,574.6,-14.0,457.8,-5.1,47.2,23.1,34.8,83.7,596753.1,179025.9,5967531.3,1038.5539505743125,311.5661329620605,10385.540027845456,47.199999999999996,-0.051188903566710686
170,Company_170,Energy,Europe,2023,497.5,-17.5,2390.2,-13.4,48.5,24.9,38.4,82.2,510173.8,153052.1,5101738.1,1025.4749748743718,307.6424120603015,10254.749949748742,48.5,-0.13418029933867037
170,Company_170,Energy,Europe,2024,451.4,-16.6,1283.3,-9.3,49.9,29.6,39.0,81.1,448325.7,134497.7,4483256.8,993.1894107221976,297.95680106335845,9931.89366415596,49.9,-0.0926633165829146
170,Company_170,Energy,Europe,2025,443.9,-20.0,1357.2,-1.7,51.5,31.1,40.4,83.1,435871.8,130761.5,4358717.7,981.9143951340392,294.5742284298266,9819.143275512504,51.53333333333333,-0.016614975631369044
171,Company_171,Utilities,Oceania,2015,531.0,9.6,427.4,4.199999999999999,46.1,16.0,60.2,62.1,462171.7,288857.3,4621717.4,870.3798493408663,543.9873822975518,8703.799246704331,46.1,
171,Company_171,Utilities,Oceania,2016,541.0,8.1,599.1,1.9,47.5,20.8,60.8,60.9,456409.8,285256.1,4564098.3,843.6410351201479,527.2756007393715,8436.410905730128,47.5,0.01883239171374762
171,Company_171,Utilities,Oceania,2017,592.8,7.9,445.5,9.6,49.4,23.9,60.8,63.5,489735.0,306084.4,4897349.9,826.1386639676114,516.3367071524967,8261.386470985157,49.4,0.0957486136783734
171,Company_171,Utilities,Oceania,2018,624.8,10.4,690.4,5.4,50.6,25.6,63.9,62.3,510244.5,318902.8,5102445.3,816.652528809219,510.4078104993598,8166.525768245839,50.6,0.053981106612685625
171,Company_171,Utilities,Oceania,2019,631.8,9.8,773.5,1.1,53.1,28.5,67.4,63.5,505812.2,316132.6,5058121.7,800.5891104779995,500.36815447926557,8005.890629946186,53.13333333333333,0.011203585147247175
171,Company_171,Utilities,Oceania,2020,658.7,12.2,997.2,4.3,54.1,30.7,68.8,62.6,518995.2,324372.0,5189952.3,787.9083042356156,492.4426901472597,7879.083497798693,54.03333333333333,0.0425767647989872
171,Company_171,Utilities,Oceania,2021,741.9,12.2,801.9,12.6,53.9,31.3,68.6,61.9,582023.3,363764.6,5820233.0,784.5037066990161,490.31486723278067,7845.03706699016,53.93333333333333,0.1263093972977074
171,Company_171,Utilities,Oceania,2022,772.2,11.7,767.3,4.1,54.7,32.2,68.7,63.3,602245.3,376403.3,6022452.9,779.9084434084434,487.4427609427609,7799.084304584305,54.73333333333333,0.04084108370400341
171,Company_171,Utilities,Oceania,2023,800.0,10.8,739.8,3.6,54.1,31.6,66.1,64.6,626315.9,391447.5,6263159.3,782.8948750000001,489.309375,7828.949125,54.099999999999994,0.03600103600103588
171,Company_171,Utilities,Oceania,2024,864.0,11.6,1200.5,8.0,55.5,33.3,68.3,64.9,668248.4,417655.2,6682483.8,773.4356481481482,483.39722222222224,7734.35625,55.5,0.08000000000000007
171,Company_171,Utilities,Oceania,2025,899.6,14.1,1359.2,4.1,55.0,36.0,63.9,65.1,682366.1,426478.8,6823661.4,758.521676300578,474.07603379279675,7585.217207647844,55.0,0.04120370370370363
172,Company_172,Energy,Asia,2015,5946.3,19.6,9956.8,1.4500000000000002,41.4,20.4,71.7,32.0,6286706.7,1886012.0,62867067.4,1057.2468089400131,317.1740410002859,10572.468156668852,41.36666666666667,
172,Company_172,Energy,Asia,2016,6253.6,14.6,16369.7,5.2,41.3,19.9,70.0,34.1,6635262.2,1990578.6,66352621.6,1061.0307982602021,318.309229883587,10610.307918638864,41.333333333333336,0.051679195466088235
172,Company_172,Energy,Asia,2017,6390.2,2.8,2524.4,2.2,42.3,20.3,72.2,34.3,6759263.9,2027779.2,67592639.2,1057.7546712152985,317.32640605927827,10577.54674345091,42.266666666666666,0.02184341819112179
172,Company_172,Energy,Asia,2018,6903.8,3.6,4632.8,8.0,40.7,21.5,67.5,33.0,7245386.8,2173616.0,72453867.6,1049.4780845331557,314.84341956603606,10494.78078739245,40.666666666666664,0.08037307126537518
172,Company_172,Energy,Asia,2019,7258.8,4.3,2950.4,5.1,39.6,19.8,67.5,31.6,7705380.2,2311614.1,77053801.8,1061.5225932661046,318.4567834903841,10615.225905108282,39.63333333333333,0.051420956574639964
172,Company_172,Energy,Asia,2020,7313.2,7.8,6979.1,0.7,43.5,22.8,72.0,35.6,7610072.5,2283021.8,76100725.0,1040.5940627905704,312.1782256741235,10405.940627905706,43.46666666666667,0.007494351683473788
172,Company_172,Energy,Asia,2021,7803.5,-0.6,19340.2,6.7,43.2,23.0,72.1,34.6,8109853.3,2432956.0,81098533.0,1039.2584481322483,311.77753572115074,10392.584481322483,43.23333333333333,0.06704315484329704
172,Company_172,Energy,Asia,2022,7504.2,10.8,12381.1,-3.8,42.4,25.8,70.0,31.3,7647427.9,2294228.4,76474278.9,1019.0863649689508,305.72591348844645,10190.863636363638,42.36666666666667,-0.03835458448132256
172,Company_172,Energy,Asia,2023,7537.8,17.1,25578.3,0.4,43.9,30.8,68.9,32.1,7420784.9,2226235.5,74207848.7,984.4762264851814,295.3428719254955,9844.762225052402,43.93333333333334,0.004477492604141764
172,Company_172,Energy,Asia,2024,7369.3,9.9,10801.8,-2.2,46.1,36.2,69.7,32.3,6977198.7,2093159.6,69771986.6,946.7925990256877,284.0377783507253,9467.925935977635,46.06666666666666,-0.02235400249409647
172,Company_172,Energy,Asia,2025,7392.3,14.3,11993.9,0.3,46.9,38.0,68.6,34.0,6903567.9,2071070.4,69035679.5,933.8863276652734,280.16590235785884,9338.863344290681,46.86666666666667,0.00312105627400161
173,Company_173,Transportation,Europe,2015,662.7,2.1,262.7,4.5,54.0,28.2,52.3,81.6,398740.9,66456.8,1329136.3,601.6914139127811,100.28187716915647,2005.637996076656,54.03333333333333,
173,Company_173,Transportation,Europe,2016,711.0,1.9,124.7,7.3,53.5,23.6,52.6,84.3,441481.3,73580.2,1471604.2,620.9300984528833,103.48832630098453,2069.766807313643,53.5,0.07288365776369399
173,Company_173,Transportation,Europe,2017,682.3,2.9,391.3,-4.0,54.2,23.2,53.9,85.5,424672.0,70778.7,1415573.5,622.412428550491,103.7354536127803,2074.7083394401293,54.199999999999996,-0.04036568213783409
173,Company_173,Transportation,Europe,2018,653.1,0.1,9.5,-4.3,55.2,22.3,56.3,86.9,409101.2,68183.5,1363670.7,626.3990200581841,104.39978563772776,2087.996784565916,55.166666666666664,-0.04279642386047189
173,Company_173,Transportation,Europe,2019,775.0,4.3,468.0,18.7,55.1,22.6,53.7,89.1,484465.2,80744.2,1614884.0,625.1163870967742,104.18606451612902,2083.7212903225804,55.13333333333333,0.1866482927576174
173,Company_173,Transportation,Europe,2020,832.1,0.8,88.6,7.4,56.0,26.8,52.1,89.1,505517.7,84252.9,1685058.8,607.5203701478188,101.25333493570483,2025.0676601370028,56.0,0.07367741935483885
173,Company_173,Transportation,Europe,2021,887.2,-1.6,830.4,6.6,56.3,24.3,51.7,93.0,548289.6,91381.6,1827632.0,617.9999999999999,103.0,2060.0,56.333333333333336,0.06621800264391298
173,Company_173,Transportation,Europe,2022,859.5,-0.6,3455.2,-3.1,56.7,25.5,53.3,91.3,526916.2,87819.4,1756387.4,613.0496800465386,102.17498545666085,2043.4990110529377,56.699999999999996,-0.031221821460775567
173,Company_173,Transportation,Europe,2023,989.6,3.0,560.6,15.1,58.0,25.0,56.2,92.9,608520.8,101420.1,2028402.8,614.9159256265158,102.48595392077607,2049.719886822959,58.03333333333334,0.1513670738801629
173,Company_173,Transportation,Europe,2024,1013.1,1.6,230.1,2.4,58.9,26.9,54.5,95.2,614804.6,102467.4,2049348.8,606.8548020925871,101.14243411311814,2022.849471917876,58.866666666666674,0.023746968472109886
173,Company_173,Transportation,Europe,2025,1023.4,1.2,122.4,1.0,60.3,30.7,54.3,95.9,604941.7,100823.6,2016472.4,591.109732264999,98.51827242524918,1970.3658393589994,60.300000000000004,0.010166814727075257
174,Company_174,Transportation,Africa,2015,393.1,2.0,139.9,-3.8499999999999996,14.8,13.8,27.5,3.3,260330.0,43388.3,867766.6,662.2487916560672,110.37471381327906,2207.4958025947594,14.866666666666665,
174,Company_174,Transportation,Africa,2016,396.6,1.1,54.6,0.9,15.5,12.8,29.4,4.2,264287.0,44047.8,880956.6,666.381744831064,111.06354009077155,2221.272314674735,15.466666666666669,0.008903586873568958
174,Company_174,Transportation,Africa,2017,374.0,-2.4,910.1,-5.7,16.7,11.9,31.5,6.6,250525.8,41754.3,835085.9,669.8550802139038,111.64251336898397,2232.85,16.666666666666668,-0.05698436712052446
174,Company_174,Transportation,Africa,2018,360.3,-1.8,560.5,-3.6,17.8,13.3,32.7,7.4,239378.2,39896.4,797927.2,664.3857896197613,110.73105745212324,2214.618928670552,17.8,-0.03663101604278074
174,Company_174,Transportation,Africa,2019,356.0,-4.7,1373.7,-1.2,18.9,14.7,34.4,7.8,234358.7,39059.8,781195.6,658.3109550561799,109.7185393258427,2194.369662921348,18.966666666666665,-0.011934499028587342
174,Company_174,Transportation,Africa,2020,341.4,-3.2,759.9,-4.1,19.3,11.5,36.5,10.0,229309.6,38218.3,764365.5,671.6742823667253,111.9458113649678,2238.9147627416523,19.333333333333332,-0.04101123595505629
174,Company_174,Transportation,Africa,2021,331.3,-8.5,702.4,-3.0,19.8,12.6,36.4,10.5,221035.4,36839.2,736784.8,667.1759734379716,111.19589495925142,2223.920313914881,19.833333333333332,-0.029584065612185073
174,Company_174,Transportation,Africa,2022,330.0,-13.0,1417.7,-0.4,19.8,15.6,34.2,9.5,215994.0,35999.0,719980.2,654.5272727272727,109.0878787878788,2181.7581818181816,19.76666666666667,-0.0039239360096589015
174,Company_174,Transportation,Africa,2023,300.3,-10.5,172.9,-9.0,20.5,19.8,32.5,9.1,191200.4,31866.7,637334.7,636.6979686979687,106.11621711621711,2122.3266733266732,20.466666666666665,-0.08999999999999997
174,Company_174,Transportation,Africa,2024,238.9,-10.2,932.4,-20.4,18.5,19.6,29.7,6.1,152364.6,25394.1,507882.1,637.7756383424027,106.29593972373377,2125.9192130598576,18.466666666666665,-0.20446220446220442
174,Company_174,Transportation,Africa,2025,223.6,-13.3,644.4,-6.4,21.9,21.9,35.1,8.7,140481.6,23413.6,468272.0,628.2719141323793,104.71198568872987,2094.2397137745975,21.900000000000002,-0.06404353285893682
175,Company_175,Finance,Latin America,2015,3129.5,15.4,5847.7,14.35,56.4,98.3,24.0,47.0,32038.4,16019.2,80096.0,10.237545933855248,5.118772966927624,25.593864834638122,56.43333333333334,
175,Company_175,Finance,Latin America,2016,3538.3,12.4,8160.9,13.1,55.7,94.8,23.9,48.3,37938.0,18969.0,94845.0,10.722098182743125,5.361049091371562,26.80524545685781,55.666666666666664,0.1306278958300049
175,Company_175,Finance,Latin America,2017,3901.3,9.6,7028.4,10.3,56.9,98.1,21.8,50.7,40045.3,20022.7,100113.3,10.264604106323533,5.1323148694025065,25.661523082049573,56.86666666666667,0.10259164005313282
175,Company_175,Finance,Latin America,2018,4508.5,5.5,4900.5,15.6,59.3,100.0,25.3,52.6,45084.7,22542.4,112711.8,9.999933459021847,4.9999778196739495,24.999844737717645,59.300000000000004,0.15564042754979113
175,Company_175,Finance,Latin America,2019,5398.2,3.2,1897.9,19.7,60.3,100.0,23.8,57.1,53981.7,26990.8,134954.2,9.99994442591975,4.999962950613168,24.99985180245267,60.300000000000004,0.19733836087390477
175,Company_175,Finance,Latin America,2020,6048.6,4.5,3609.0,12.0,59.4,97.9,21.1,59.1,62225.4,31112.7,155563.5,10.287570677512152,5.143785338756076,25.71892669378038,59.36666666666667,0.12048460597977106
175,Company_175,Finance,Latin America,2021,7059.1,5.7,4487.4,16.7,60.3,100.0,19.1,61.8,70591.3,35295.6,176478.2,10.000042498335482,5.000014166111827,25.000099162782792,60.29999999999999,0.16706345269979828
175,Company_175,Finance,Latin America,2022,8321.9,3.8,4071.9,17.9,59.8,100.0,18.2,61.3,83219.2,41609.6,208047.9,10.00002403297324,5.00001201648662,25.00004806594648,59.833333333333336,0.1788896601549772
175,Company_175,Finance,Latin America,2023,8836.1,4.4,7479.0,6.2,60.2,100.0,19.2,61.4,88360.7,44180.3,220901.7,9.999966048369755,4.999977365579837,24.999909462319348,60.199999999999996,0.06178877419819995
175,Company_175,Finance,Latin America,2024,10281.9,3.9,3345.6,16.4,60.5,100.0,18.1,63.6,102818.8,51409.4,257046.9,9.999980548342233,4.999990274171116,24.9999416450267,60.56666666666666,0.163624223356458
175,Company_175,Finance,Latin America,2025,11141.7,4.2,8356.0,8.4,59.4,100.0,16.8,61.5,111416.9,55708.5,278542.3,9.999991024708976,5.0,24.999982049417948,59.43333333333334,0.08362267674262558
176,Company_176,Healthcare,Oceania,2015,1888.5,12.1,2563.0,6.7,78.8,74.2,81.9,80.2,128508.6,128508.6,257017.1,68.04797458300239,68.04797458300239,136.0958962139264,78.76666666666667,
176,Company_176,Healthcare,Oceania,2016,2103.1,12.4,3823.8,11.4,80.8,76.3,82.6,83.3,139980.6,139980.6,279961.2,66.55917455185204,66.55917455185204,133.11834910370408,80.73333333333333,0.11363516018003694
176,Company_176,Healthcare,Oceania,2017,2425.2,12.3,4635.1,15.3,81.4,74.7,86.0,83.6,164240.5,164240.5,328480.9,67.72245587992744,67.72245587992744,135.44487052614218,81.43333333333332,0.15315486662545763
176,Company_176,Healthcare,Oceania,2018,2520.7,12.2,7230.9,3.9,82.2,77.3,86.6,82.6,166152.4,166152.4,332304.8,65.91518229063355,65.91518229063355,131.8303645812671,82.16666666666666,0.039378195612733036
176,Company_176,Healthcare,Oceania,2019,2748.5,17.5,6353.4,9.0,81.0,81.2,82.2,79.6,173520.2,173520.2,347040.4,63.13269055848645,63.13269055848645,126.2653811169729,81.0,0.09037172214067524
176,Company_176,Healthcare,Oceania,2020,2743.7,19.3,9905.0,-0.2,79.6,81.6,79.6,77.8,172533.1,172533.1,345066.1,62.88336917301455,62.88336917301455,125.76670189889565,79.66666666666667,-0.0017464071311624751
176,Company_176,Healthcare,Oceania,2021,2817.5,20.5,10285.8,2.7,80.7,82.4,81.4,78.4,175583.7,175583.7,351167.4,62.31897071872228,62.31897071872228,124.63794143744455,80.73333333333333,0.02689798447352132
176,Company_176,Healthcare,Oceania,2022,3095.3,18.5,12696.8,9.9,80.8,84.0,84.3,74.2,189529.5,189529.5,379059.0,61.231383064646394,61.231383064646394,122.46276612929279,80.83333333333333,0.09859804791481808
176,Company_176,Healthcare,Oceania,2023,3235.3,15.1,6678.5,4.5,79.0,81.2,85.7,70.2,204376.0,204376.0,408752.0,63.17064878063858,63.17064878063858,126.34129756127716,79.03333333333335,0.04522986463347656
176,Company_176,Healthcare,Oceania,2024,3522.2,18.1,9491.6,8.9,79.3,80.2,86.3,71.5,225022.1,225022.1,450044.2,63.88680370223157,63.88680370223157,127.77360740446314,79.33333333333333,0.08867802058541696
176,Company_176,Healthcare,Oceania,2025,3654.2,18.7,7585.8,3.7,79.4,82.0,84.0,72.1,228840.2,228840.2,457680.5,62.623884844836084,62.623884844836084,125.24779705544306,79.36666666666666,0.03747657713928798
177,Company_177,Manufacturing,North America,2015,1564.1,12.5,3220.7,4.75,44.1,26.9,63.0,42.4,474878.1,633170.8,7914634.5,303.61108624768235,404.8147816635765,5060.1844511220515,44.1,
177,Company_177,Manufacturing,North America,2016,1645.9,11.2,1586.5,5.2,42.4,26.4,60.8,39.9,501406.1,668541.5,8356768.7,304.6394677683942,406.1859772768698,5077.324685582356,42.36666666666667,0.05229844639089576
177,Company_177,Manufacturing,North America,2017,1850.5,14.0,3645.9,12.4,43.1,26.5,61.7,41.3,563374.8,751166.5,9389580.7,304.44463658470687,405.92623615239125,5074.0776546879215,43.166666666666664,0.12430888875387325
177,Company_177,Manufacturing,North America,2018,1836.8,17.0,4271.8,-0.7,45.6,28.7,64.0,44.1,550416.8,733889.1,9173613.7,299.66071428571433,399.5476371951219,4994.3454377177695,45.6,-0.007403404485274323
177,Company_177,Manufacturing,North America,2019,2296.2,19.8,9993.6,25.0,45.6,30.0,61.7,45.3,682208.2,909610.9,11370136.1,297.10312690532186,396.13748802369133,4951.718534970822,45.666666666666664,0.25010888501742157
177,Company_177,Manufacturing,North America,2020,2101.6,15.2,3362.7,-8.5,46.5,32.6,61.5,45.5,612746.4,816995.2,10212439.9,291.5618576322802,388.74914350970687,4859.364246288543,46.53333333333333,-0.08474871526870476
177,Company_177,Manufacturing,North America,2021,2289.5,16.6,7390.7,8.9,49.5,35.3,61.7,51.4,654333.2,872444.2,10905552.9,285.7974230181262,381.0632015723957,4763.2901943655825,49.46666666666667,0.0894080700418729
177,Company_177,Manufacturing,North America,2022,2367.5,21.0,7919.6,3.4,49.3,36.2,60.8,51.0,672256.3,896341.7,11204271.5,283.951974656811,378.6026187961985,4732.532840549103,49.333333333333336,0.03406857392443774
177,Company_177,Manufacturing,North America,2023,2513.1,27.2,6381.8,6.2,49.3,37.9,56.4,53.6,704648.9,939531.9,11744148.6,280.3903147507063,373.8537662647726,4673.172018622418,49.300000000000004,0.06149947201689532
177,Company_177,Manufacturing,North America,2024,2620.3,23.8,12394.4,4.3,47.2,40.8,54.9,46.0,718831.3,958441.7,11980521.6,274.3316795786742,365.7755600503759,4572.19463420219,47.23333333333333,0.04265648004456657
177,Company_177,Manufacturing,North America,2025,2639.9,22.9,7598.4,0.7,48.2,43.0,55.1,46.6,711900.2,949200.3,11865003.3,269.6693814159627,359.5591878480246,4494.489677639304,48.23333333333333,0.007480059535167616
178,Company_178,Transportation,Latin America,2015,1715.0,10.2,1460.8,13.9,23.2,22.8,10.9,36.0,1070364.1,178394.0,3567880.3,624.1190087463557,104.01982507288629,2080.3966763848393,23.233333333333334,
178,Company_178,Transportation,Latin America,2016,1932.6,11.7,3847.9,12.7,23.9,23.8,12.2,35.7,1198106.1,199684.4,3993687.1,619.945203352996,103.3242264307151,2066.484062920418,23.900000000000002,0.1268804664723031
178,Company_178,Transportation,Latin America,2017,2223.0,11.8,4352.1,15.0,24.8,24.4,11.2,38.7,1372404.0,228734.0,4574679.9,617.365721997301,102.89428699955016,2057.885695006748,24.766666666666666,0.1502638932008693
178,Company_178,Transportation,Latin America,2018,2506.6,9.8,3890.2,12.8,25.8,28.2,9.6,39.6,1507703.6,251283.9,5025678.5,601.4934971674779,100.24890289635363,2004.9782574004628,25.8,0.12757534862798026
178,Company_178,Transportation,Latin America,2019,2654.4,6.8,1873.7,5.9,26.1,28.4,11.5,38.3,1594069.0,265678.2,5313563.3,600.538351416516,100.08973779385173,2001.7944921639541,26.066666666666663,0.05896433415782343
178,Company_178,Transportation,Latin America,2020,2822.6,11.1,3278.9,6.3,26.3,23.6,15.0,40.2,1752682.8,292113.8,5842276.1,620.94621979735,103.49103663289166,2069.8207680861615,26.26666666666667,0.06336648583484017
178,Company_178,Transportation,Latin America,2021,3471.8,6.6,3190.8,23.0,27.2,25.8,13.8,41.8,2122976.2,353829.4,7076587.5,611.4915029667608,101.91526009562763,2038.30505789504,27.133333333333336,0.23000070856656984
178,Company_178,Transportation,Latin America,2022,4242.0,7.9,4487.3,22.2,26.3,26.4,13.1,39.3,2583781.6,430630.3,8612605.2,609.0951438000943,101.51586515794436,2030.3171145685994,26.266666666666666,0.22184457630047816
178,Company_178,Transportation,Latin America,2023,5076.5,9.0,5629.1,19.7,26.4,28.6,11.0,39.5,3044325.0,507387.5,10147750.1,599.6897468728455,99.94829114547424,1998.965842608096,26.366666666666664,0.1967232437529467
178,Company_178,Transportation,Latin America,2024,6326.9,9.1,7210.4,24.6,28.6,32.5,12.7,40.6,3691548.3,615258.1,12305161.0,583.4687287613207,97.24479602965117,1944.895762537736,28.600000000000005,0.24631143504382935
178,Company_178,Transportation,Latin America,2025,6860.0,4.2,3107.4,8.4,29.6,34.6,12.0,42.3,3942330.7,657055.1,13141102.5,574.6837755102041,95.78062682215743,1915.612609329446,29.633333333333336,0.08425927389400822
179,Company_179,Finance,Europe,2015,1748.0,14.1,1980.6,3.1500000000000004,84.3,83.3,90.1,79.6,21575.7,10787.9,53939.3,12.343077803203661,6.171567505720824,30.85772311212815,84.33333333333333,
179,Company_179,Finance,Europe,2016,2002.1,15.7,4163.7,14.5,86.2,86.7,93.1,78.7,23751.7,11875.8,59379.2,11.863393436891265,5.931671744668098,29.658458618450627,86.16666666666667,0.14536613272311216
179,Company_179,Finance,Europe,2017,2212.0,14.4,5132.6,10.5,86.8,83.9,95.8,80.5,27093.9,13547.0,67734.9,12.24859855334539,6.124321880650995,30.62156419529837,86.73333333333333,0.10483991808600979
179,Company_179,Finance,Europe,2018,2189.2,14.0,5981.6,-1.0,84.9,83.2,93.0,78.5,27055.4,13527.7,67638.6,12.358578476155675,6.179289238077837,30.89649186917596,84.89999999999999,-0.010307414104882562
179,Company_179,Finance,Europe,2019,2171.7,15.1,4049.4,-0.8,85.1,85.7,90.3,79.4,26069.3,13034.7,65173.4,12.004098171939035,6.0020721094073775,30.01031450016117,85.13333333333334,-0.007993787684999032
179,Company_179,Finance,Europe,2020,2111.4,15.2,5192.0,-2.8,86.0,89.0,90.6,78.3,24366.3,12183.1,60915.7,11.54035237283319,5.770152505446623,28.850857251113002,85.96666666666665,-0.0277662660588478
179,Company_179,Finance,Europe,2021,2227.2,13.5,3425.6,5.5,86.3,89.2,90.7,79.0,25650.4,12825.2,64126.0,11.516882183908047,5.758441091954023,28.792205459770116,86.3,0.05484512645637962
179,Company_179,Finance,Europe,2022,2069.9,12.1,3974.6,-7.1,88.5,90.4,97.3,77.6,23470.5,11735.3,58676.3,11.338953572636358,5.669500942074496,28.347408087347215,88.43333333333332,-0.07062679597701138
179,Company_179,Finance,Europe,2023,2102.5,14.1,2998.8,1.6,90.5,92.8,98.0,80.7,23157.8,11578.9,57894.4,11.014411414982163,5.507205707491082,27.535980975029727,90.5,0.01574955311850812
179,Company_179,Finance,Europe,2024,2201.5,14.4,4989.0,4.7,91.1,97.0,100.0,76.3,22939.0,11469.5,57347.6,10.419713831478537,5.209856915739269,26.049330002271176,91.10000000000001,0.047086801426872826
179,Company_179,Finance,Europe,2025,2534.0,14.5,4746.9,15.1,91.9,98.3,100.0,77.4,25953.7,12976.8,64884.2,10.242186266771903,5.121073401736385,25.605445935280187,91.90000000000002,0.15103338632750396
180,Company_180,Utilities,Latin America,2015,1091.6,16.6,1485.7,2.85,50.7,51.2,65.2,35.8,735099.8,459437.4,7350998.4,673.4149871747894,420.88438988640536,6734.150238182486,50.73333333333333,
180,Company_180,Utilities,Latin America,2016,1237.6,18.2,3074.4,13.4,51.9,49.7,68.0,38.0,843915.9,527447.4,8439158.7,681.8971396250809,426.1856819650938,6818.971153846153,51.9,0.13374862587028225
180,Company_180,Utilities,Latin America,2017,1246.5,18.3,3402.6,0.7,52.8,50.8,67.5,40.1,842075.7,526297.3,8420757.1,675.5521058965102,422.2200561572403,6755.521139189731,52.800000000000004,0.007191338073690989
180,Company_180,Utilities,Latin America,2018,1105.9,17.4,1906.5,-11.3,52.2,47.9,65.7,42.9,765294.1,478308.8,7652941.1,692.0102179220544,432.50637489827284,6920.1022696446325,52.166666666666664,-0.11279582831929391
180,Company_180,Utilities,Latin America,2019,1175.1,16.0,2380.6,6.3,53.0,47.5,67.6,44.0,815628.9,509768.0,8156288.7,694.0931835588461,433.80818653731603,6940.93158029104,53.03333333333333,0.06257346957229393
180,Company_180,Utilities,Latin America,2020,1410.6,16.6,2022.7,20.0,52.5,45.5,67.4,44.5,994472.9,621545.6,9944729.0,704.9999291081809,440.62498227704526,7049.99929108181,52.46666666666667,0.2004084758743936
180,Company_180,Utilities,Latin America,2021,1270.2,17.5,2695.9,-10.0,52.9,48.1,63.1,47.6,877593.9,548496.2,8775938.7,690.9100141709966,431.8187686978428,6909.0999055266875,52.93333333333334,-0.09953211399404505
180,Company_180,Utilities,Latin America,2022,1308.8,18.1,2321.4,3.0,52.9,50.2,60.9,47.6,888744.5,555465.3,8887444.6,679.0529492665037,424.40808374083133,6790.529187041565,52.9,0.030388915131475347
180,Company_180,Utilities,Latin America,2023,1344.3,18.9,3215.4,2.7,53.6,52.9,61.1,46.9,892408.2,557755.2,8924082.5,663.846016514171,414.9038161124749,6638.460537082497,53.63333333333333,0.027124083129584253
180,Company_180,Utilities,Latin America,2024,1301.3,18.2,2639.4,-3.2,54.4,56.6,59.4,47.2,836544.5,522840.3,8365445.2,642.8529163144548,401.7830630907554,6428.52931683701,54.4,-0.031986907684296684
180,Company_180,Utilities,Latin America,2025,1366.7,18.9,2425.5,5.0,54.8,58.0,59.9,46.6,868358.6,542724.1,8683586.1,635.3688446623253,397.1055096217165,6353.688519792199,54.833333333333336,0.05025743487281953
181,Company_181,Finance,Oceania,2015,1601.0,17.4,4314.6,8.350000000000001,66.4,73.7,77.9,47.7,21901.7,10950.9,54754.4,13.68001249219238,6.840037476577139,34.2001249219238,66.43333333333334,
181,Company_181,Finance,Oceania,2016,1663.6,16.4,3656.1,3.9,66.6,72.7,79.1,48.0,22982.0,11491.0,57455.1,13.814618898773745,6.907309449386872,34.53660735753787,66.60000000000001,0.03910056214865709
181,Company_181,Finance,Oceania,2017,1907.7,17.6,5997.4,14.7,68.6,76.4,80.5,48.7,25370.6,12685.3,63426.5,13.299051213503171,6.6495256067515855,33.24762803375793,68.53333333333335,0.1467299831690312
181,Company_181,Finance,Oceania,2018,2291.8,18.7,7959.5,20.1,71.0,77.8,84.6,50.6,30026.3,15013.1,75065.7,13.101623178287808,6.550789772231433,32.754036128807044,70.99999999999999,0.20134193007286272
181,Company_181,Finance,Oceania,2019,2492.5,23.4,5226.9,8.8,72.7,78.1,89.0,51.1,32570.4,16285.2,81426.0,13.067362086258777,6.533681043129389,32.66840521564694,72.73333333333333,0.08757308665677632
181,Company_181,Finance,Oceania,2020,2563.9,27.8,7606.6,2.9,73.8,81.3,87.3,52.7,32342.0,16171.0,80855.0,12.614376535746324,6.307188267873162,31.53594133936581,73.76666666666667,0.02864593781344027
181,Company_181,Finance,Oceania,2021,2642.2,28.6,6594.7,3.1,73.9,82.5,87.9,51.3,32902.4,16451.2,82256.0,12.452653092120205,6.226326546060102,31.13163273030051,73.89999999999999,0.030539412613596273
181,Company_181,Finance,Oceania,2022,2852.0,28.7,14639.3,7.9,73.6,79.1,88.2,53.4,36850.4,18425.2,92126.1,12.920897615708276,6.460448807854138,32.3022791023843,73.56666666666668,0.07940352736356071
181,Company_181,Finance,Oceania,2023,3108.3,27.7,9105.8,9.0,75.1,79.3,91.1,54.9,40082.1,20041.0,100205.1,12.895183862561527,6.447575845317376,32.23791139851366,75.1,0.08986676016830297
181,Company_181,Finance,Oceania,2024,3269.0,26.7,9182.9,5.2,75.5,77.6,92.9,56.2,42956.4,21478.2,107391.0,13.14053227286632,6.57026613643316,32.8513306821658,75.56666666666666,0.05170028633014834
181,Company_181,Finance,Oceania,2025,3865.3,26.5,10809.1,18.2,79.0,79.2,96.3,61.5,49909.3,24954.7,124773.3,12.912141360308386,6.456083615760743,32.28036633637751,79.0,0.182410523095748
182,Company_182,Manufacturing,North America,2015,3212.6,7.4,4775.4,0.35,63.0,30.8,76.0,82.3,948470.5,1264627.3,15807841.3,295.2345452281641,393.6460499284069,4920.575639668805,63.03333333333333,
182,Company_182,Manufacturing,North America,2016,3391.7,6.3,4105.4,5.6,61.8,29.3,78.8,77.2,1012256.3,1349675.1,16870938.5,298.4510127664593,397.93469351652567,4974.183595247221,61.76666666666667,0.05574923737782478
182,Company_182,Manufacturing,North America,2017,3577.6,8.6,4558.9,5.5,64.1,29.4,79.9,82.9,1066736.3,1422315.1,17778939.0,298.17092464221827,397.5612421735242,4969.515597048301,64.06666666666668,0.054810272134917515
182,Company_182,Manufacturing,North America,2018,3204.0,8.9,5168.7,-10.4,64.9,30.7,78.8,85.1,946688.1,1262250.8,15778134.7,295.47069288389514,393.9609238451935,4924.5114544319595,64.86666666666666,-0.10442754919499109
182,Company_182,Manufacturing,North America,2019,3227.5,6.1,3164.1,0.7,65.2,31.9,79.3,84.5,945748.6,1260998.2,15762477.5,293.0282261812548,390.7043222308288,4883.8040278853605,65.23333333333333,0.007334581772784121
182,Company_182,Manufacturing,North America,2020,3206.3,4.0,2694.2,-0.7,66.3,32.1,80.2,86.4,938048.4,1250731.2,15634140.1,292.5641393506534,390.0855191342045,4876.069020366153,66.23333333333333,-0.006568551510456988
182,Company_182,Manufacturing,North America,2021,2955.8,4.6,2146.4,-7.8,68.2,35.7,79.9,88.9,842216.5,1122955.3,14036941.7,284.93690371473036,379.9158603423777,4748.948406522768,68.16666666666667,-0.07812743660917565
182,Company_182,Manufacturing,North America,2022,3377.1,7.1,3011.1,14.3,67.9,33.7,81.2,88.7,976501.1,1302001.4,16275017.8,289.15374137573656,385.5383020935122,4819.2288650025175,67.86666666666667,0.142533324311523
182,Company_182,Manufacturing,North America,2023,3139.0,8.0,3620.8,-7.1,68.3,35.1,80.2,89.7,898409.3,1197879.1,14973488.5,286.2087607518318,381.61169162153556,4770.146065625995,68.33333333333333,-0.07050427881910515
182,Company_182,Manufacturing,North America,2024,3163.7,10.2,6106.3,0.8,69.5,34.8,82.2,91.4,907644.2,1210192.2,15127402.6,286.89325789423776,382.52432278661064,4781.554066441193,69.46666666666667,0.007868748008919901
182,Company_182,Manufacturing,North America,2025,3164.3,10.9,7381.5,0.0,70.0,34.6,84.3,91.0,909082.3,1212109.8,15151372.0,287.29333501880353,383.0578010934488,4788.222355655279,69.96666666666667,0.00018965135758763907
183,Company_183,Retail,Europe,2015,999.1,11.7,2270.7,-1.75,53.1,55.7,67.3,36.4,80960.3,40480.2,161920.6,81.03322990691622,40.51666499849865,162.06645981383244,53.13333333333333,
183,Company_183,Retail,Europe,2016,991.1,12.2,1610.5,-0.8,54.5,55.6,69.2,38.8,80327.6,40163.8,160655.1,81.04893552618303,40.524467763091515,162.09777015437393,54.53333333333334,-0.008007206485837304
183,Company_183,Retail,Europe,2017,933.3,10.3,1782.0,-5.8,55.6,56.0,71.7,39.0,75431.6,37715.8,150863.2,80.82245794492661,40.411228972463306,161.64491588985322,55.56666666666666,-0.05831903945111494
183,Company_183,Retail,Europe,2018,918.8,10.0,1318.3,-1.6,56.7,57.2,73.7,39.3,73473.5,36736.8,146947.0,79.96680452764475,39.98345668262952,159.9336090552895,56.73333333333333,-0.01553626915246975
183,Company_183,Retail,Europe,2019,913.5,8.8,1174.1,-0.6,57.2,58.4,75.4,37.9,72295.2,36147.6,144590.5,79.14088669950739,39.570443349753695,158.28188286808975,57.23333333333334,-0.005768393556813134
183,Company_183,Retail,Europe,2020,837.6,7.5,844.8,-8.3,58.7,62.2,76.5,37.4,64058.2,32029.1,128116.3,76.47827125119389,38.239135625596944,152.95642311365808,58.699999999999996,-0.08308702791461409
183,Company_183,Retail,Europe,2021,828.2,7.4,1498.5,-1.1,59.1,61.1,77.7,38.4,63950.4,31975.2,127900.9,77.21613136923447,38.60806568461724,154.43238348225066,59.06666666666667,-0.011222540592168095
183,Company_183,Retail,Europe,2022,775.3,9.2,1302.1,-6.4,59.6,60.8,79.2,38.7,60021.4,30010.7,120042.7,77.41699987101768,38.70849993550884,154.83387075970592,59.56666666666666,-0.06387346051678344
183,Company_183,Retail,Europe,2023,711.7,6.8,964.9,-8.2,60.7,62.8,82.1,37.4,54121.3,27060.7,108242.6,76.04510327385134,38.02262189124631,152.09020654770268,60.76666666666666,-0.08203276151167282
183,Company_183,Retail,Europe,2024,807.3,4.7,761.7,13.4,61.5,63.6,82.2,38.7,60936.5,30468.3,121873.0,75.48185309054875,37.740988480118915,150.9637061810975,61.5,0.1343262610650553
183,Company_183,Retail,Europe,2025,791.8,3.4,406.4,-1.9,61.6,63.1,82.6,39.0,60061.3,30030.6,120122.5,75.85412983076536,37.92700176812326,151.70813336701187,61.56666666666666,-0.019199801808497452
184,Company_184,Utilities,Europe,2015,859.4,9.3,797.6,1.25,63.0,27.3,70.1,91.6,693452.3,433407.7,6934522.7,806.9028391901327,504.31428903886433,8069.028042820573,63.0,
184,Company_184,Utilities,Europe,2016,826.2,10.5,693.2,-3.9,63.7,28.0,72.7,90.5,663505.1,414690.7,6635051.0,803.0804889857177,501.92532074558216,8030.804889857177,63.73333333333333,-0.03863160344426331
184,Company_184,Utilities,Europe,2017,791.0,9.4,1032.0,-4.3,63.3,27.8,73.6,88.6,636193.6,397621.0,6361936.4,804.2902654867256,502.6814159292035,8042.903160556259,63.333333333333336,-0.042604696199467496
184,Company_184,Utilities,Europe,2018,849.6,9.7,890.0,7.4,64.1,29.5,74.8,88.0,675067.0,421916.9,6750669.9,794.5703860640301,496.6065207156309,7945.703742937853,64.10000000000001,0.07408343868520872
184,Company_184,Utilities,Europe,2019,880.2,10.2,1072.7,3.6,63.4,29.3,72.0,88.8,700375.5,437734.7,7003754.6,795.7004089979549,497.31276982503977,7957.003635537377,63.36666666666667,0.03601694915254239
184,Company_184,Utilities,Europe,2020,871.0,9.5,896.1,-1.1,64.0,28.6,74.2,89.1,696665.6,435416.0,6966656.2,799.8456946039036,499.90355912743973,7998.457175660161,63.96666666666667,-0.010452169961372437
184,Company_184,Utilities,Europe,2021,1000.5,9.1,1014.8,14.9,64.3,30.4,74.1,88.3,789989.4,493743.4,7899894.3,789.5946026986506,493.49665167416293,7895.946326836582,64.26666666666667,0.14867967853042474
184,Company_184,Utilities,Europe,2022,1137.5,9.2,979.1,13.7,64.3,32.6,72.1,88.1,884393.5,552745.9,8843934.7,777.4887912087912,485.93046153846154,7774.887648351648,64.26666666666667,0.13693153423288362
184,Company_184,Utilities,Europe,2023,972.5,9.2,1120.1,-14.5,66.9,36.1,74.8,89.7,736948.5,460592.8,7369485.4,757.7876606683805,473.61727506426735,7577.877017994859,66.86666666666667,-0.1450549450549451
184,Company_184,Utilities,Europe,2024,951.0,9.4,933.1,-2.2,67.3,39.4,75.9,86.6,703195.4,439497.1,7031954.2,739.4273396424816,462.14206098843323,7394.273606729758,67.3,-0.022107969151670903
184,Company_184,Utilities,Europe,2025,1046.7,9.1,884.2,10.1,68.3,39.1,75.6,90.2,775885.7,484928.6,7758857.2,741.2684627878092,463.2928250692653,7412.68481895481,68.3,0.10063091482649855
185,Company_185,Transportation,Latin America,2015,423.6,0.6,34.6,5.95,12.0,0.5,19.1,16.3,304132.4,50688.7,1013774.7,717.9707271010387,119.6617091595845,2393.235835694051,11.966666666666669,
185,Company_185,Transportation,Latin America,2016,340.4,-1.6,1281.9,-19.6,13.2,0.0,21.1,18.4,245118.0,40853.0,817060.1,720.0881316098707,120.01468860164513,2400.2940658049356,13.166666666666666,-0.1964117091595846
185,Company_185,Transportation,Latin America,2017,348.6,2.2,147.6,2.4,14.0,0.0,19.6,22.5,250994.2,41832.4,836647.5,720.0063109581182,120.00114744693057,2400.0215146299483,14.033333333333333,0.024089306698002577
185,Company_185,Transportation,Latin America,2018,414.9,7.9,491.1,19.0,13.9,1.9,18.5,21.2,295426.8,49237.8,984755.8,712.0433839479392,118.67389732465655,2373.477464449265,13.866666666666665,0.19018932874354544
185,Company_185,Transportation,Latin America,2019,447.9,9.1,789.5,7.9,16.0,3.6,18.5,25.9,315643.3,52607.2,1052144.5,704.718240678723,117.45300290243358,2349.061174369279,16.0,0.07953723788864786
185,Company_185,Transportation,Latin America,2020,465.6,3.6,172.9,4.0,16.5,7.2,17.2,25.0,321096.6,53516.1,1070322.0,689.6404639175257,114.94007731958762,2298.8015463917523,16.466666666666665,0.03951774949765574
185,Company_185,Transportation,Latin America,2021,452.8,1.8,90.3,-2.7,19.1,9.3,20.8,27.3,308261.1,51376.9,1027537.0,680.7886484098939,113.4648851590106,2269.2954946996465,19.133333333333336,-0.027491408934707917
185,Company_185,Transportation,Latin America,2022,505.4,-0.8,1609.0,11.6,17.7,8.5,17.3,27.2,345856.0,57642.7,1152853.2,684.3213296398892,114.05362089434111,2281.0708349821925,17.666666666666668,0.11616607773851584
185,Company_185,Transportation,Latin America,2023,665.3,-3.5,1951.5,31.6,16.0,10.5,14.2,23.2,449788.2,74964.7,1499294.0,676.0682398917783,112.67803998196302,2253.5607996392605,15.966666666666667,0.3163830629204589
185,Company_185,Transportation,Latin America,2024,764.6,-3.7,3199.1,14.9,16.8,14.3,16.4,19.7,504614.5,84102.4,1682048.2,659.9718807219461,109.99529165576772,2199.906094690034,16.8,0.14925597474823404
185,Company_185,Transportation,Latin America,2025,793.8,-5.4,3335.6,3.8,16.5,12.6,14.1,22.7,529410.8,88235.1,1764702.6,666.9322247417487,111.15532879818595,2223.1073318216177,16.466666666666665,0.03818990321736848
186,Company_186,Manufacturing,Middle East,2015,3198.6,12.1,4295.3,-1.15,26.7,4.8,64.6,10.7,1119309.8,1492413.1,18655164.0,349.9374101169262,466.58322391046084,5832.290377039955,26.7,
186,Company_186,Manufacturing,Middle East,2016,3311.5,14.0,8063.0,3.5,26.5,7.2,64.9,7.4,1141802.9,1522403.8,19030047.7,344.7993054507021,459.7323871357391,5746.6548995923295,26.500000000000004,0.03529669230288257
186,Company_186,Manufacturing,Middle East,2017,3286.3,11.5,4317.9,-0.8,26.3,6.2,64.5,8.1,1140087.4,1520116.5,19001456.2,346.92127925022055,462.56169552384137,5782.021178833338,26.266666666666666,-0.007609844481352823
186,Company_186,Manufacturing,Middle East,2018,3517.5,13.5,7972.4,7.0,25.2,2.6,64.6,8.4,1247445.4,1663260.5,20790756.1,354.6397725657427,472.85302061122957,5910.662714996447,25.2,0.07035267626205766
186,Company_186,Manufacturing,Middle East,2019,3384.6,13.7,4245.0,-3.8,23.6,0.0,64.1,6.6,1218442.8,1624590.4,20307380.2,359.99609998227265,479.99479997636354,5999.9350587957215,23.566666666666663,-0.0377825159914712
186,Company_186,Manufacturing,Middle East,2020,3982.9,13.9,9782.7,17.7,24.3,2.5,63.9,6.6,1413066.2,1884088.3,23551103.1,354.78324838685376,473.044339551583,5913.054081197118,24.333333333333332,0.1767712580511731
186,Company_186,Manufacturing,Middle East,2021,3991.3,11.0,5491.7,0.2,25.3,4.1,64.3,7.4,1402662.5,1870216.7,23377708.2,351.4299852178488,468.5733219752962,5857.166386891488,25.266666666666666,0.002109016043586376
186,Company_186,Manufacturing,Middle East,2022,3568.8,10.3,5641.8,-10.6,25.8,3.8,64.5,9.0,1256412.4,1675216.5,20940206.2,352.054584173952,469.40610289172827,5867.576272136292,25.766666666666666,-0.1058552351364217
186,Company_186,Manufacturing,Middle East,2023,3513.7,8.7,3066.0,-1.5,25.9,5.9,62.4,9.4,1221032.3,1628043.0,20350538.1,347.50613313601053,463.34149187466204,5791.768819193444,25.900000000000002,-0.015439363371441472
186,Company_186,Manufacturing,Middle East,2024,3280.7,5.4,1454.3,-6.6,28.1,10.7,61.5,12.1,1107472.9,1476630.5,18457881.2,337.5721339957936,450.0961685006249,5626.202091017161,28.099999999999998,-0.06631186498562769
186,Company_186,Manufacturing,Middle East,2025,2602.3,4.0,1343.3,-20.7,28.9,11.6,61.8,13.2,873376.8,1164502.4,14556280.5,335.617261653153,447.4896822042039,5593.621219690273,28.866666666666664,-0.2067851373182551
187,Company_187,Utilities,Africa,2015,1608.1,12.7,2638.5,6.6499999999999995,33.6,48.6,49.8,2.4,1105683.6,691052.3,11056836.3,687.5714196878305,429.7321683974878,6875.714383433867,33.6,
187,Company_187,Utilities,Africa,2016,1689.6,12.4,1790.8,5.1,37.3,52.8,52.2,6.8,1122260.7,701413.0,11222607.2,664.216796875,415.1355350378788,6642.168087121212,37.266666666666666,0.05068092780299738
187,Company_187,Utilities,Africa,2017,1730.0,12.8,1995.8,2.4,37.2,53.3,51.2,7.0,1144579.8,715362.4,11445798.2,661.6068208092486,413.5042774566474,6616.068323699422,37.166666666666664,0.023910984848484862
187,Company_187,Utilities,Africa,2018,2047.8,13.6,4073.9,18.4,39.1,54.9,55.1,7.4,1336812.2,835507.6,13368122.0,652.8040824299247,408.00253931047956,6528.040824299248,39.13333333333333,0.18369942196531786
187,Company_187,Utilities,Africa,2019,2216.2,16.7,4026.4,8.2,40.7,58.5,54.8,8.7,1401918.9,876199.3,14019189.3,632.5777908131035,395.36111361790455,6325.77804349788,40.666666666666664,0.08223459322199433
187,Company_187,Utilities,Africa,2020,2575.5,17.3,6402.0,16.2,41.2,59.5,57.4,6.8,1614048.9,1008780.5,16140488.5,626.69341875364,391.68336245389247,6266.93399339934,41.233333333333334,0.1621243570074904
187,Company_187,Utilities,Africa,2021,2975.4,18.7,8077.0,15.5,40.6,60.4,58.5,2.8,1850406.9,1156504.3,18504069.0,621.9018955434562,388.6886805135444,6219.018955434563,40.56666666666667,0.1552708211997671
187,Company_187,Utilities,Africa,2022,3113.2,20.9,9726.1,4.6,42.2,64.9,58.2,3.3,1856514.4,1160321.5,18565143.8,596.3363741487858,372.71023384299116,5963.363677245279,42.13333333333333,0.04631310075956163
187,Company_187,Utilities,Africa,2023,3552.3,21.1,8160.6,14.1,42.8,68.2,58.3,2.0,2053228.5,1283267.8,20532285.0,577.99974664302,361.24983813304056,5779.9974664302,42.833333333333336,0.1410445843505077
187,Company_187,Utilities,Africa,2024,3720.1,21.4,7768.2,4.7,42.6,67.2,57.9,2.7,2170606.1,1356628.8,21706060.6,583.4805784790732,364.675358189296,5834.8056772667405,42.6,0.04723700137938791
187,Company_187,Utilities,Africa,2025,3806.3,23.3,10536.5,2.3,44.2,71.3,58.9,2.4,2133885.9,1333678.7,21338859.3,560.6194729790084,350.38717389590937,5606.194808606783,44.199999999999996,0.023171420123115016
188,Company_188,Consumer Goods,Oceania,2015,1871.4,11.1,4887.7,14.7,48.9,62.2,55.9,28.5,286109.3,357636.6,1430546.4,152.8851661857433,191.10644437319652,764.4257774927861,48.86666666666667,
188,Company_188,Consumer Goods,Oceania,2016,2223.8,11.0,5859.8,18.8,49.7,63.4,57.6,28.2,336401.6,420501.9,1682007.8,151.27331594567855,189.09159996402553,756.3664897922474,49.73333333333333,0.18830821844608314
188,Company_188,Consumer Goods,Oceania,2017,2831.9,10.9,6955.0,27.3,50.5,64.2,57.6,29.6,425043.5,531304.4,2125217.7,150.09128147180337,187.61411066774957,750.4564779829797,50.46666666666667,0.2734508498965733
188,Company_188,Consumer Goods,Oceania,2018,3158.1,10.3,6707.2,11.5,51.3,65.8,58.8,29.2,467037.1,583796.4,2335185.4,147.88546911117444,184.85684430512018,739.4273138912637,51.26666666666666,0.11518768318090311
188,Company_188,Consumer Goods,Oceania,2019,3602.2,8.6,5187.4,14.1,51.2,66.9,59.8,26.9,527274.8,659093.5,2636374.0,146.37577036255624,182.96971295319528,731.8788518127811,51.199999999999996,0.1406225262024634
188,Company_188,Consumer Goods,Oceania,2020,4268.5,8.5,3719.2,18.5,54.0,71.4,62.6,28.1,598043.4,747554.2,2990216.9,140.1062199836008,175.13276326578423,700.5310764905704,54.03333333333333,0.18497029593026482
188,Company_188,Consumer Goods,Oceania,2021,4362.9,7.1,5901.3,2.2,54.4,71.2,64.6,27.3,612101.4,765126.7,3060506.9,140.29691260400193,175.37112929473517,701.4845400994751,54.366666666666674,0.022115497247276572
188,Company_188,Consumer Goods,Oceania,2022,4436.9,7.5,6836.2,1.7,54.1,72.4,62.6,27.4,615195.8,768994.7,3075979.0,138.65442087944288,173.31801483017423,693.2721043972143,54.13333333333333,0.01696119553507991
188,Company_188,Consumer Goods,Oceania,2023,5552.7,5.8,4812.6,25.1,53.5,71.2,63.1,26.2,779185.8,973982.2,3895928.9,140.32557134367065,175.40695517495993,701.6278387090965,53.5,0.2514818905091394
188,Company_188,Consumer Goods,Oceania,2024,5946.8,6.5,4720.5,7.1,51.8,69.5,62.1,24.0,848912.3,1061140.4,4244561.5,142.75110984058654,178.43889150467476,713.7555492029327,51.86666666666667,0.07097448088317404
188,Company_188,Consumer Goods,Oceania,2025,6856.4,4.6,3816.6,15.3,51.5,71.3,59.6,23.5,961175.8,1201469.8,4805879.1,140.18665772125314,175.23332944402313,700.933303191179,51.46666666666667,0.1529562117441312
189,Company_189,Healthcare,Asia,2015,1831.4,17.2,7828.7,2.35,47.8,60.5,35.2,47.8,142206.1,142206.1,284412.2,77.6488478759419,77.6488478759419,155.2976957518838,47.833333333333336,
189,Company_189,Healthcare,Asia,2016,1771.8,17.8,6128.1,-3.3,47.8,61.6,32.1,49.8,136189.2,136189.2,272378.4,76.86488316965799,76.86488316965799,153.72976633931597,47.833333333333336,-0.032543409413563484
189,Company_189,Healthcare,Asia,2017,1924.3,18.4,8690.3,8.6,47.9,60.7,32.9,50.0,149156.1,149156.1,298312.3,77.51187444785117,77.51187444785117,155.02380086265134,47.86666666666667,0.08607066260300256
189,Company_189,Healthcare,Asia,2018,2091.7,20.2,6025.8,8.7,48.3,62.7,32.9,49.4,159126.9,159126.9,318253.8,76.07539322082518,76.07539322082518,152.15078644165035,48.333333333333336,0.08699267266018795
189,Company_189,Healthcare,Asia,2019,2086.6,17.8,8161.0,-0.2,50.0,64.3,35.1,50.5,156521.4,156521.4,313042.8,75.01265216141091,75.01265216141091,150.02530432282182,49.96666666666667,-0.0024382081560452296
189,Company_189,Healthcare,Asia,2020,2059.9,18.4,5956.1,-1.3,51.7,64.4,38.5,52.3,154316.8,154316.8,308633.5,74.91470459731055,74.91470459731055,149.82936064857518,51.73333333333333,-0.012795935972395145
189,Company_189,Healthcare,Asia,2021,2146.8,13.9,4543.3,4.2,51.0,66.0,36.4,50.5,158383.7,158383.7,316767.5,73.77664430780696,73.77664430780696,147.55333519657162,50.96666666666667,0.0421865139084423
189,Company_189,Healthcare,Asia,2022,2268.1,10.3,5515.2,5.6,50.9,65.1,35.7,51.9,168736.8,168736.8,337473.6,74.39566156695031,74.39566156695031,148.79132313390062,50.9,0.05650270169554683
189,Company_189,Healthcare,Asia,2023,2413.9,10.7,4953.5,6.4,52.2,63.9,41.2,51.5,181771.2,181771.2,363542.4,75.30187663117776,75.30187663117776,150.60375326235553,52.199999999999996,0.06428287994356507
189,Company_189,Healthcare,Asia,2024,2425.3,7.3,3541.5,0.5,52.3,68.5,40.3,48.0,174706.4,174706.4,349412.7,72.03496474662927,72.03496474662927,144.06988826124604,52.26666666666667,0.004722647997017271
189,Company_189,Healthcare,Asia,2025,2345.5,5.5,1323.6,-3.3,52.8,66.2,42.7,49.4,172804.8,172804.8,345609.6,73.67503730547857,73.67503730547857,147.35007461095714,52.76666666666667,-0.032903146002556505
190,Company_190,Technology,North America,2015,2760.2,18.1,11201.0,8.5,69.8,80.5,62.6,66.1,87855.8,52713.5,175711.6,31.82950510832549,19.09771031084704,63.65901021665098,69.73333333333333,
190,Company_190,Technology,North America,2016,2893.4,19.0,11653.6,4.8,71.5,83.9,62.4,68.3,88601.5,53160.9,177202.9,30.62193267436234,18.373159604617406,61.243830787309044,71.53333333333335,0.04825737265415553
190,Company_190,Technology,North America,2017,3356.3,16.8,19439.1,16.0,72.7,83.8,64.5,69.9,102981.1,61788.6,205962.1,30.682924649167237,18.40973691267169,61.36581950362006,72.73333333333333,0.15998479297712032
190,Company_190,Technology,North America,2018,3714.4,17.2,16856.3,10.7,72.6,84.1,64.9,68.8,113484.2,68090.5,226968.4,30.552498384665085,18.331493646349344,61.10499676933017,72.60000000000001,0.10669487232964858
190,Company_190,Technology,North America,2019,3946.7,17.9,14053.3,6.3,72.9,83.4,66.4,68.7,121534.4,72920.7,243068.9,30.793929105328502,18.476372665771404,61.58788354828084,72.83333333333333,0.06254038337281931
190,Company_190,Technology,North America,2020,3840.4,16.2,18295.1,-2.7,75.0,88.7,64.9,71.4,111134.4,66680.6,222268.8,28.938235600458285,17.36293094469326,57.87647120091657,75.00000000000001,-0.0269338941394075
190,Company_190,Technology,North America,2021,4140.3,14.0,19771.7,7.8,74.1,88.3,62.6,71.5,120522.6,72313.5,241045.1,29.10962973697558,17.465763350481847,58.219235321111995,74.13333333333334,0.07809082387251332
190,Company_190,Technology,North America,2022,4379.1,16.5,14672.0,5.8,73.9,89.0,62.6,70.1,126285.0,75771.0,252569.9,28.838117421387953,17.30287045283277,57.6762120070334,73.89999999999999,0.05767697992899068
190,Company_190,Technology,North America,2023,5003.8,22.1,35398.4,14.3,74.3,89.0,64.4,69.4,144316.1,86589.6,288632.1,28.84130061153523,17.304768376034215,57.68258123825892,74.26666666666667,0.14265488342353438
190,Company_190,Technology,North America,2024,5872.5,19.3,26807.8,17.4,74.4,90.7,63.7,68.8,165896.3,99537.8,331792.6,28.249689229459342,16.949816943380164,56.499378458918684,74.39999999999999,0.1736080578760142
190,Company_190,Technology,North America,2025,6410.6,22.8,28719.0,9.2,71.8,89.2,59.1,67.2,184547.4,110728.5,369094.9,28.787851371166504,17.272720182198235,57.575718341496895,71.83333333333333,0.09163048105576843
191,Company_191,Manufacturing,Oceania,2015,465.1,9.4,478.3,8.3,36.8,2.8,78.4,29.3,164660.1,219546.7,2744334.2,354.0316061062137,472.0419264674264,5900.525048376693,36.833333333333336,
191,Company_191,Manufacturing,Oceania,2016,486.5,6.4,466.1,4.6,38.5,4.1,80.9,30.5,170941.7,227922.3,2849028.1,351.37040082219943,468.49393627954777,5856.17286742035,38.5,0.046011610406364145
191,Company_191,Manufacturing,Oceania,2017,531.6,7.3,619.5,9.3,38.9,2.8,84.9,29.1,188238.5,250984.7,3137309.1,354.09800601956357,472.13073739653873,5901.634875846501,38.93333333333334,0.0927029804727646
191,Company_191,Manufacturing,Oceania,2018,622.0,4.9,245.6,17.0,39.3,3.7,84.6,29.5,219094.7,292126.3,3651578.8,352.2422829581994,469.6564308681672,5870.705466237941,39.266666666666666,0.17005267118133927
191,Company_191,Manufacturing,Oceania,2019,667.2,3.5,441.1,7.3,39.7,5.9,84.6,28.6,231895.4,309193.8,3864923.0,347.5650479616307,463.4199640287769,5792.750299760191,39.699999999999996,0.0726688102893891
191,Company_191,Manufacturing,Oceania,2020,752.0,4.1,355.3,12.7,40.4,5.4,86.5,29.2,262151.7,349535.6,4369195.2,348.6059840425532,464.80797872340423,5810.1,40.36666666666667,0.12709832134292554
191,Company_191,Manufacturing,Oceania,2021,827.0,4.4,491.6,10.0,42.9,8.0,87.5,33.2,283744.0,378325.3,4729066.8,343.10036275695285,457.4671100362757,5718.339540507859,42.9,0.0997340425531914
191,Company_191,Manufacturing,Oceania,2022,949.2,6.0,523.4,14.8,42.1,9.8,86.0,30.4,322263.6,429684.7,5371059.4,339.5107458912768,452.6808891698272,5658.511799410029,42.06666666666666,0.14776299879081023
191,Company_191,Manufacturing,Oceania,2023,971.5,6.9,760.4,2.3,44.0,9.4,90.0,32.6,330518.3,440691.0,5508637.9,340.2144107050952,453.6191456510551,5670.23973237262,44.0,0.023493468183733546
191,Company_191,Manufacturing,Oceania,2024,1010.4,7.9,934.5,4.0,43.5,11.5,88.1,30.9,339405.5,452540.6,5656757.6,335.9120150435471,447.88262074425967,5598.53285827395,43.5,0.040041173443129185
191,Company_191,Manufacturing,Oceania,2025,1004.8,8.4,1246.5,-0.6,44.5,12.9,88.1,32.5,334480.9,445974.5,5574681.8,332.8830613057325,443.844048566879,5548.051154458599,44.5,-0.005542359461599422
192,Company_192,Consumer Goods,Asia,2015,238.0,12.5,505.4,11.350000000000001,80.9,61.7,90.1,91.0,36551.5,45689.3,182757.3,153.57773109243698,191.9718487394958,767.8878151260503,80.93333333333334,
192,Company_192,Consumer Goods,Asia,2016,269.8,15.7,466.0,13.4,81.5,64.4,90.0,89.9,40404.3,50505.4,202021.7,149.75648628613789,187.1957005189029,748.7831727205337,81.43333333333334,0.13361344537815123
192,Company_192,Consumer Goods,Asia,2017,320.9,15.6,771.7,19.0,83.1,65.1,93.3,90.8,47789.6,59736.9,238947.8,148.92365222810844,186.15425366157683,744.6176378934248,83.06666666666666,0.1893995552260932
192,Company_192,Consumer Goods,Asia,2018,353.9,17.9,1040.1,10.3,83.7,64.9,94.2,91.9,52769.7,65962.1,263848.4,149.10907035885845,186.38626730714893,745.5450692285957,83.66666666666667,0.10283577438454339
192,Company_192,Consumer Goods,Asia,2019,433.1,18.2,1006.3,22.4,84.1,63.1,97.5,91.8,65654.2,82067.8,328271.1,151.59131840221656,189.48926344954975,757.9568229046408,84.13333333333333,0.22379203164735806
192,Company_192,Consumer Goods,Asia,2020,455.7,18.0,1708.9,5.2,82.8,65.3,96.4,86.8,67696.6,84620.7,338482.9,148.55518981786264,185.6938775510204,742.7757296466974,82.83333333333333,0.05218194412375876
192,Company_192,Consumer Goods,Asia,2021,477.9,18.9,947.6,4.9,84.2,67.9,98.3,86.5,69287.3,86609.2,346436.7,144.98284159866083,181.22870893492362,724.9146264908977,84.23333333333333,0.04871626069782753
192,Company_192,Consumer Goods,Asia,2022,537.2,18.2,2042.1,12.4,86.8,71.6,100.0,88.9,75107.2,93883.9,375535.8,139.81236038719283,174.7652643335815,699.0614296351451,86.83333333333333,0.12408453651391516
192,Company_192,Consumer Goods,Asia,2023,638.0,19.1,1959.0,18.8,87.9,74.7,100.0,88.9,86388.2,107985.2,431941.0,135.40470219435736,169.25579937304076,677.0235109717868,87.86666666666667,0.18763961280714803
192,Company_192,Consumer Goods,Asia,2024,701.8,20.4,2163.3,10.0,88.8,76.0,100.0,90.5,93788.3,117235.4,468941.5,133.63964092333998,167.0495867768595,668.1982046167,88.83333333333333,0.09999999999999987
192,Company_192,Consumer Goods,Asia,2025,744.9,18.8,3237.5,6.1,89.8,78.3,100.0,91.1,97105.5,121381.9,485527.7,130.36045106725734,162.95059739562356,651.8025238287019,89.8,0.061413508121972216
193,Company_193,Manufacturing,Asia,2015,1453.2,4.4,750.7,7.8500000000000005,37.3,45.5,45.5,20.8,384279.7,512372.9,6404661.5,264.4368978805395,352.5825075695018,4407.2815166529035,37.266666666666666,
193,Company_193,Manufacturing,Asia,2016,1581.6,6.5,1607.1,8.8,39.3,49.0,45.7,23.3,406760.4,542347.2,6779340.5,257.1828528072838,342.91047040971165,4286.381196256955,39.333333333333336,0.08835672997522703
193,Company_193,Manufacturing,Asia,2017,1877.6,7.6,1418.2,18.7,40.3,50.6,45.4,24.9,476314.6,635086.1,7938575.9,253.68268001704303,338.24355560289735,4228.044258628036,40.300000000000004,0.1871522508851795
193,Company_193,Manufacturing,Asia,2018,2224.3,8.5,3887.6,18.5,38.2,50.0,42.3,22.3,567388.6,756518.1,9456476.1,255.08636424942677,340.1151373465809,4251.439149395314,38.199999999999996,0.18465061780997027
193,Company_193,Manufacturing,Asia,2019,2331.1,8.3,3948.9,4.8,40.6,54.0,43.8,24.0,574991.9,766655.8,9583197.7,246.66118999613917,328.8815580627172,4111.01956158037,40.6,0.04801510587600588
193,Company_193,Manufacturing,Asia,2020,2394.1,10.1,4752.5,2.7,42.4,55.5,45.0,26.7,582727.8,776970.4,9712130.1,243.40161229689656,324.5354830625287,4056.6935800509586,42.4,0.02702586761614678
193,Company_193,Manufacturing,Asia,2021,2558.9,9.7,4355.4,6.9,41.8,55.8,41.4,28.3,621540.6,828720.8,10359010.2,242.8936652467857,323.85822032904764,4048.227832271679,41.83333333333333,0.06883588822522047
193,Company_193,Manufacturing,Asia,2022,2906.8,9.2,3609.8,13.6,42.0,59.3,40.6,26.2,684317.5,912423.3,11405291.1,235.41953350763725,313.89269987615245,3923.658696848768,42.03333333333334,0.13595685646176103
193,Company_193,Manufacturing,Asia,2023,2996.3,9.8,3783.6,3.1,45.5,63.7,46.0,27.0,677881.6,903842.1,11298025.9,226.23956212662281,301.652738377332,3770.659112905917,45.56666666666666,0.03078987202421901
193,Company_193,Manufacturing,Asia,2024,3155.3,13.4,4058.9,5.3,43.6,61.8,44.9,24.0,726391.0,968521.3,12106516.0,230.21297499445376,306.9506227617025,3836.8827052895126,43.56666666666666,0.05306544738510821
193,Company_193,Manufacturing,Asia,2025,3522.6,10.4,3351.8,11.6,43.6,62.9,44.2,23.8,803163.0,1070884.1,13386050.8,228.00289558848579,304.00388917277013,3800.048486913076,43.63333333333333,0.11640731467689269
194,Company_194,Manufacturing,Oceania,2015,1247.1,9.1,2214.5,0.1499999999999999,82.5,73.7,80.3,93.5,255815.7,341087.6,4263594.9,205.12845802261248,273.5046106968166,3418.8075535241765,82.5,
194,Company_194,Manufacturing,Oceania,2016,1321.0,7.4,1967.9,5.9,83.1,74.2,81.6,93.4,269815.0,359753.4,4496917.3,204.25056775170324,272.33414080242244,3404.1766086298258,83.06666666666668,0.05925747734744613
194,Company_194,Manufacturing,Oceania,2017,1353.3,10.1,1681.3,2.4,82.7,73.3,81.9,92.9,278864.7,371819.7,4647745.7,206.06273553535803,274.7503879405897,3434.37944284342,82.7,0.024451173353519984
194,Company_194,Manufacturing,Oceania,2018,1253.2,13.1,2764.4,-7.4,84.6,76.8,84.1,93.1,249068.1,332090.7,4151134.2,198.74569103096073,264.9941749122247,3312.427545483562,84.66666666666666,-0.07396733909702202
194,Company_194,Manufacturing,Oceania,2019,1296.8,11.9,2162.2,3.5,84.9,75.9,86.7,92.2,260036.3,346715.1,4333938.8,200.52151449722393,267.3620450339297,3342.0256014805677,84.93333333333334,0.03479093520587284
194,Company_194,Manufacturing,Oceania,2020,1363.2,14.1,3714.7,5.1,87.0,78.3,89.3,93.3,266591.2,355454.9,4443186.3,195.56279342723005,260.75036678403757,3259.379621478873,86.96666666666665,0.05120296113510192
194,Company_194,Manufacturing,Oceania,2021,1334.1,10.6,1718.9,-2.1,88.3,79.9,90.7,94.3,256308.3,341744.4,4271805.5,192.1207555655498,256.1610074207331,3202.0129675436624,88.30000000000001,-0.02134683098591561
194,Company_194,Manufacturing,Oceania,2022,1246.8,7.1,1516.2,-6.5,88.8,82.5,90.5,93.4,232770.1,310360.1,3879501.3,186.69401668270774,248.9253288418351,3111.5666506256016,88.8,-0.0654373735102316
194,Company_194,Manufacturing,Oceania,2023,1155.9,5.4,1301.3,-7.3,90.0,84.5,93.9,91.7,210935.7,281247.6,3515595.1,182.48611471580585,243.31481962107443,3041.435331776105,90.03333333333335,-0.07290664100096234
194,Company_194,Manufacturing,Oceania,2024,1084.5,3.5,607.6,-6.2,92.4,88.5,95.1,93.7,188773.1,251697.4,3146218.0,174.06463808206547,232.08612263715997,2901.0769940064547,92.43333333333334,-0.061770049312224296
194,Company_194,Manufacturing,Oceania,2025,1137.5,5.9,1124.3,4.9,92.8,89.3,95.4,93.7,196209.4,261612.5,3270156.2,172.49178021978022,229.98901098901098,2874.8625934065935,92.8,0.04887044721069622
195,Company_195,Transportation,Middle East,2015,1053.9,13.7,2510.2,3.8,22.8,17.3,10.5,40.5,682072.6,113678.8,2273575.3,647.1891071259132,107.86488281620646,2157.2969921244894,22.766666666666666,
195,Company_195,Transportation,Middle East,2016,1135.6,13.5,2581.7,7.8,23.5,15.7,12.4,42.3,742538.8,123756.5,2475129.3,653.8735470235999,108.97895385699191,2179.578460725608,23.46666666666667,0.07752158648828145
195,Company_195,Transportation,Middle East,2017,1131.8,12.1,2057.6,-0.3,24.6,15.0,15.2,43.4,743451.2,123908.5,2478170.6,656.8750662661247,109.4791482594098,2189.583495317194,24.53333333333333,-0.0033462486791123736
195,Company_195,Transportation,Middle East,2018,1138.3,9.9,1102.3,0.6,24.3,15.0,17.4,40.6,747832.4,124638.7,2492774.8,656.9730299569534,109.4954757093912,2189.9102169902485,24.333333333333332,0.005743064145608656
195,Company_195,Transportation,Middle East,2019,1198.0,9.9,1084.7,5.2,24.9,17.9,15.4,41.3,772240.8,128706.8,2574136.1,644.608347245409,107.4347245409015,2148.694574290484,24.866666666666664,0.05244663094087687
195,Company_195,Transportation,Middle East,2020,1168.9,9.2,1085.8,-2.4,25.1,18.3,16.2,40.9,751990.6,125331.8,2506635.3,643.3318504576952,107.22200359312173,2144.4394730088115,25.133333333333336,-0.024290484140233604
195,Company_195,Transportation,Middle East,2021,1365.2,8.9,1113.4,16.8,24.4,18.4,15.1,39.8,877617.5,146269.6,2925391.6,642.849033108702,107.14151772634047,2142.830061529446,24.433333333333334,0.16793566601077936
195,Company_195,Transportation,Middle East,2022,1567.5,4.7,667.0,14.8,25.1,17.8,15.8,41.7,1011125.8,168521.0,3370419.4,645.056331738437,107.50940988835725,2150.1878149920253,25.100000000000005,0.1481834163492528
195,Company_195,Transportation,Middle East,2023,1741.6,7.6,1872.4,11.1,25.3,19.3,14.9,41.7,1112502.6,185417.1,3708342.0,638.7819246669729,106.46365411116216,2129.273082223243,25.3,0.11106858054226465
195,Company_195,Transportation,Middle East,2024,1663.4,10.7,2894.1,-4.5,26.0,21.5,13.6,43.0,1047523.2,174587.2,3491744.1,629.748226523987,104.95803775399784,2099.1608151977875,26.03333333333333,-0.04490124023886066
195,Company_195,Transportation,Middle East,2025,1703.0,10.4,2952.7,2.4,26.2,22.4,12.3,43.9,1066045.8,177674.3,3553485.8,625.9810921902525,104.33018203170874,2086.603523194363,26.2,0.023806661055669087
196,Company_196,Healthcare,Oceania,2015,4947.2,7.8,4113.4,6.85,51.1,73.3,49.2,30.8,339940.4,339940.4,679880.8,68.71369663648125,68.71369663648125,137.4273932729625,51.1,
196,Company_196,Healthcare,Oceania,2016,4836.6,6.0,3298.0,-2.2,53.6,76.3,49.9,34.7,322222.6,322222.6,644445.2,66.62171773559938,66.62171773559938,133.24343547119875,53.633333333333326,-0.02235608020698565
196,Company_196,Healthcare,Oceania,2017,5218.2,4.9,3785.8,7.9,52.3,73.6,50.0,33.4,357240.6,357240.6,714481.3,68.4605036219386,68.4605036219386,136.9210264075735,52.333333333333336,0.07889839970227008
196,Company_196,Healthcare,Oceania,2018,5373.3,8.4,8883.3,3.0,52.8,73.1,52.7,32.7,369911.6,369911.6,739823.2,68.84253624402136,68.84253624402136,137.68507248804272,52.833333333333336,0.029722892951592472
196,Company_196,Healthcare,Oceania,2019,6194.8,6.3,5076.1,15.3,53.6,72.6,54.3,33.8,428425.4,428425.4,856850.8,69.15887518563957,69.15887518563957,138.31775037127915,53.56666666666666,0.15288556380622698
196,Company_196,Healthcare,Oceania,2020,6553.9,6.0,5801.1,5.8,55.5,71.2,57.7,37.6,459746.5,459746.5,919492.9,70.14853751201575,70.14853751201575,140.2970597659409,55.5,0.05796797313876145
196,Company_196,Healthcare,Oceania,2021,7180.1,5.4,8302.7,9.6,57.1,71.9,60.0,39.3,500434.9,500434.9,1000869.7,69.69748332195931,69.69748332195931,139.39495271653595,57.06666666666666,0.09554616335311805
196,Company_196,Healthcare,Oceania,2022,7986.7,4.9,4647.8,11.2,57.8,74.1,62.6,36.6,544182.1,544182.1,1088364.3,68.13603866427937,68.13603866427937,136.2720898493746,57.76666666666666,0.11233826826924398
196,Company_196,Healthcare,Oceania,2023,8304.8,4.5,6319.8,4.0,59.7,74.2,65.3,39.8,565495.0,565495.0,1130990.0,68.09254888739044,68.09254888739044,136.18509777478087,59.76666666666667,0.03982871523908482
196,Company_196,Healthcare,Oceania,2024,8749.0,-0.7,30780.2,5.3,60.7,76.9,65.7,39.4,578892.7,578892.7,1157785.5,66.16672762601439,66.16672762601439,132.33346668190651,60.66666666666668,0.053487139967247854
196,Company_196,Healthcare,Oceania,2025,9441.1,0.0,72.5,7.9,63.0,77.0,70.0,42.1,624282.7,624282.7,1248565.3,66.12393682939488,66.12393682939488,132.24786306680366,63.03333333333333,0.07910618356383581
197,Company_197,Energy,Latin America,2015,5503.7,21.9,19196.9,-1.4500000000000002,14.6,16.8,7.2,19.6,5956295.7,1786888.7,59562957.5,1082.2348056761816,324.67043988589495,10822.34814760979,14.533333333333333,
197,Company_197,Energy,Latin America,2016,5060.4,13.7,8480.8,-8.1,17.3,20.5,8.4,22.9,5345102.8,1603530.8,53451027.8,1056.2609279898822,316.87827049245124,10562.609240376256,17.266666666666666,-0.08054581463379185
197,Company_197,Energy,Latin America,2017,4722.8,14.8,6036.2,-6.7,18.1,20.6,10.8,22.9,4984650.1,1495395.0,49846500.8,1055.4438256966205,316.6331413568222,10554.438214618445,18.099999999999998,-0.06671409374752979
197,Company_197,Energy,Latin America,2018,5437.4,14.4,14034.5,15.1,18.4,21.9,9.7,23.7,5692247.1,1707674.1,56922470.6,1046.8692941479383,314.0607827270387,10468.692867914813,18.433333333333334,0.15130854577792818
197,Company_197,Energy,Latin America,2019,5886.4,18.7,11695.2,8.3,18.1,25.9,6.9,21.3,5996055.3,1798816.6,59960552.9,1018.6285845338407,305.58857705898345,10186.285828350095,18.03333333333333,0.08257623128701219
197,Company_197,Energy,Latin America,2020,4684.1,22.5,8570.5,-20.4,19.1,28.6,10.1,18.6,4682321.7,1404696.5,46823217.0,999.6203539634081,299.88610405414056,9996.20353963408,19.1,-0.20425047567273702
197,Company_197,Energy,Latin America,2021,5002.8,21.3,13948.0,6.8,19.4,31.2,8.7,18.3,4909195.2,1472758.6,49091951.8,981.2895178699928,294.38686335652034,9812.895138722315,19.400000000000002,0.0680386840588374
197,Company_197,Energy,Latin America,2022,4246.2,14.6,8279.9,-15.1,19.2,31.7,9.6,16.4,4152137.4,1245641.2,41521374.1,977.8478168715558,293.35434035137297,9778.478192266028,19.23333333333333,-0.15123530822739273
197,Company_197,Energy,Latin America,2023,3755.4,15.5,10717.6,-11.6,18.8,31.6,8.8,16.1,3675227.2,1102568.2,36752272.5,978.651328753262,293.59540927730734,9786.51342067423,18.833333333333336,-0.11558570015543301
197,Company_197,Energy,Latin America,2024,4212.5,10.0,7460.4,12.2,19.1,32.6,7.3,17.2,4093113.8,1227934.1,40931138.2,971.65906231454,291.4977091988131,9716.590670623145,19.03333333333333,0.12171805932790103
197,Company_197,Energy,Latin America,2025,4374.2,7.6,4955.0,3.8,19.1,33.1,6.2,18.0,4236367.4,1270910.2,42363673.9,968.4896438205844,290.5468885739107,9684.89641534452,19.1,0.03838575667655775
198,Company_198,Manufacturing,North America,2015,409.3,12.4,813.7,-0.25,42.6,27.6,31.4,68.9,123622.2,164829.6,2060369.4,302.03322746151963,402.7109699486929,5033.885658441241,42.63333333333333,
198,Company_198,Manufacturing,North America,2016,484.8,12.7,937.2,18.5,43.9,29.4,30.3,72.1,144630.9,192841.3,2410515.8,298.3310643564356,397.7749587458745,4972.18605610561,43.93333333333334,0.18446127534815537
198,Company_198,Manufacturing,North America,2017,461.0,17.0,1470.8,-4.9,46.5,27.8,34.5,77.1,139026.6,185368.9,2317110.8,301.5761388286334,402.10173535791756,5026.27071583514,46.46666666666666,-0.04909240924092406
198,Company_198,Manufacturing,North America,2018,459.6,15.0,1076.0,-0.3,48.7,30.7,34.8,80.5,135857.7,181143.5,2264294.2,295.59986945169715,394.1329416884247,4926.662750217581,48.666666666666664,-0.0030368763557483414
198,Company_198,Manufacturing,North America,2019,434.6,11.5,639.9,-5.4,48.5,30.6,34.9,79.9,128557.6,171410.2,2142627.3,295.8067188219052,394.4091118269673,4930.113437643809,48.46666666666667,-0.054395126196692734
198,Company_198,Manufacturing,North America,2020,459.7,11.4,647.7,5.8,49.2,31.2,35.9,80.6,135387.5,180516.6,2256457.9,294.5127256906678,392.68348923210795,4908.544485534044,49.23333333333333,0.057754256787850844
198,Company_198,Manufacturing,North America,2021,414.7,10.6,488.7,-9.8,48.3,32.4,32.5,80.1,121057.4,161409.9,2017623.4,291.9156016397396,389.22088256571016,4865.260188087775,48.333333333333336,-0.09788992821405262
198,Company_198,Manufacturing,North America,2022,422.4,15.2,659.2,1.8,49.8,32.8,34.2,82.3,122961.8,163949.1,2049363.8,291.10274621212125,388.1370738636364,4851.713541666667,49.76666666666667,0.018567639257294433
198,Company_198,Manufacturing,North America,2023,450.9,15.2,1141.4,6.8,50.9,34.9,37.2,80.5,129268.8,172358.4,2154479.8,286.6906187624751,382.25415834996676,4778.176535817254,50.86666666666667,0.06747159090909083
198,Company_198,Manufacturing,North America,2024,370.7,11.7,867.0,-17.8,50.8,35.9,40.0,76.5,105458.4,140611.1,1757639.2,284.4844888049636,379.3123819800378,4741.405988670083,50.800000000000004,-0.17786648924373472
198,Company_198,Manufacturing,North America,2025,370.0,16.0,1245.0,-0.2,53.3,38.6,41.8,79.4,103178.6,137571.5,1719643.8,278.8610810810811,371.8148648648649,4647.6859459459465,53.26666666666667,-0.0018883193957377475
199,Company_199,Retail,Latin America,2015,504.8,4.0,465.9,3.0,56.9,50.4,59.2,61.1,42775.2,21387.6,85550.3,84.73692551505546,42.36846275752773,169.4736529318542,56.9,
199,Company_199,Retail,Latin America,2016,495.9,5.7,332.8,-1.7,57.6,49.3,60.7,62.9,42411.3,21205.6,84822.5,85.52389594676347,42.761847146602136,171.04759023996775,57.63333333333333,-0.01763074484944538
199,Company_199,Retail,Latin America,2017,536.7,4.5,479.4,8.2,57.9,48.8,62.4,62.4,46079.6,23039.8,92159.2,85.85727594559343,42.928637972796714,171.71455189118686,57.86666666666667,0.08227465214761054
199,Company_199,Retail,Latin America,2018,534.7,6.3,705.8,-0.4,56.7,48.7,61.0,60.5,45949.6,22974.8,91899.3,85.9352908172807,42.96764540864035,171.87076865532075,56.73333333333333,-0.0037264766163592755
199,Company_199,Retail,Latin America,2019,520.1,6.4,656.9,-2.7,56.9,51.9,58.6,60.3,43532.0,21766.0,87064.0,83.69928859834647,41.849644299173235,167.39857719669294,56.93333333333334,-0.027305030858425283
199,Company_199,Retail,Latin America,2020,554.3,6.5,860.5,6.6,57.5,54.4,60.1,58.2,45409.0,22704.5,90818.0,81.9213422334476,40.9606711167238,163.8426844668952,57.56666666666666,0.06575658527206296
199,Company_199,Retail,Latin America,2021,631.4,5.8,696.7,13.9,57.9,57.1,60.5,56.1,50516.7,25258.3,101033.4,80.00744377573646,40.00364269876465,160.01488755147292,57.9,0.13909435323831865
199,Company_199,Retail,Latin America,2022,631.0,8.2,854.6,-0.1,59.9,60.9,62.2,56.6,48820.1,24410.0,97640.2,77.36941362916006,38.68462757527734,154.73882725832013,59.9,-0.0006335128286347746
199,Company_199,Retail,Latin America,2023,631.9,8.6,720.1,0.1,61.3,61.4,63.8,58.8,48666.3,24333.2,97332.7,77.01582528881153,38.50799177084982,154.03180883051115,61.333333333333336,0.0014263074484943683
199,Company_199,Retail,Latin America,2024,701.8,9.3,1268.8,11.1,61.6,58.8,66.9,59.2,55326.6,27663.3,110653.2,78.83528070675406,39.41764035337703,157.67056141350812,61.63333333333333,0.11061876879253041
199,Company_199,Retail,Latin America,2025,743.0,9.7,1588.1,5.9,60.5,55.0,66.9,59.6,60536.9,30268.4,121073.7,81.47631224764469,40.73808882907134,162.95248990578733,60.5,0.05870618409803363
200,Company_200,Consumer Goods,Asia,2015,2942.8,12.5,8364.8,8.4,42.9,26.5,68.4,33.7,597142.7,746428.4,2985713.4,202.91650808753565,253.64564360473017,1014.5825064564359,42.866666666666674,
200,Company_200,Consumer Goods,Asia,2016,2731.8,14.5,7373.8,-7.2,44.2,28.4,67.7,36.3,546898.4,683623.0,2734491.9,200.19708617029065,250.2463577128633,1000.9853942455522,44.133333333333326,-0.07170042136740518
200,Company_200,Consumer Goods,Asia,2017,2611.0,16.4,5055.1,-4.4,45.1,27.9,67.5,39.9,524815.0,656018.8,2624075.2,201.00153198008425,251.2519341248564,1005.0077364994256,45.1,-0.04421992825243437
200,Company_200,Consumer Goods,Asia,2018,2846.9,17.7,7886.0,9.0,46.5,28.3,69.1,42.3,570485.7,713107.1,2852428.4,200.38838736871682,250.48547542941444,1001.9419017176577,46.56666666666666,0.09034852546916894
200,Company_200,Consumer Goods,Asia,2019,2809.3,18.5,7869.6,-1.3,47.5,30.4,71.1,41.1,554639.2,693299.0,2773196.1,197.4296799914569,246.78709998932118,987.1484355533406,47.53333333333333,-0.013207348343812542
200,Company_200,Consumer Goods,Asia,2020,3386.2,17.4,13427.3,20.5,46.6,27.3,72.5,40.1,683149.8,853937.3,3415749.1,201.745260173646,252.18158998287169,1008.7263303998583,46.63333333333333,0.2053536468159327
200,Company_200,Consumer Goods,Asia,2021,3807.9,17.1,15839.1,12.5,46.1,27.3,72.2,38.6,768426.0,960532.4,3842129.8,201.79784132986686,252.24727540113975,1008.9891541269466,46.03333333333333,0.12453487685310982
200,Company_200,Consumer Goods,Asia,2022,4375.3,15.6,11368.4,14.9,48.5,29.7,74.3,41.5,868054.6,1085068.2,4340272.9,198.3988755056796,247.99858295431167,991.9943546728225,48.5,0.14900601381338796
200,Company_200,Consumer Goods,Asia,2023,4716.6,14.7,14722.6,7.8,49.6,29.9,75.3,43.5,934574.8,1168218.5,4672874.1,198.14586778611712,247.68233473264638,990.7293601322986,49.56666666666666,0.07800607958311434
200,Company_200,Consumer Goods,Asia,2024,5610.5,13.9,11658.2,19.0,52.5,33.4,77.0,47.3,1084561.8,1355702.2,5422808.8,193.3092950717405,241.6366099278139,966.5464397112556,52.56666666666666,0.1895221133867615
200,Company_200,Consumer Goods,Asia,2025,5837.6,14.1,12058.7,4.0,54.0,34.8,79.2,48.0,1116625.4,1395781.8,5583127.1,191.28158832396872,239.1019939701247,956.4079587501711,54.0,0.04047767578647177
201,Company_201,Utilities,Europe,2015,1432.7,8.0,959.4,5.75,59.7,6.9,78.8,93.6,1320370.7,825231.7,13203707.3,921.5960773364975,575.9975570600963,9215.960982759825,59.76666666666667,
201,Company_201,Utilities,Europe,2016,1602.6,9.9,2209.6,11.9,60.9,5.8,82.0,95.0,1486290.8,928931.8,14862908.4,927.4246848870586,579.6404592537128,9274.247098464995,60.93333333333334,0.11858728275284425
201,Company_201,Utilities,Europe,2017,1702.6,12.3,2124.6,6.2,61.9,5.2,83.9,96.7,1584611.9,990382.5,15846119.3,930.7012216609891,581.6883002466816,9307.012392810995,61.93333333333334,0.06239860227130922
201,Company_201,Utilities,Europe,2018,1825.7,12.1,2062.5,7.2,63.4,8.9,84.9,96.4,1662053.4,1038783.4,16620533.7,910.3650106808346,568.9781453688996,9103.649942487813,63.400000000000006,0.07230118642076833
201,Company_201,Utilities,Europe,2019,1922.5,13.3,2302.6,5.3,64.9,13.8,82.6,98.3,1696780.9,1060488.1,16967808.8,882.590845253576,551.6192977893369,8825.908348504552,64.89999999999999,0.05302075916086979
201,Company_201,Utilities,Europe,2020,2097.4,15.9,4740.5,9.1,67.0,16.3,85.7,98.9,1822365.2,1138978.2,18223651.7,868.8686945742347,543.0429102698579,8688.686802708115,66.96666666666667,0.09097529258777648
201,Company_201,Utilities,Europe,2021,1895.1,13.3,2469.4,-9.6,68.7,18.2,88.5,99.4,1626536.2,1016585.1,16265362.3,858.2851564561237,536.4282095931613,8582.85172286423,68.7,-0.09645275102507878
201,Company_201,Utilities,Europe,2022,1849.7,13.0,2138.5,-2.4,68.7,18.4,88.4,99.4,1584857.2,990535.7,15848571.8,856.8185111099097,535.511542412283,8568.185002973456,68.73333333333333,-0.023956519444884083
201,Company_201,Utilities,Europe,2023,2026.6,12.8,3310.7,9.6,71.0,22.4,90.6,100.0,1691020.5,1056887.8,16910205.4,834.4125629132537,521.5078456528175,8344.12582650745,71.0,0.09563713034546129
201,Company_201,Utilities,Europe,2024,2131.4,10.2,3071.8,5.2,72.3,24.0,92.9,100.0,1759813.5,1099883.4,17598134.9,825.6608332551374,516.0380031903912,8256.608285633854,72.3,0.05171222737590053
201,Company_201,Utilities,Europe,2025,2181.4,9.5,3021.2,2.3,74.7,28.9,95.1,100.0,1741097.5,1088185.9,17410974.7,798.1560007334739,498.8474832676262,7981.5598698083795,74.66666666666667,0.023458759500797566
202,Company_202,Utilities,Latin America,2015,1375.4,3.5,646.9,-0.19999999999999996,38.1,48.9,33.9,31.7,943917.4,589948.4,9439173.7,686.2857350588919,428.9286025883379,6862.857132470553,38.166666666666664,
202,Company_202,Utilities,Latin America,2016,1340.4,3.9,741.1,-2.5,39.8,53.4,31.9,34.1,886145.6,553841.0,8861455.5,661.105341689048,413.190838555655,6611.053043867501,39.800000000000004,-0.02544714264941106
202,Company_202,Utilities,Latin America,2017,1314.2,2.5,435.6,-2.0,39.8,57.0,31.7,30.8,842095.8,526309.9,8420957.9,640.766854360067,400.47930299802164,6407.668467508751,39.833333333333336,-0.019546404058490063
202,Company_202,Utilities,Latin America,2018,1673.2,2.3,388.5,27.3,41.6,60.4,34.9,29.4,1040566.5,650354.1,10405665.5,621.9020439875687,388.68879990437483,6219.020738704279,41.56666666666666,0.2731699893471313
202,Company_202,Utilities,Latin America,2019,1731.1,-1.0,4690.7,3.5,42.5,60.7,35.3,31.5,1073670.5,671044.1,10736705.2,620.2244237767893,387.64028652302005,6202.244353301369,42.5,0.03460435094429837
202,Company_202,Utilities,Latin America,2020,1758.9,-1.4,7375.0,1.6,44.1,61.8,38.9,31.6,1079657.5,674786.0,10796575.4,613.8254022400364,383.64091193359485,6138.254249815225,44.099999999999994,0.016059153139622362
202,Company_202,Utilities,Latin America,2021,1559.3,0.6,113.1,-11.3,45.8,64.8,41.6,31.0,930681.1,581675.7,9306810.7,596.8582697364202,373.0364266016802,5968.582504970179,45.800000000000004,-0.11348001591904033
202,Company_202,Utilities,Latin America,2022,1614.9,0.6,114.1,3.6,47.2,66.2,41.1,34.1,951262.4,594539.0,9512624.0,589.0534398414762,368.15839990092263,5890.534398414762,47.13333333333333,0.03565702558840522
202,Company_202,Utilities,Latin America,2023,1542.0,-0.1,5051.5,-4.5,48.2,67.2,43.1,34.3,899787.5,562367.2,8997875.4,583.5197795071336,364.69987029831384,5835.198054474708,48.20000000000001,-0.04514211406279034
202,Company_202,Utilities,Latin America,2024,1804.4,-0.1,2679.4,17.0,51.3,69.8,45.5,38.6,1026690.9,641681.8,10266909.4,568.9929616493017,355.62059410330306,5689.929838173354,51.300000000000004,0.17016861219195856
202,Company_202,Utilities,Latin America,2025,1757.2,-0.4,8328.3,-2.6,51.6,69.1,46.6,39.1,1006584.4,629115.3,10065844.5,572.8342818119736,358.0214545868427,5728.343102663328,51.599999999999994,-0.026158279760585268
203,Company_203,Energy,Oceania,2015,7363.5,26.4,27235.7,-7.8,49.5,25.6,83.9,38.8,7515170.9,2254551.3,75151708.8,1020.5976641542745,306.1793033204318,10205.976614381747,49.43333333333334,
203,Company_203,Energy,Oceania,2016,6528.2,19.2,17615.2,-11.3,51.8,32.3,86.0,37.1,6358929.2,1907678.8,63589291.8,974.070831163261,292.22125547624154,9740.708280996292,51.800000000000004,-0.1134379031710464
203,Company_203,Energy,Oceania,2017,5475.8,26.1,26554.0,-16.1,54.1,36.0,88.4,38.0,5191853.9,1557556.2,51918539.2,948.1452755761716,284.443588151503,9481.45279228606,54.13333333333333,-0.1612082963144511
203,Company_203,Energy,Oceania,2018,5085.3,24.6,19926.6,-7.1,55.1,35.2,90.7,39.3,4850801.7,1455240.5,48508016.6,953.8870273140228,286.1661062277545,9538.870194482135,55.06666666666666,-0.0713137806347931
203,Company_203,Energy,Oceania,2019,4549.0,19.1,7972.1,-10.5,55.6,35.9,91.1,39.9,4316550.2,1294965.1,43165502.0,948.9009012969884,284.6702791822379,9489.009012969884,55.63333333333333,-0.10546083810198026
203,Company_203,Energy,Oceania,2020,4466.5,15.4,8684.3,-1.8,56.3,35.2,90.7,42.9,4259881.8,1277964.5,42598817.5,953.7404679279077,286.1221314228143,9537.404567334603,56.26666666666667,-0.01813585403385365
203,Company_203,Energy,Oceania,2021,4104.6,14.5,7927.6,-8.1,58.9,38.0,93.5,45.1,3832834.1,1149850.2,38328341.4,933.7899186278809,280.13696827949127,9337.899283730447,58.86666666666667,-0.08102541139594754
203,Company_203,Energy,Oceania,2022,4029.9,11.0,3624.0,-1.8,58.1,38.6,93.1,42.6,3746102.8,1123830.8,37461028.0,929.5771110945681,278.87312340256585,9295.771110945681,58.099999999999994,-0.01819909369975159
203,Company_203,Energy,Oceania,2023,3728.1,15.5,11112.2,-7.5,59.3,42.3,91.4,44.1,3370978.4,1011293.5,33709783.6,904.208148923044,271.2624393122502,9042.08138193718,59.26666666666666,-0.07489019578649603
203,Company_203,Energy,Oceania,2024,3044.4,16.0,9306.0,-18.3,58.8,44.7,89.4,42.3,2699956.9,809987.1,26999568.8,886.8601037971357,266.05804099329913,8868.600972276967,58.80000000000001,-0.18339100346020754
203,Company_203,Energy,Oceania,2025,3137.3,12.1,5634.6,3.0,59.6,43.7,92.3,42.9,2804089.0,841226.7,28040890.2,893.7905205112676,268.13715615338026,8937.90526886176,59.63333333333333,0.030515044015241077
204,Company_204,Retail,Middle East,2015,392.6,7.8,757.1,11.25,24.8,14.8,45.7,13.9,43031.7,21515.9,86063.4,109.60697911360161,54.80361691288844,219.21395822720322,24.8,
204,Company_204,Retail,Middle East,2016,411.3,6.9,669.1,4.8,23.8,16.4,41.2,13.8,44636.5,22318.3,89273.0,108.52540724531971,54.26282518842694,217.05081449063943,23.8,0.04763117677024953
204,Company_204,Retail,Middle East,2017,462.1,7.7,745.1,12.4,24.1,15.4,42.7,14.3,50474.5,25237.3,100949.1,109.22852196494264,54.614369184159266,218.4572603332612,24.133333333333336,0.12351081935327013
204,Company_204,Retail,Middle East,2018,532.3,8.9,845.2,15.2,25.5,16.0,44.8,15.8,57905.4,28952.7,115810.7,108.78339282359573,54.39169641179787,217.56659778320497,25.53333333333333,0.15191516987664988
204,Company_204,Retail,Middle East,2019,572.0,8.1,510.1,7.5,25.5,16.9,45.5,14.0,61891.6,30945.8,123783.2,108.2020979020979,54.10104895104895,216.4041958041958,25.46666666666667,0.07458200263009584
204,Company_204,Retail,Middle East,2020,596.8,9.7,1404.5,4.3,23.5,15.4,44.1,11.1,65192.2,32596.1,130384.3,109.2362600536193,54.61813002680965,218.4723525469169,23.53333333333333,0.04335664335664324
204,Company_204,Retail,Middle East,2021,655.3,11.9,1863.0,9.8,22.7,12.0,44.7,11.5,73124.1,36562.0,146248.1,111.5887379826034,55.794292690370824,223.17732336334507,22.733333333333334,0.09802278820375343
204,Company_204,Retail,Middle East,2022,765.2,10.9,2085.8,16.8,23.7,12.0,44.2,14.9,85419.2,42709.6,170838.4,111.62990067956089,55.814950339780445,223.25980135912178,23.700000000000003,0.16770944605524196
204,Company_204,Retail,Middle East,2023,877.2,12.9,1664.1,14.6,25.1,14.7,46.4,14.2,96253.3,48126.6,192506.6,109.72788417692658,54.86388508891928,219.45576835385316,25.099999999999998,0.1463669628855202
204,Company_204,Retail,Middle East,2024,991.6,13.6,3056.8,13.0,27.0,17.6,48.0,15.3,106772.0,53386.0,213544.0,107.67648245260186,53.83824122630093,215.35296490520372,26.966666666666665,0.13041495668034653
204,Company_204,Retail,Middle East,2025,1091.4,12.1,2232.8,10.1,27.6,20.7,46.6,15.5,115140.9,57570.5,230281.9,105.49835074216601,52.74922118380062,210.99679310976725,27.599999999999998,0.10064542154094402
205,Company_205,Energy,Asia,2015,8972.3,37.2,50768.8,11.4,31.9,49.0,12.3,34.3,7690982.5,2307294.7,76909824.6,857.1918571603715,257.15755157540434,8571.918527022057,31.866666666666664,
205,Company_205,Energy,Asia,2016,10125.1,46.7,75962.7,12.8,32.2,49.2,13.7,33.7,8663676.4,2599102.9,86636764.2,855.6632922143979,256.6989856890302,8556.63294189687,32.2,0.12848433512031487
205,Company_205,Energy,Asia,2017,11326.6,48.2,48314.8,11.9,31.8,48.8,11.4,35.1,9721289.0,2916386.7,97212890.1,858.2707078911588,257.48121236734767,8582.707087740362,31.766666666666666,0.11866549466178111
205,Company_205,Energy,Asia,2018,11831.4,46.2,60074.1,4.5,33.9,50.8,14.1,37.0,9993274.8,2997982.4,99932748.1,844.6400933110199,253.3920246124719,8446.400941562284,33.96666666666666,0.044567654900852904
205,Company_205,Energy,Asia,2019,14065.4,50.0,116732.8,18.9,35.0,49.9,18.4,36.6,11964170.4,3589251.1,119641703.5,850.6100359748035,255.18300937051205,8506.10032419981,34.96666666666667,0.1888195817908278
205,Company_205,Energy,Asia,2020,13265.8,46.7,84268.0,-5.7,37.2,50.4,20.6,40.5,11237133.9,3371140.2,112371339.3,847.0754798052135,254.12264620301832,8470.754820666676,37.166666666666664,-0.05684872097487459
205,Company_205,Energy,Asia,2021,13037.8,50.0,53700.2,-1.7,39.4,53.2,20.1,44.7,10789712.4,3236913.7,107897123.8,827.5715534829496,248.27146451088376,8275.715519489484,39.333333333333336,-0.017187052420509885
205,Company_205,Energy,Asia,2022,17337.0,50.0,145463.2,33.0,39.7,55.1,22.7,41.2,14114900.6,4234470.2,141149006.0,814.1489646420949,244.24469054623063,8141.48964642095,39.666666666666664,0.32974888401417424
205,Company_205,Energy,Asia,2023,20672.5,50.0,175849.0,19.2,40.3,53.4,24.5,43.1,17081826.6,5124548.0,170818265.6,826.3067650260008,247.89203047526908,8263.06763091063,40.333333333333336,0.19239199400126905
205,Company_205,Energy,Asia,2024,22925.7,47.9,95041.1,10.9,42.6,57.9,25.8,44.3,18223482.6,5467044.8,182234825.7,794.8931810151926,238.46795517694116,7948.931797066174,42.666666666666664,0.10899504172209462
205,Company_205,Energy,Asia,2025,24003.0,50.0,172858.1,4.7,41.5,58.4,23.8,42.4,18984632.5,5695389.8,189846325.3,790.9274882306379,237.2782485522643,7909.2748948048165,41.53333333333333,0.04699093157460843
206,Company_206,Manufacturing,North America,2015,1070.0,5.5,1299.4,-1.05,69.1,29.5,81.0,96.7,318982.5,425310.0,5316375.2,298.1144859813084,397.4859813084112,4968.574953271028,69.06666666666666,
206,Company_206,Manufacturing,North America,2016,1069.9,11.1,2593.6,-0.0,71.3,31.7,84.0,98.1,313864.7,418486.2,5231078.0,293.3589120478549,391.1451537526871,4889.314889241985,71.26666666666667,-9.345794392512374e-05
206,Company_206,Manufacturing,North America,2017,945.8,8.9,1217.1,-11.6,70.9,32.0,82.6,98.1,277041.7,369388.9,4617360.8,292.9178473250159,390.55709452315506,4881.963205751745,70.89999999999999,-0.11599214879895325
206,Company_206,Manufacturing,North America,2018,924.7,11.9,1639.0,-2.2,70.7,34.3,82.0,95.8,266215.9,354954.6,4436932.5,287.8943441116038,383.8591975775927,4798.239969719909,70.7,-0.022309156269824437
206,Company_206,Manufacturing,North America,2019,968.5,11.6,1785.2,4.7,71.3,35.1,81.4,97.2,277215.1,369620.1,4620250.9,286.23138874548266,381.6418172431595,4770.522354155912,71.23333333333333,0.04736671352871191
206,Company_206,Manufacturing,North America,2020,958.0,15.9,2731.2,-1.1,73.9,38.6,83.2,100.0,267245.6,356327.5,4454093.2,278.96200417536534,371.94937369519835,4649.3665970772445,73.93333333333334,-0.010841507485802815
206,Company_206,Manufacturing,North America,2021,983.6,15.0,2690.9,2.7,75.1,40.6,84.6,100.0,270284.1,360378.8,4504734.9,274.7906669377796,366.38755591703944,4579.844347295649,75.06666666666666,0.02672233820459291
206,Company_206,Manufacturing,North America,2022,973.4,17.3,3150.5,-1.0,75.4,40.6,86.9,98.7,267369.3,356492.4,4456154.8,274.6756728991165,366.2342305321554,4577.927676186562,75.39999999999999,-0.010370069133794235
206,Company_206,Manufacturing,North America,2023,848.6,18.6,1619.5,-12.8,76.9,42.1,89.1,99.6,230548.8,307398.4,3842480.5,271.68135753004947,362.241810040066,4528.023214706575,76.93333333333332,-0.12821039654818156
206,Company_206,Manufacturing,North America,2024,915.5,17.0,2072.4,7.9,76.8,40.8,89.6,100.0,251182.7,334910.3,4186379.2,274.36668487165485,365.8222829055161,4572.779027853632,76.8,0.07883572943671924
206,Company_206,Manufacturing,North America,2025,904.7,18.1,1367.4,-1.2,77.1,41.8,89.5,100.0,246205.8,328274.4,4103429.5,272.14082016137945,362.8544268818393,4535.6797833535975,77.10000000000001,-0.01179683233205897
207,Company_207,Consumer Goods,North America,2015,904.7,11.1,2357.4,10.9,63.9,65.4,48.5,77.7,134241.3,167801.6,671206.4,148.38211561843704,185.47761688957667,741.9104675583067,63.866666666666674,
207,Company_207,Consumer Goods,North America,2016,992.9,8.4,1686.3,9.8,65.4,68.8,48.2,79.2,142616.8,178271.0,713084.1,143.6366200020143,179.54577500251787,718.1832007251486,65.39999999999999,0.09749088095501257
207,Company_207,Consumer Goods,North America,2017,1112.1,7.8,983.8,12.0,67.9,71.2,50.5,81.8,156049.7,195062.1,780248.3,140.31984533764953,175.3997841920691,701.5990468483051,67.83333333333333,0.12005237184006434
207,Company_207,Consumer Goods,North America,2018,1105.9,4.8,1280.7,-0.6,67.9,72.0,51.0,80.7,153927.6,192409.4,769637.8,139.1876299846279,173.98444705669587,695.9379690749615,67.89999999999999,-0.005575038215987593
207,Company_207,Consumer Goods,North America,2019,1275.6,6.7,1535.2,15.3,70.5,75.1,52.3,84.0,172082.2,215102.7,860410.8,134.9029476324867,168.62864534336785,674.5145813734714,70.46666666666665,0.15344967899448392
207,Company_207,Consumer Goods,North America,2020,1454.8,4.9,1331.2,14.0,71.8,78.2,53.1,84.2,189813.4,237266.8,949067.1,130.47387957107506,163.09238383282926,652.3694665933461,71.83333333333333,0.14048291000313573
207,Company_207,Consumer Goods,North America,2021,1659.7,-0.5,4186.5,14.1,72.9,79.7,53.9,85.2,213098.4,266373.0,1065492.0,128.3957341688257,160.49466771103212,641.9786708441285,72.93333333333334,0.14084410228210076
207,Company_207,Consumer Goods,North America,2022,1812.0,-2.4,9026.8,9.2,74.4,83.4,55.3,84.3,223275.1,279093.9,1116375.7,123.22025386313466,154.02533112582782,616.1013796909492,74.33333333333333,0.09176357172983063
207,Company_207,Consumer Goods,North America,2023,2093.5,0.5,166.0,15.5,76.0,82.8,59.2,86.0,259761.5,324701.9,1298807.6,124.08000955337951,155.10002388344878,620.4000955337951,76.0,0.1553532008830023
207,Company_207,Consumer Goods,North America,2024,2141.3,2.2,581.8,2.3,76.0,83.9,56.0,88.1,262286.9,327858.6,1311434.6,122.48956241535515,153.11194134404332,612.4478587773782,76.0,0.022832577024122447
207,Company_207,Consumer Goods,North America,2025,2020.3,2.3,707.4,-5.7,75.3,83.6,51.6,90.8,248433.6,310542.0,1242168.2,122.96866801960105,153.7108350245013,614.843439093204,75.33333333333333,-0.05650772894970357
208,Company_208,Manufacturing,Middle East,2015,19654.0,3.6,7008.7,1.9000000000000001,27.7,53.2,20.7,9.1,4881252.0,6508336.1,81354200.8,248.35921440928055,331.14562430039683,4139.3202808588585,27.666666666666668,
208,Company_208,Manufacturing,Middle East,2016,20540.5,2.0,8771.3,4.5,29.0,51.8,25.7,9.7,5160476.6,6880635.4,86007943.1,251.23422506754946,334.9789635111122,4187.237073099486,29.066666666666666,0.045105322071842924
208,Company_208,Manufacturing,Middle East,2017,19153.6,0.9,2009.4,-6.8,28.4,53.1,26.4,5.7,4761009.0,6348012.1,79350150.7,248.56992941274748,331.4265777712806,4142.832193425779,28.400000000000002,-0.06752026484262807
208,Company_208,Manufacturing,Middle East,2018,19673.3,2.4,4028.1,2.7,29.9,56.1,29.5,4.0,4763952.0,6351936.1,79399200.6,242.1531720656931,322.8709011706221,4035.886231593073,29.866666666666664,0.027133280427700246
208,Company_208,Manufacturing,Middle East,2019,21000.4,2.5,10680.8,6.7,31.3,57.3,29.7,7.0,5032957.3,6710609.7,83882621.4,239.66006837964989,319.54675625226184,3994.334460295994,31.333333333333332,0.06745690860201403
208,Company_208,Manufacturing,Middle East,2020,19721.5,2.7,10554.4,-6.1,34.2,63.1,31.4,8.2,4485598.4,5980797.9,74759973.3,227.44712116218344,303.2628299064473,3790.785351012854,34.233333333333334,-0.06089884002209489
208,Company_208,Manufacturing,Middle East,2021,18898.9,-0.6,62343.2,-4.2,35.0,63.9,32.6,8.6,4266457.2,5688609.6,71107619.4,225.75161517336988,301.00215356449314,3762.526887808285,35.03333333333333,-0.041710823213244375
208,Company_208,Manufacturing,Middle East,2022,18794.5,2.9,9956.5,-0.6,35.6,65.3,35.1,6.3,4187356.9,5583142.5,69789281.1,222.79692995291174,297.0625714969805,3713.2821357311977,35.56666666666667,-0.005524131034081448
208,Company_208,Manufacturing,Middle East,2023,19004.8,2.1,3970.5,1.1,36.4,64.3,36.1,9.0,4277328.1,5703104.1,71288801.2,225.06567288264017,300.0875620895774,3751.094523488803,36.46666666666667,0.011189443720237335
208,Company_208,Manufacturing,Middle East,2024,20621.7,6.4,27564.1,8.5,35.1,61.4,33.8,10.2,4765972.7,6354630.3,79432878.3,231.11444255323275,308.15259168739726,3851.907374270792,35.13333333333333,0.08507850648257298
208,Company_208,Manufacturing,Middle East,2025,22083.6,1.2,2659.8,7.1,36.3,59.9,37.2,11.7,5171746.0,6895661.3,86195766.1,234.1894437501132,312.25259015740187,3903.1573701751527,36.266666666666666,0.07089134261481833
209,Company_209,Consumer Goods,North America,2015,1042.7,1.4,291.7,5.45,54.7,49.1,28.8,86.3,178574.6,223218.2,892872.8,171.26172436942554,214.07710750935072,856.3084300374029,54.73333333333333,
209,Company_209,Consumer Goods,North America,2016,1017.3,2.6,288.3,-2.4,57.7,50.8,34.0,88.3,171756.5,214695.7,858782.7,168.83564336970412,211.0446279366952,844.1784134473606,57.699999999999996,-0.024359835043636813
209,Company_209,Consumer Goods,North America,2017,1119.6,5.3,680.5,10.0,58.2,53.6,32.6,88.4,184614.6,230768.2,923072.8,164.89335476956057,206.11664880314402,824.4665952125761,58.20000000000001,0.10056030669419047
209,Company_209,Consumer Goods,North America,2018,1337.4,1.8,236.9,19.5,57.9,54.1,31.4,88.2,219727.1,274658.9,1098635.6,164.2942276058023,205.36780320023928,821.4712128009571,57.9,0.19453376205787798
209,Company_209,Consumer Goods,North America,2019,1256.3,0.4,101.6,-6.1,59.7,55.9,32.7,90.5,203209.1,254011.4,1016045.7,161.7520496696649,202.1900819867866,808.7604075459683,59.699999999999996,-0.06064004785404531
209,Company_209,Consumer Goods,North America,2020,1308.8,-0.8,4542.0,4.2,59.3,60.1,30.3,87.6,203992.8,254991.0,1019963.9,155.8624694376528,194.82808679706602,779.3122707823961,59.333333333333336,0.0417893815171535
209,Company_209,Consumer Goods,North America,2021,1356.6,-0.8,5091.1,3.7,59.1,58.8,32.1,86.3,213838.2,267297.8,1069191.1,157.62804068996022,197.03508771929825,788.1402771634971,59.06666666666666,0.03652200488997548
209,Company_209,Consumer Goods,North America,2022,1519.3,-3.1,5311.8,12.0,58.5,58.0,31.1,86.5,241220.0,301525.0,1206100.2,158.7704864082143,198.4631080102679,793.8525636806424,58.53333333333333,0.1199321833996756
209,Company_209,Consumer Goods,North America,2023,1561.0,-3.8,2127.8,2.7,59.8,60.5,29.6,89.3,242351.1,302938.9,1211755.6,155.2537475976938,194.067200512492,776.268802049968,59.79999999999999,0.02744685052326723
209,Company_209,Consumer Goods,North America,2024,1771.5,-5.5,2891.8,13.5,60.1,61.8,32.0,86.4,271830.5,339788.1,1359152.3,153.4465142534575,191.8081287044877,767.2324583686142,60.06666666666666,0.13484945547725813
209,Company_209,Consumer Goods,North America,2025,1890.3,-4.9,2268.0,6.7,60.5,65.2,32.1,84.0,281065.3,351331.6,1405326.3,148.68819764058614,185.86023382531872,743.4408823996191,60.43333333333334,0.06706181202370876
210,Company_210,Retail,Oceania,2015,1132.1,6.4,1280.4,0.15,88.9,80.5,94.5,91.8,72048.8,36024.4,144097.7,63.641727762565154,31.820863881282577,127.2835438565498,88.93333333333334,
210,Company_210,Retail,Oceania,2016,1138.1,8.5,1394.4,0.5,91.3,81.1,99.9,92.9,71952.8,35976.4,143905.6,63.22186099639751,31.610930498198755,126.44372199279502,91.3,0.005299885169154583
210,Company_210,Retail,Oceania,2017,1088.2,8.2,2125.9,-4.4,91.4,85.4,100.0,88.9,65514.7,32757.4,131029.5,60.204649880536664,30.102370887704467,120.4093916559456,91.43333333333334,-0.043845004832615664
210,Company_210,Retail,Oceania,2018,1041.9,6.2,907.5,-4.3,89.7,83.7,98.2,87.2,64000.8,32000.4,128001.7,61.42700835012957,30.713504175064784,122.85411267875995,89.7,-0.042547325859217056
210,Company_210,Retail,Oceania,2019,1137.7,3.3,876.1,9.2,92.1,87.2,97.9,91.2,67049.2,33524.6,134098.5,58.93398962819724,29.46699481409862,117.86806715302804,92.10000000000001,0.09194740378155286
210,Company_210,Retail,Oceania,2020,1135.1,0.3,91.4,-0.2,91.8,85.7,95.3,94.4,68110.4,34055.2,136220.9,60.00387631045723,30.001938155228615,120.0078407188794,91.8,-0.002285312472532386
210,Company_210,Retail,Oceania,2021,1114.4,2.5,619.6,-1.8,90.5,84.0,92.9,94.7,68200.9,34100.5,136401.8,61.199659009332365,30.599874371859293,122.39931801866473,90.53333333333335,-0.018236278741960876
210,Company_210,Retail,Oceania,2022,1243.7,2.8,477.8,11.6,90.7,86.9,91.3,93.9,73602.9,36801.4,147205.8,59.18059017447937,29.590254884618478,118.36118034895874,90.7,0.11602656137832001
210,Company_210,Retail,Oceania,2023,1221.1,3.4,594.1,-1.8,90.9,87.7,91.4,93.7,71587.5,35793.7,143174.9,58.62541970354599,29.312668905085577,117.25075751371715,90.93333333333334,-0.018171584787328277
210,Company_210,Retail,Oceania,2024,1240.8,3.8,952.7,1.6,92.0,88.1,93.6,94.1,72349.5,36174.7,144699.0,58.30875241779497,29.154335912314636,116.61750483558994,91.93333333333332,0.016132994840717396
210,Company_210,Retail,Oceania,2025,1275.6,3.5,1002.4,2.8,92.8,89.3,94.2,94.8,73294.6,36647.3,146589.2,57.45892129194105,28.729460645970526,114.9178425838821,92.76666666666667,0.028046421663442844
211,Company_211,Consumer Goods,Oceania,2015,1182.5,7.5,1664.5,3.1,67.9,35.7,70.4,97.5,224640.4,280800.5,1123202.1,189.9707399577167,237.46342494714588,949.8537843551798,67.86666666666667,
211,Company_211,Consumer Goods,Oceania,2016,1143.6,3.0,590.8,-3.3,68.9,35.9,75.1,95.7,217061.3,271326.6,1085306.3,189.80526407834907,237.25655823714587,949.0261455054216,68.89999999999999,-0.03289640591966181
211,Company_211,Consumer Goods,Oceania,2017,1304.6,5.0,981.5,14.1,68.2,36.3,75.1,93.0,246716.8,308396.0,1233584.1,189.11298482293424,236.39123102866782,945.5650007665187,68.13333333333333,0.1407834907310248
211,Company_211,Consumer Goods,Oceania,2018,1439.5,6.7,1219.7,10.3,67.7,38.2,72.6,92.2,268503.8,335629.8,1342519.1,186.52573810350816,233.15720736366794,932.6287599861064,67.66666666666667,0.10340334202054269
211,Company_211,Consumer Goods,Oceania,2019,1364.7,11.8,2219.8,-5.2,67.1,38.5,72.4,90.5,254034.3,317542.9,1270171.6,186.14662563200702,232.68330035905328,930.7332014362131,67.13333333333334,-0.051962486974643896
211,Company_211,Consumer Goods,Oceania,2020,1451.9,10.1,3324.9,6.4,66.2,36.7,70.6,91.3,273862.4,342328.0,1369312.1,188.6234589159033,235.7793236448791,943.1173634547833,66.2,0.06389682714149636
211,Company_211,Consumer Goods,Oceania,2021,1459.6,9.8,2087.9,0.5,67.0,43.0,68.2,89.7,262455.6,328069.4,1312277.8,179.8133735269937,224.76664839682107,899.0667306111264,66.96666666666667,0.005303395550657619
211,Company_211,Consumer Goods,Oceania,2022,1368.3,8.0,2209.0,-6.3,65.0,42.0,66.1,86.8,247864.8,309831.0,1239324.0,181.1479938609954,226.43499232624424,905.739969304977,64.96666666666665,-0.06255138394080573
211,Company_211,Consumer Goods,Oceania,2023,1445.9,6.5,2111.4,5.7,64.4,39.4,67.1,86.8,267193.5,333991.9,1335967.7,184.79389999308387,230.9923922816239,923.9696382875717,64.43333333333334,0.05671270920119875
211,Company_211,Consumer Goods,Oceania,2024,1581.4,3.6,1147.5,9.4,67.3,40.9,69.2,91.8,289074.8,361343.5,1445373.8,182.79676236246362,228.49595295307952,913.9836853421019,67.3,0.09371325817829734
211,Company_211,Consumer Goods,Oceania,2025,1526.2,4.8,946.2,-3.5,69.1,39.9,73.7,93.8,281103.7,351379.6,1405518.5,184.18536233783252,230.23168654173762,920.9268116891626,69.13333333333333,-0.03490577968888331
212,Company_212,Consumer Goods,Asia,2015,636.1,11.1,1241.7,4.85,49.2,37.1,27.1,83.4,119641.9,149552.3,598209.4,188.08662160037727,235.10815909448198,940.4329507939003,49.20000000000001,
212,Company_212,Consumer Goods,Asia,2016,666.4,10.7,919.7,4.8,50.5,43.0,28.3,80.2,119824.3,149780.4,599121.5,179.80837334933975,224.76050420168067,899.0418667466987,50.5,0.04763401980820614
212,Company_212,Consumer Goods,Asia,2017,750.5,9.2,1661.2,12.6,49.9,46.3,27.8,75.7,131486.0,164357.6,657430.2,175.19786808794137,218.9974683544304,875.9896069287141,49.93333333333334,0.12620048019207686
212,Company_212,Consumer Goods,Asia,2018,782.5,9.3,1234.5,4.3,50.9,48.7,25.9,77.9,134404.8,168006.1,672024.2,171.76332268370606,214.70428115015974,858.8168690095846,50.833333333333336,0.04263824117255166
212,Company_212,Consumer Goods,Asia,2019,847.0,8.9,1517.2,8.2,52.0,48.6,28.0,79.3,145597.9,181997.4,727989.4,171.898347107438,214.87296340023613,859.4916174734357,51.96666666666666,0.08242811501597447
212,Company_212,Consumer Goods,Asia,2020,888.3,7.1,1109.7,4.9,51.4,48.7,26.3,79.1,152653.5,190816.9,763267.5,171.84903748733538,214.81132500281436,859.2451874366768,51.36666666666667,0.048760330578512256
212,Company_212,Consumer Goods,Asia,2021,1026.8,7.8,1833.6,15.6,51.1,49.5,26.9,76.8,175326.1,219157.6,876630.4,170.75,213.4374756525127,853.7499026100508,51.06666666666666,0.15591579421366664
212,Company_212,Consumer Goods,Asia,2022,1028.3,7.9,1146.0,0.1,52.5,49.0,29.4,79.1,176266.9,220333.7,881334.6,171.41583195565497,214.26986288048238,857.0792570261597,52.5,0.0014608492403584972
212,Company_212,Consumer Goods,Asia,2023,1010.6,10.6,1951.1,-1.7,54.7,52.4,32.9,78.7,168448.6,210560.7,842243.0,166.6817732040372,208.35216702948745,833.408866020186,54.666666666666664,-0.017212875619955215
212,Company_212,Consumer Goods,Asia,2024,1074.7,8.8,1320.4,6.3,53.7,49.5,32.9,78.7,183478.8,229348.5,917394.1,170.725597841258,213.40699730157252,853.6280822555132,53.70000000000001,0.06342766673263411
212,Company_212,Consumer Goods,Asia,2025,1114.5,4.2,517.9,3.7,54.7,48.9,34.5,80.6,191114.4,238893.1,955572.2,171.4799461641992,214.35002243158368,857.3999102736652,54.666666666666664,0.037033590769516955
213,Company_213,Technology,Europe,2015,54045.5,22.4,387117.3,0.25,72.3,99.8,43.0,74.1,1354990.4,812994.2,2709980.8,25.07128993163168,15.042773218861884,50.14257986326336,72.3,
213,Company_213,Technology,Europe,2016,52102.5,24.1,386167.0,-3.6,72.1,100.0,41.6,74.7,1302563.2,781537.9,2605126.5,25.000013435055898,15.0000076771748,50.0000287894055,72.10000000000001,-0.035951189275702844
213,Company_213,Technology,Europe,2017,49515.7,27.6,228599.4,-5.0,73.4,100.0,44.0,76.1,1237892.0,742735.2,2475783.9,24.999989902192638,14.999993941315582,49.999977784823805,73.36666666666666,-0.049648289429489956
213,Company_213,Technology,Europe,2018,48922.7,26.9,290998.1,-1.2,75.1,100.0,47.7,77.6,1223066.6,733840.0,2446133.3,24.999981603631856,14.999989779795474,49.99996525130461,75.1,-0.011975999531461778
213,Company_213,Technology,Europe,2019,49773.7,25.3,428490.6,1.7,74.7,100.0,47.7,76.5,1244342.8,746605.7,2488685.6,25.00000602727947,15.000004018186312,50.00001205455894,74.73333333333333,0.01739478810449957
213,Company_213,Technology,Europe,2020,52686.1,27.3,287049.0,5.9,76.1,100.0,49.9,78.2,1317153.5,790292.1,2634307.0,25.000018980338268,15.00001138820296,50.000037960676536,76.03333333333335,0.058512829064345295
213,Company_213,Technology,Europe,2021,49599.2,26.2,218834.1,-5.9,76.3,100.0,50.5,78.2,1239979.0,743987.4,2479958.0,24.99997983838449,14.999987903030695,49.99995967676898,76.23333333333333,-0.058590406198219314
213,Company_213,Technology,Europe,2022,54033.4,21.8,214857.0,8.9,73.8,100.0,45.4,75.9,1350834.6,810500.7,2701669.1,24.99999259717138,14.999994447878533,49.999983343635606,73.76666666666667,0.08940063549412103
213,Company_213,Technology,Europe,2023,56646.8,21.9,335160.4,4.8,73.8,99.0,46.4,76.0,1435006.7,861004.0,2870013.3,25.332528933673213,15.199517007138972,50.665056102021644,73.8,0.04836638079410149
213,Company_213,Technology,Europe,2024,60698.8,30.6,351107.1,7.2,75.1,100.0,48.1,77.1,1517469.0,910481.4,3034938.0,24.99998352520972,14.999990115125835,49.99996705041944,75.06666666666666,0.07153096026606964
213,Company_213,Technology,Europe,2025,57751.7,33.0,523317.8,-4.9,75.9,98.9,51.0,78.0,1466976.2,880185.7,2933952.3,25.401437533440575,15.240862173754193,50.80287333533039,75.96666666666667,-0.04855285442216328
214,Company_214,Utilities,Asia,2015,2526.1,12.2,4408.1,6.1,37.3,47.4,27.6,37.0,1754306.8,1096441.8,17543068.3,694.4724278532125,434.04528720161517,6944.72439729227,37.333333333333336,
214,Company_214,Utilities,Asia,2016,2811.0,13.1,3435.2,11.3,38.8,48.5,28.9,38.9,1935753.2,1209845.7,19357531.7,688.6350764852366,430.39690501600853,6886.350658128779,38.76666666666667,0.11278255017616101
214,Company_214,Utilities,Asia,2017,3015.4,12.7,4446.2,7.3,40.6,49.1,30.7,41.9,2065866.3,1291166.4,20658663.0,685.1052265039464,428.1907541288054,6851.052265039464,40.56666666666666,0.07271433653504089
214,Company_214,Utilities,Asia,2018,3436.4,13.7,4519.4,14.0,41.7,47.9,34.4,42.8,2376619.3,1485387.1,23766193.3,691.6014724711907,432.2509312070772,6916.014812012571,41.699999999999996,0.13961663460900708
214,Company_214,Utilities,Asia,2019,3586.1,12.4,3645.7,4.4,42.3,47.7,35.2,43.9,2484447.8,1552779.9,24844478.5,692.7993642118179,432.9996096037478,6927.993781545411,42.26666666666667,0.04356303107903625
214,Company_214,Utilities,Asia,2020,3474.6,11.9,4766.9,-3.1,41.4,50.2,33.4,40.6,2359700.7,1474812.9,23597006.9,679.1287342427906,424.45544810913486,6791.287313647614,41.4,-0.031092272942751187
214,Company_214,Utilities,Asia,2021,3613.6,10.4,4990.0,4.0,42.0,51.5,32.0,42.5,2426641.5,1516650.9,24266414.8,671.5301914987824,419.7063593092761,6715.301859641355,42.0,0.040004604846600955
214,Company_214,Utilities,Asia,2022,3752.5,14.1,4464.5,3.8,41.8,52.5,30.6,42.1,2498311.7,1561444.8,24983117.3,665.7726049300467,416.10787475016656,6657.7261292471685,41.73333333333333,0.03843812264777502
214,Company_214,Utilities,Asia,2023,4120.6,14.9,6211.7,9.8,43.6,52.9,33.7,44.2,2734511.0,1709069.4,27345110.4,663.6196185021598,414.76226763092745,6636.196282094839,43.6,0.0980946035976018
214,Company_214,Utilities,Asia,2024,4443.5,16.5,10474.7,7.8,43.9,52.6,35.4,43.8,2956453.9,1847783.7,29564538.9,665.3435129965118,415.8396984359176,6653.435107460335,43.93333333333334,0.07836237441149341
214,Company_214,Utilities,Asia,2025,4660.7,15.4,10534.7,4.9,44.6,52.9,38.4,42.4,3092839.1,1933024.5,30928391.4,663.5996953247367,414.74982298796317,6635.997039071384,44.56666666666666,0.04888038708225495
215,Company_215,Utilities,North America,2015,1109.3,7.2,1002.4,-0.4,85.2,73.4,86.6,95.6,609199.3,380749.6,6091993.0,549.1745244748942,343.2341116019111,5491.745244748941,85.2,
215,Company_215,Utilities,North America,2016,1021.1,8.1,1215.5,-7.9,85.6,74.5,87.5,94.8,553991.4,346244.6,5539913.9,542.5437273528548,339.08980511213394,5425.437175594947,85.60000000000001,-0.07950960064905788
215,Company_215,Utilities,North America,2017,1030.6,7.6,688.6,0.9,88.8,75.4,92.5,98.6,554247.5,346404.7,5542474.7,537.7910925674365,336.1194449835048,5377.910634581797,88.83333333333333,0.009303692096758187
215,Company_215,Utilities,North America,2018,1088.6,8.0,1048.8,5.6,89.1,77.2,91.7,98.4,574226.7,358891.7,5742266.8,527.4909976116112,329.6818849898953,5274.909792393901,89.10000000000001,0.056277896371045966
215,Company_215,Utilities,North America,2019,1080.1,6.5,595.3,-0.8,87.8,73.0,92.1,98.4,595349.9,372093.7,5953499.1,551.198870474956,344.4993056198501,5511.98879733358,87.83333333333333,-0.007808194010655911
215,Company_215,Utilities,North America,2020,1137.1,8.4,1171.8,5.3,90.2,79.1,91.8,99.8,587644.7,367277.9,5876446.7,516.7924544894909,322.99525107730193,5167.92428106587,90.23333333333333,0.05277289139894448
215,Company_215,Utilities,North America,2021,1129.8,5.2,848.2,-0.6,91.1,81.0,92.3,100.0,572142.8,357589.3,5721428.2,506.4106921579041,316.5067268543105,5064.107098601523,91.10000000000001,-0.006419839943716421
215,Company_215,Utilities,North America,2022,1146.6,5.9,936.5,1.5,92.1,83.9,93.2,99.1,562160.0,351350.0,5621599.8,490.2843188557475,306.42769928484216,4902.843014128729,92.06666666666668,0.014869888475836479
215,Company_215,Utilities,North America,2023,1126.4,5.5,880.4,-1.8,92.5,82.3,95.1,100.0,562195.3,351372.0,5621952.7,499.1080433238636,311.94247159090907,4991.080166903409,92.46666666666665,-0.01761730333158884
215,Company_215,Utilities,North America,2024,1124.0,5.4,785.2,-0.2,93.4,83.6,96.6,100.0,553001.4,345625.9,5530014.1,491.994128113879,307.4963523131673,4919.9413701067615,93.39999999999999,-0.0021306818181818787
215,Company_215,Utilities,North America,2025,1104.4,6.3,875.5,-1.7,91.4,85.7,92.3,96.2,530034.8,331271.8,5300348.1,479.93009779065557,299.9563563926113,4799.301068453458,91.39999999999999,-0.017437722419928692
216,Company_216,Transportation,Asia,2015,1757.0,7.4,2220.3,9.4,47.7,3.5,71.6,68.1,1239381.5,206563.6,4131271.8,705.3964143426294,117.56607854297097,2351.3214570290265,47.73333333333333,
216,Company_216,Transportation,Asia,2016,1958.5,2.6,491.2,11.5,49.0,5.6,73.6,67.7,1364210.0,227368.3,4547366.6,696.5585907582333,116.09308143987745,2321.861935154455,48.96666666666666,0.11468412066021627
216,Company_216,Transportation,Asia,2017,2139.9,-1.3,5050.6,9.3,50.2,6.4,75.0,69.2,1483519.0,247253.2,4945063.3,693.2655731576242,115.54427776998925,2310.885228281695,50.20000000000001,0.0926219045187644
216,Company_216,Transportation,Asia,2018,2344.2,1.0,345.7,9.5,52.6,7.9,77.0,73.0,1610140.0,268356.7,5367133.3,686.8611893183177,114.47687910587835,2289.537283508233,52.63333333333333,0.09547175101640248
216,Company_216,Transportation,Asia,2019,2599.4,2.2,814.7,10.9,52.7,8.2,75.9,73.9,1781537.0,296922.8,5938456.6,685.3646995460491,114.22743710086942,2284.548972839886,52.666666666666664,0.10886443136251178
216,Company_216,Transportation,Asia,2020,2700.1,-2.2,6379.1,3.9,53.7,7.8,78.3,75.1,1855675.2,309279.2,6185584.1,687.2616569756676,114.54360949594461,2290.8722269545574,53.73333333333333,0.03873970916365299
216,Company_216,Transportation,Asia,2021,2686.4,-4.6,1373.0,-0.5,55.0,9.4,78.3,77.3,1828651.7,304775.3,6095505.8,680.7071545562835,113.45119863013697,2269.0238981536627,55.0,-0.005073886152364704
216,Company_216,Transportation,Asia,2022,2709.5,-3.2,11400.6,0.9,55.0,9.5,76.5,79.0,1842479.6,307079.9,6141598.8,680.0072338069755,113.33452666543644,2266.690828566156,55.0,0.00859886837403212
216,Company_216,Transportation,Asia,2023,2854.3,-4.1,5375.3,5.3,56.8,12.5,77.8,80.2,1905377.9,317563.0,6351259.5,667.5464737413726,111.25775146270539,2225.1548540798094,56.833333333333336,0.05344159439010898
216,Company_216,Transportation,Asia,2024,3255.0,-3.6,7238.2,14.0,56.4,12.9,77.6,78.8,2167900.9,361316.8,7226336.3,666.0217818740399,111.00362519201228,2220.0725960061445,56.43333333333334,0.14038468275934557
216,Company_216,Transportation,Asia,2025,3973.8,-4.9,11475.3,22.1,56.7,12.3,77.7,80.3,2656676.0,442779.3,8855586.8,668.5479893301122,111.42465650007549,2228.4933313201473,56.76666666666667,0.22082949308755762
217,Company_217,Manufacturing,Oceania,2015,2842.3,10.2,4906.6,0.9,64.9,55.7,71.2,67.9,690620.1,920826.8,11510335.1,242.97931252858598,323.9724167047813,4049.655243992541,64.93333333333334,
217,Company_217,Manufacturing,Oceania,2016,2871.0,12.1,5992.1,1.0,64.1,55.2,71.2,65.9,700596.7,934128.9,11676611.6,244.02532218739114,325.36708463949844,4067.088679902473,64.10000000000001,0.010097456285402595
217,Company_217,Manufacturing,Oceania,2017,2946.4,10.2,4934.7,2.6,64.3,52.7,71.3,69.0,734836.3,979781.8,12247272.1,249.40140510453435,332.53522943252784,4156.6902321477055,64.33333333333333,0.02626262626262621
217,Company_217,Manufacturing,Oceania,2018,2883.5,12.1,6470.6,-2.1,65.8,55.4,72.1,69.8,702602.1,936802.8,11710035.3,243.66294433847753,324.88392578463674,4061.049176348188,65.76666666666667,-0.021348085799619887
217,Company_217,Manufacturing,Oceania,2019,3082.5,16.2,6540.7,6.9,66.0,57.8,70.3,70.0,735720.5,980960.7,12262008.7,238.6765612327656,318.2354257907542,3977.9428061638278,66.03333333333333,0.06901335182937407
217,Company_217,Manufacturing,Oceania,2020,3274.0,13.5,3671.8,6.2,66.3,56.9,71.4,70.5,787273.8,1049698.3,13121229.3,240.4623701893708,320.6164630421503,4007.7059560171047,66.26666666666667,0.062124898621249036
217,Company_217,Manufacturing,Oceania,2021,3212.9,19.3,13573.2,-1.9,67.0,59.6,71.7,69.6,754649.1,1006198.7,12577484.2,234.8809798001805,313.17460860904475,3914.682747673441,66.96666666666667,-0.018662186927306035
217,Company_217,Manufacturing,Oceania,2022,3481.4,13.3,4578.1,8.4,68.0,60.7,73.9,69.5,809471.6,1079295.5,13491193.8,232.51324179927613,310.0176653070604,3875.220830700293,68.03333333333335,0.08356936101341472
217,Company_217,Manufacturing,Oceania,2023,3305.2,15.6,6795.7,-5.1,70.3,59.1,78.0,73.8,779708.1,1039610.8,12995134.7,235.9034551615636,314.53794021541813,3931.724161926661,70.3,-0.05061182282989607
217,Company_217,Manufacturing,Oceania,2024,3330.2,12.2,6214.1,0.8,69.3,59.8,75.8,72.4,780634.8,1040846.3,13010579.2,234.41078613897065,312.54768482373436,3906.846195423698,69.33333333333333,0.007563838799467426
217,Company_217,Manufacturing,Oceania,2025,3197.6,7.5,4878.1,-4.0,71.3,62.5,78.7,72.8,731219.8,974959.7,12186995.9,228.6776957718289,304.90358393795344,3811.2946897673255,71.33333333333333,-0.039817428382679654
218,Company_218,Utilities,Middle East,2015,996.4,8.7,1037.0,-1.1,40.8,51.9,29.3,41.2,666716.1,416697.6,6667160.9,669.1249498193497,418.2031312725813,6691.249397832196,40.800000000000004,
218,Company_218,Utilities,Middle East,2016,902.5,11.1,937.5,-9.4,41.6,54.3,29.7,40.8,591853.5,369908.4,5918535.0,655.793351800554,409.87080332409977,6557.9335180055405,41.6,-0.09423926134082694
218,Company_218,Utilities,Middle East,2017,954.1,9.8,826.7,5.7,41.5,52.9,32.8,39.0,633452.9,395908.1,6334529.0,663.927156482549,414.95451210564926,6639.27156482549,41.56666666666666,0.057174515235457024
218,Company_218,Utilities,Middle East,2018,939.0,6.7,757.8,-1.6,40.9,53.0,33.6,36.0,622537.2,389085.7,6225372.0,662.9789137380192,414.3617678381257,6629.789137380191,40.86666666666667,-0.01582643328791533
218,Company_218,Utilities,Middle East,2019,950.9,6.5,539.4,1.3,41.5,55.0,35.1,34.4,620023.3,387514.6,6200233.3,652.0383846881901,407.5240298664423,6520.384162372489,41.5,0.01267305644302441
218,Company_218,Utilities,Middle East,2020,944.9,7.8,888.3,-0.6,42.7,54.7,38.6,34.7,617834.3,386146.4,6178343.1,653.8621018097153,408.6637739443328,6538.621123928458,42.666666666666664,-0.006309811757282624
218,Company_218,Utilities,Middle East,2021,964.2,7.7,986.6,2.0,44.4,58.8,37.9,36.4,608116.0,380072.5,6081159.8,630.694876581622,394.1842978635138,6306.948558390375,44.36666666666667,0.020425441845697945
218,Company_218,Utilities,Middle East,2022,918.4,7.9,764.4,-4.7,44.2,57.3,40.8,34.5,587198.6,366999.1,5871985.8,639.3712979094076,399.6070339721254,6393.712761324042,44.199999999999996,-0.04750051856461324
218,Company_218,Utilities,Middle East,2023,1001.2,6.6,895.8,9.0,44.9,61.0,40.6,33.1,619276.9,387048.1,6192769.4,618.5346584099082,386.58419896124644,6185.346983619656,44.9,0.09015679442508717
218,Company_218,Utilities,Middle East,2024,839.4,4.9,453.6,-16.2,46.1,62.5,41.0,34.8,512162.8,320101.8,5121628.2,610.1534429354301,381.3459614010007,6101.534667619729,46.1,-0.16160607271274474
218,Company_218,Utilities,Middle East,2025,819.6,1.6,167.3,-2.4,48.3,66.1,41.3,37.6,483533.6,302208.5,4835335.9,589.9629087359688,368.72681795998045,5899.628965348951,48.333333333333336,-0.02358827734095781
219,Company_219,Transportation,Middle East,2015,446.9,-7.1,1923.7,5.5,43.6,35.6,39.1,56.2,254940.6,42490.1,849802.1,570.464533452674,95.07742224211233,1901.5486686059521,43.63333333333333,
219,Company_219,Transportation,Middle East,2016,487.5,-3.8,1614.9,9.1,44.6,38.9,37.6,57.4,271356.9,45226.2,904523.1,556.6295384615385,92.7716923076923,1855.432,44.63333333333333,0.09084806444394733
219,Company_219,Transportation,Middle East,2017,446.6,-1.7,1112.6,-8.4,44.3,37.7,38.2,56.8,250772.6,41795.4,835908.5,561.5150022391401,93.58575906851769,1871.7163009404387,44.23333333333333,-0.08389743589743581
219,Company_219,Transportation,Middle East,2018,480.2,-0.4,1283.3,7.5,43.8,38.1,38.1,55.3,268873.0,44812.2,896243.4,559.9187838400667,93.31986672219908,1866.3960849645982,43.833333333333336,0.07523510971786829
219,Company_219,Transportation,Middle East,2019,515.8,-1.1,378.6,7.4,46.4,41.8,38.1,59.4,280776.0,46796.0,935920.0,544.350523458705,90.7250872431175,1814.5017448623498,46.43333333333334,0.0741357767596833
219,Company_219,Transportation,Middle East,2020,619.6,-2.5,2666.5,20.1,47.1,40.6,41.1,59.7,340485.6,56747.6,1134952.1,549.5248547449967,91.58747579083278,1831.749677211104,47.13333333333333,0.20124079100426528
219,Company_219,Transportation,Middle East,2021,620.4,-5.7,2408.7,0.1,47.9,40.2,43.0,60.5,341876.2,56979.4,1139587.2,551.057704706641,91.84300451321728,1836.8588007736944,47.9,0.0012911555842478606
219,Company_219,Transportation,Middle East,2022,642.6,-6.6,2064.9,3.6,47.0,41.1,42.4,57.6,351789.9,58631.7,1172633.1,547.4477124183006,91.24136321195144,1824.825863678805,47.03333333333333,0.03578336557059969
219,Company_219,Transportation,Middle East,2023,662.8,-6.6,1781.0,3.1,47.7,45.5,41.7,55.9,350647.7,58441.3,1168825.7,529.039981894991,88.17335546167774,1763.4666566083283,47.699999999999996,0.031434796140678456
219,Company_219,Transportation,Middle East,2024,748.4,-8.3,976.9,12.9,49.7,44.9,44.5,59.7,397680.4,66280.1,1325601.2,531.3741314804918,88.56239978621059,1771.2469267771246,49.70000000000001,0.12914906457453235
219,Company_219,Transportation,Middle East,2025,716.5,-10.3,3296.0,-4.3,51.3,45.9,46.0,62.1,377756.8,62959.5,1259189.5,527.2251221214236,87.870900209351,1757.417306350314,51.333333333333336,-0.04262426509887762
220,Company_220,Transportation,Oceania,2015,471.3,3.9,294.2,-8.0,57.4,61.0,48.0,63.4,218660.6,36443.4,728868.6,463.9520475281137,77.3252705283259,1546.5066836409928,57.46666666666667,
220,Company_220,Transportation,Oceania,2016,447.7,4.7,243.1,-5.0,56.4,57.5,49.4,62.2,214225.1,35704.2,714083.8,478.50145186508826,79.75027920482465,1595.0051373687738,56.366666666666674,-0.05007426267769999
220,Company_220,Transportation,Oceania,2017,458.8,5.7,284.7,2.5,56.3,58.8,48.5,61.5,217110.4,36185.1,723701.4,473.21360069747163,78.86900610287707,1577.3788142981691,56.26666666666667,0.024793388429752206
220,Company_220,Transportation,Oceania,2018,387.2,9.0,688.9,-15.6,57.5,58.0,51.8,62.6,184392.1,30732.0,614640.2,476.21926652892563,79.3698347107438,1587.3972107438017,57.46666666666667,-0.1560592850915432
220,Company_220,Transportation,Oceania,2019,320.3,10.3,440.3,-17.3,57.3,58.5,53.7,59.8,151967.9,25328.0,506559.8,474.4548860443334,79.07586637527318,1581.5167030908522,57.333333333333336,-0.17277892561983466
220,Company_220,Transportation,Oceania,2020,294.3,7.6,194.3,-8.1,61.3,60.8,58.9,64.3,136729.7,22788.3,455765.8,464.5929323819232,77.4322120285423,1548.6435609921848,61.333333333333336,-0.08117389946924758
220,Company_220,Transportation,Oceania,2021,271.2,7.5,270.3,-7.9,61.8,60.6,60.2,64.7,126203.4,21033.9,420678.1,465.35176991150445,77.55862831858408,1551.1729351032448,61.833333333333336,-0.07849133537206943
220,Company_220,Transportation,Oceania,2022,253.7,5.5,178.4,-6.4,63.9,64.8,60.8,66.2,113587.6,18931.3,378625.4,447.7240835632637,74.62081198265668,1492.4138746551046,63.93333333333334,-0.06452802359882004
220,Company_220,Transportation,Oceania,2023,218.8,5.4,200.0,-13.8,64.0,64.3,62.5,65.3,98466.9,16411.2,328223.1,450.03153564899446,75.0054844606947,1500.1055758683729,64.03333333333333,-0.13756405202995658
220,Company_220,Transportation,Oceania,2024,205.0,4.2,116.6,-6.3,64.3,66.4,63.5,63.0,90464.5,15077.4,301548.3,441.29024390243904,73.54829268292683,1470.9673170731708,64.3,-0.0630712979890311
220,Company_220,Transportation,Oceania,2025,178.5,4.0,112.6,-12.9,65.5,67.5,64.4,64.6,77922.7,12987.1,259742.4,436.54173669467787,72.75686274509805,1455.1394957983193,65.5,-0.12926829268292683
221,Company_221,Healthcare,Middle East,2015,2440.3,13.7,6564.0,16.15,41.4,95.9,24.0,4.3,129047.9,129047.9,258095.8,52.881981723558575,52.881981723558575,105.76396344711715,41.4,
221,Company_221,Healthcare,Middle East,2016,2860.7,14.8,8067.9,17.2,41.2,96.3,22.5,4.7,150461.6,150461.6,300923.1,52.596077883035626,52.596077883035626,105.19212080959205,41.166666666666664,0.17227390074990767
221,Company_221,Healthcare,Middle East,2017,3201.5,11.8,4081.7,11.9,40.7,94.6,22.6,4.7,172137.5,172137.5,344275.0,53.76776511010464,53.76776511010464,107.53553022020928,40.63333333333333,0.11913168105708394
221,Company_221,Healthcare,Middle East,2018,3765.4,15.6,11549.7,17.6,40.7,93.1,22.1,6.9,206346.5,206346.5,412693.0,54.8006851861688,54.8006851861688,109.6013703723376,40.699999999999996,0.17613618616273619
221,Company_221,Healthcare,Middle East,2019,4332.5,15.5,9212.6,15.1,40.5,91.9,23.6,5.9,241290.0,241290.0,482579.9,55.693017888055394,55.693017888055394,111.386012694749,40.46666666666667,0.15060816911881858
221,Company_221,Healthcare,Middle East,2020,4269.7,16.0,9997.6,-1.4,40.8,92.7,26.2,3.5,235453.8,235453.8,470907.6,55.145279527835676,55.145279527835676,110.29055905567135,40.800000000000004,-0.014495095210617426
221,Company_221,Healthcare,Middle East,2021,5201.2,15.6,15296.6,21.8,41.2,92.2,28.2,3.1,288522.7,288522.7,577045.4,55.47233330769823,55.47233330769823,110.94466661539646,41.166666666666664,0.21816521067053896
221,Company_221,Healthcare,Middle East,2022,5577.5,13.0,8627.4,7.2,41.0,92.2,28.5,2.2,309294.9,309294.9,618589.9,55.454038547736445,55.454038547736445,110.90809502465262,40.96666666666667,0.07234868876413136
221,Company_221,Healthcare,Middle East,2023,5472.6,19.8,15343.2,-1.9,43.7,90.5,31.6,9.2,310095.7,310095.7,620191.4,56.663322735080214,56.663322735080214,113.32664547016043,43.76666666666666,-0.018807709547288165
221,Company_221,Healthcare,Middle East,2024,6436.9,18.6,21727.1,17.6,43.9,92.3,31.8,7.8,356623.8,356623.8,713247.7,55.403035622737654,55.403035622737654,110.80608678090385,43.96666666666667,0.17620509447063548
221,Company_221,Healthcare,Middle East,2025,7864.2,20.9,40586.5,22.2,44.6,90.8,34.0,8.9,443919.3,443919.3,887838.7,56.44811932555123,56.44811932555123,112.89625136695405,44.56666666666666,0.22173717161987927
222,Company_222,Technology,Asia,2015,11486.5,19.0,65937.4,6.3,45.6,90.2,14.3,32.3,326644.1,195986.5,653288.2,28.437217603273407,17.062334044312887,56.87443520654681,45.6,
222,Company_222,Technology,Asia,2016,12010.0,21.5,88029.5,4.6,47.3,91.9,15.9,34.1,334260.6,200556.4,668521.3,27.831856786011656,16.699117402164863,55.66372189841799,47.300000000000004,0.04557524049971695
222,Company_222,Technology,Asia,2017,12974.2,13.1,40869.1,8.0,47.3,94.1,17.2,30.5,351146.8,210688.1,702293.7,27.065005934855325,16.23900510243406,54.130019577314975,47.26666666666667,0.08028309741881778
222,Company_222,Technology,Asia,2018,13481.2,13.0,35413.3,3.9,49.0,95.9,17.1,33.9,356212.5,213727.5,712425.1,26.422907456309527,15.853744473785715,52.84582233035634,48.96666666666667,0.03907755391469214
222,Company_222,Technology,Asia,2019,15113.8,13.3,69708.9,12.1,48.9,97.7,15.7,33.2,389879.9,233928.0,779759.9,25.796285513901207,15.477775278222552,51.592577644272126,48.866666666666674,0.1211019790523098
222,Company_222,Technology,Asia,2020,15470.3,7.3,36942.8,2.4,48.7,95.2,17.2,33.8,412711.5,247626.9,825423.0,26.677666237888083,16.00659974273285,53.355332475776166,48.73333333333333,0.023587714539030635
222,Company_222,Technology,Asia,2021,18738.3,7.9,49362.7,21.1,49.6,93.8,18.3,36.6,508827.3,305296.4,1017654.5,27.15440034581579,16.292641274822156,54.30879535496817,49.56666666666666,0.21124347944125188
222,Company_222,Technology,Asia,2022,19168.9,7.4,34499.1,2.3,50.9,93.4,21.4,38.0,523467.4,314080.5,1046934.8,27.308160614328415,16.38489949866711,54.61632122865683,50.93333333333334,0.02297967264906653
222,Company_222,Technology,Asia,2023,22326.5,8.0,30885.8,16.5,49.1,92.7,20.4,34.3,614956.5,368973.9,1229913.1,27.54379325017356,16.526275950104136,55.0875909793295,49.133333333333326,0.16472515376469166
222,Company_222,Technology,Asia,2024,24641.8,8.4,67757.2,10.4,51.1,95.3,23.1,34.8,656228.5,393737.1,1312457.0,26.630704737478595,15.978422842487156,53.26140947495719,51.06666666666666,0.10370187893310634
222,Company_222,Technology,Asia,2025,24496.5,6.7,52956.5,-0.6,51.8,97.7,20.5,37.2,632173.4,379304.0,1264346.8,25.80668258730839,15.484007919498703,51.61336517461678,51.800000000000004,-0.005896484834711724
223,Company_223,Transportation,Latin America,2015,398.5,4.9,368.0,-7.95,26.1,18.4,54.4,5.7,256096.8,42682.8,853655.9,642.6519447929736,107.10865746549561,2142.1728983688836,26.166666666666668,
223,Company_223,Transportation,Latin America,2016,349.4,5.9,184.3,-12.3,28.5,20.6,56.6,8.5,221369.0,36894.8,737896.5,633.5689753863767,105.59473382942188,2111.8961076130513,28.566666666666666,-0.12321204516938522
223,Company_223,Transportation,Latin America,2017,323.4,4.6,266.3,-7.4,29.3,23.2,56.9,7.6,201263.6,33543.9,670878.6,622.3364254792826,103.7226345083488,2074.4545454545455,29.23333333333333,-0.0744132799084144
223,Company_223,Transportation,Latin America,2018,334.3,4.9,197.3,3.4,29.7,23.4,59.9,5.9,207868.5,34644.7,692894.9,621.8022734071193,103.63356266826203,2072.6739455578822,29.733333333333334,0.03370439084724808
223,Company_223,Transportation,Latin America,2019,305.7,7.1,257.2,-8.5,32.9,28.6,61.3,8.8,183425.0,30570.8,611416.7,600.0163559044815,100.00261694471705,2000.0546287209681,32.9,-0.08555189949147479
223,Company_223,Transportation,Latin America,2020,331.1,4.7,254.7,8.3,35.1,33.1,63.2,9.1,192407.7,32068.0,641359.1,581.1165810933253,96.85291452733313,1937.055572334642,35.13333333333333,0.08308799476611073
223,Company_223,Transportation,Latin America,2021,337.1,4.4,180.3,1.8,37.4,36.8,66.0,9.5,190598.6,31766.4,635328.8,565.4067042420646,94.23435182438445,1884.6894096707208,37.43333333333333,0.018121413470250758
223,Company_223,Transportation,Latin America,2022,293.4,3.7,189.7,-13.0,38.1,38.7,64.3,11.4,163565.1,27260.8,545217.0,557.4815950920246,92.91342876618951,1858.271983640082,38.13333333333333,-0.12963512310886993
223,Company_223,Transportation,Latin America,2023,265.4,-0.5,282.1,-9.5,38.2,40.1,65.5,9.0,146377.7,24396.3,487925.8,551.5361718161267,91.92275810097966,1838.4544084400904,38.199999999999996,-0.0954328561690525
223,Company_223,Transportation,Latin America,2024,231.0,-2.2,353.9,-13.0,40.6,44.6,68.1,9.1,123025.1,20504.2,410083.6,532.5761904761905,88.76277056277057,1775.2536796536795,40.599999999999994,-0.12961567445365474
223,Company_223,Transportation,Latin America,2025,216.4,-3.8,1045.5,-6.3,40.0,43.3,67.7,9.0,116498.2,19416.4,388327.4,538.3465804066543,89.72458410351202,1794.4889094269872,40.0,-0.06320346320346315
224,Company_224,Manufacturing,Europe,2015,1359.3,8.1,2161.3,5.6,39.8,5.2,66.5,47.9,474632.1,632842.8,7910535.3,349.17391304347825,465.5652173913044,5819.565438093136,39.86666666666667,
224,Company_224,Manufacturing,Europe,2016,1458.8,12.4,2011.7,7.3,40.3,6.4,67.7,46.8,505408.9,673878.5,8423481.2,346.4552371812449,461.9402933918289,5774.253633123115,40.300000000000004,0.07319944088869268
224,Company_224,Manufacturing,Europe,2017,1382.0,11.2,1343.8,-5.3,40.6,7.3,69.9,44.5,476488.5,635318.1,7941475.7,344.7818379160637,459.70918958031837,5746.364471780029,40.56666666666667,-0.05264601041952288
224,Company_224,Manufacturing,Europe,2018,1634.0,14.1,4145.0,18.2,40.4,6.2,69.6,45.4,566806.5,755742.0,9446774.7,346.8828029375765,462.51040391676867,5781.379865361077,40.4,0.1823444283646889
224,Company_224,Manufacturing,Europe,2019,1611.4,15.5,4856.2,-1.4,42.9,8.7,72.5,47.6,550720.2,734293.5,9178669.2,341.7650490256919,455.686669976418,5696.083653965495,42.93333333333334,-0.013831089351285186
224,Company_224,Manufacturing,Europe,2020,1601.9,14.0,2705.5,-0.6,45.1,10.7,75.4,49.1,540518.6,720691.5,9008643.4,337.42343467132775,449.8979337037268,5623.723952806043,45.06666666666667,-0.005895494600968054
224,Company_224,Manufacturing,Europe,2021,1663.5,14.8,3060.3,3.9,46.2,12.0,77.7,48.8,556882.5,742509.9,9281374.3,334.76555455365195,446.35401262398557,5579.4254884280135,46.166666666666664,0.03845433547662136
224,Company_224,Manufacturing,Europe,2022,1831.1,14.8,3453.3,10.1,48.0,12.7,81.9,49.4,610223.8,813631.7,10170396.0,333.25531101523677,444.34039648298835,5554.2548195074005,48.0,0.100751427712654
224,Company_224,Manufacturing,Europe,2023,2241.7,15.7,4267.8,22.4,47.8,13.3,80.8,49.4,744382.1,992509.5,12406368.6,332.06142659588704,442.74858366418346,5534.35722888879,47.833333333333336,0.22423679755338322
224,Company_224,Manufacturing,Europe,2024,2271.4,17.1,4512.4,1.3,48.5,15.1,80.2,50.3,745713.9,994285.1,12428564.2,328.3058466144228,437.7410847935194,5471.763758034692,48.53333333333333,0.013248873622697221
224,Company_224,Manufacturing,Europe,2025,2588.3,16.9,7758.6,13.9,50.2,20.3,80.6,49.8,821696.0,1095594.7,13694933.2,317.4655179075068,423.28737008847503,5291.09191361125,50.23333333333333,0.139517478207273
225,Company_225,Retail,Europe,2015,685.6,7.8,900.1,10.45,81.7,75.6,78.1,91.2,45974.7,22987.4,91949.4,67.05761376896149,33.52887981330222,134.11522753792298,81.63333333333333,
225,Company_225,Retail,Europe,2016,699.2,6.7,1127.9,2.0,82.8,77.4,81.2,89.8,46034.2,23017.1,92068.4,65.83838672768879,32.91919336384439,131.67677345537757,82.80000000000001,0.019836639439906767
225,Company_225,Retail,Europe,2017,710.4,6.9,1108.7,1.6,83.0,77.6,84.1,87.3,46666.5,23333.2,93333.0,65.69045608108108,32.84515765765766,131.38091216216216,83.0,0.016018306636155444
225,Company_225,Retail,Europe,2018,809.4,5.2,954.5,13.9,83.4,80.8,82.9,86.6,51347.0,25673.5,102693.9,63.4383493946133,31.71917469730665,126.8765752409192,83.43333333333332,0.13935810810810811
225,Company_225,Retail,Europe,2019,826.2,5.3,932.9,2.1,84.1,83.4,81.4,87.5,50906.4,25453.2,101812.8,61.615105301379806,30.807552650689903,123.23021060275961,84.10000000000001,0.02075611564121571
225,Company_225,Retail,Europe,2020,915.9,4.4,850.7,10.9,84.9,87.2,79.0,88.4,54024.3,27012.1,108048.5,58.98493285293155,29.492411835353202,117.96975652363795,84.86666666666666,0.10856935366739284
225,Company_225,Retail,Europe,2021,936.2,8.0,1403.0,2.2,86.7,89.3,79.6,91.3,53840.0,26920.0,107680.0,57.50907925656911,28.754539628284554,115.01815851313822,86.73333333333333,0.022163991702150998
225,Company_225,Retail,Europe,2022,1045.5,7.1,1263.3,11.7,84.6,86.6,78.5,88.9,62116.8,31058.4,124233.6,59.41348637015782,29.70674318507891,118.82697274031564,84.66666666666667,0.11674855800042727
225,Company_225,Retail,Europe,2023,1248.1,9.8,2392.6,19.4,83.0,84.9,76.8,87.4,75633.9,37816.9,151267.8,60.599230830862915,30.299575354538902,121.19846166172583,83.03333333333333,0.19378287900526048
225,Company_225,Retail,Europe,2024,1402.8,9.7,1403.9,12.4,83.3,85.7,78.8,85.5,84213.9,42106.9,168427.7,60.032720273738235,30.016324493869405,120.06536926147706,83.33333333333333,0.12394840157038711
225,Company_225,Retail,Europe,2025,1543.7,8.7,3180.4,10.0,84.1,85.3,81.3,85.5,93023.3,46511.7,186046.7,60.25995983675585,30.130012308090947,120.51998445293775,84.03333333333333,0.10044197319646431
226,Company_226,Healthcare,Middle East,2015,3110.3,25.2,15717.2,-0.6,24.3,57.8,4.9,10.1,247293.1,247293.1,494586.3,79.50779667556183,79.50779667556183,159.0156255023631,24.266666666666666,
226,Company_226,Healthcare,Middle East,2016,3141.4,23.0,12892.1,1.0,23.8,59.1,3.0,9.4,246999.1,246999.1,493998.1,78.62707709938245,78.62707709938245,157.25412236582414,23.833333333333332,0.009999035462816996
226,Company_226,Healthcare,Middle East,2017,3123.1,26.4,11708.4,-0.6,24.6,59.4,0.9,13.4,244861.1,244861.1,489722.2,78.40322115846435,78.40322115846435,156.8064423169287,24.566666666666666,-0.0058254281530528695
226,Company_226,Healthcare,Middle East,2018,3071.6,22.4,15100.6,-1.7,26.4,61.0,2.0,16.1,237421.3,237421.3,474842.6,77.29564396405782,77.29564396405782,154.59128792811563,26.366666666666664,-0.01649002593576898
226,Company_226,Healthcare,Middle East,2019,2833.2,24.1,16545.6,-7.8,26.3,60.3,2.4,16.1,220310.3,220310.3,440620.6,77.76023577580122,77.76023577580122,155.52047155160244,26.266666666666666,-0.0776142726917568
226,Company_226,Healthcare,Middle East,2020,3099.5,26.6,10408.7,9.4,27.4,61.5,3.6,17.0,238503.8,238503.8,477007.7,76.94912082593966,76.94912082593966,153.8982739151476,27.366666666666664,0.09399265847804616
226,Company_226,Healthcare,Middle East,2021,2728.3,30.6,13275.6,-12.0,28.6,64.3,5.9,15.4,204612.3,204612.3,409224.6,74.9962614082029,74.9962614082029,149.9925228164058,28.533333333333335,-0.11976125181480879
226,Company_226,Healthcare,Middle East,2022,2712.6,31.8,17434.9,-0.6,29.5,65.7,3.4,19.5,200805.4,200805.4,401610.9,74.02691145026911,74.02691145026911,148.05385976553862,29.533333333333335,-0.005754499138657887
226,Company_226,Healthcare,Middle East,2023,2780.0,30.3,16272.9,2.5,28.8,67.5,3.0,16.1,202268.9,202268.9,404537.9,72.75859712230216,72.75859712230216,145.51723021582734,28.866666666666664,0.024847010248470136
226,Company_226,Healthcare,Middle East,2024,2819.5,29.4,15592.1,1.4,30.0,68.7,4.7,16.5,202745.1,202745.1,405490.2,71.90817520837028,71.90817520837028,143.81635041674056,29.96666666666667,0.014208633093525158
226,Company_226,Healthcare,Middle East,2025,2743.9,29.6,13161.7,-2.7,29.6,69.3,3.5,16.1,196114.1,196114.1,392228.1,71.47275775356245,71.47275775356245,142.94547906264805,29.633333333333336,-0.02681326476325585
227,Company_227,Transportation,Asia,2015,1045.8,3.8,629.2,0.8,48.4,33.6,38.8,72.8,605335.5,100889.2,2017784.9,578.8253012048193,96.47083572384777,1929.4175750621534,48.4,
227,Company_227,Transportation,Asia,2016,1032.5,1.6,164.9,-1.3,47.1,29.8,39.1,72.3,614120.3,102353.4,2047067.6,594.7896368038741,99.13162227602905,1982.6320581113803,47.06666666666666,-0.012717536813922292
227,Company_227,Transportation,Asia,2017,1083.9,2.5,244.6,5.0,47.1,27.4,39.9,74.0,655724.4,109287.4,2185747.9,604.967616938832,100.82793615647199,2016.5586308700063,47.1,0.049782082324455246
227,Company_227,Transportation,Asia,2018,1081.9,-0.8,1560.4,-0.2,47.2,25.6,40.3,75.6,662841.5,110473.6,2209471.6,612.6642942970699,102.1107311211757,2042.214252703577,47.166666666666664,-0.0018451886705415088
227,Company_227,Transportation,Asia,2019,973.4,4.8,514.4,-10.0,49.4,28.2,44.2,75.7,585562.1,97593.7,1951873.7,601.5636942675159,100.26063283336758,2005.212348469283,49.366666666666674,-0.10028653295128953
227,Company_227,Transportation,Asia,2020,968.0,1.6,171.0,-0.6,50.8,31.4,44.8,76.4,569396.7,94899.5,1897989.0,588.2197314049587,98.03667355371901,1960.732438016529,50.86666666666667,-0.00554756523525779
227,Company_227,Transportation,Asia,2021,1138.0,-3.8,1809.8,17.6,51.9,33.2,44.5,78.1,660772.9,110128.8,2202576.4,580.6440246045695,96.77398945518453,1935.4801405975395,51.93333333333334,0.17561983471074383
227,Company_227,Transportation,Asia,2022,1208.5,-1.1,5641.4,6.2,51.3,34.0,42.7,77.2,697745.2,116290.9,2325817.3,577.3646669424907,96.22747207281753,1924.5488622258997,51.300000000000004,0.06195079086115984
227,Company_227,Transportation,Asia,2023,1102.1,-1.4,4935.2,-8.8,51.6,36.7,39.6,78.5,623696.0,103949.3,2078986.8,565.9159785863352,94.31929951909991,1886.3867162689412,51.6,-0.08804302854778656
227,Company_227,Transportation,Asia,2024,1327.0,-0.1,5389.2,20.4,53.2,36.3,44.7,78.6,753137.1,125522.9,2510457.1,567.5486812358704,94.5914845516202,1891.8290128108515,53.199999999999996,0.2040649668814083
227,Company_227,Transportation,Asia,2025,1350.3,5.5,722.0,1.8,55.4,38.3,48.2,79.8,755116.1,125852.7,2517053.8,559.2209879286085,93.20351033103755,1864.0700585055172,55.43333333333334,0.017558402411454344
228,Company_228,Finance,Africa,2015,1621.4,11.5,2283.0,9.75,51.6,95.1,40.3,19.4,17337.2,8668.6,43343.1,10.692734673738745,5.346367336869372,26.731898359442454,51.599999999999994,
228,Company_228,Finance,Africa,2016,2050.2,13.8,4679.2,26.4,50.3,94.4,38.9,17.5,22104.3,11052.2,55260.8,10.781533508925959,5.390791142327578,26.9538581601795,50.26666666666667,0.26446280991735516
228,Company_228,Finance,Africa,2017,2097.9,13.0,4639.1,2.3,50.8,95.7,38.7,18.0,22255.3,11127.7,55638.3,10.608370275036942,5.304208970875638,26.52094952094952,50.800000000000004,0.023266022827041377
228,Company_228,Finance,Africa,2018,2389.8,14.2,5965.2,13.9,52.0,98.5,37.8,19.7,24403.1,12201.5,61007.7,10.211356598878567,5.105657377186375,25.528370574943505,52.0,0.13913913913913922
228,Company_228,Finance,Africa,2019,2669.0,14.2,4602.1,11.7,54.4,99.6,39.1,24.4,26825.2,13412.6,67063.1,10.050655676283252,5.025327838141626,25.126676657924317,54.36666666666667,0.11682986023935049
228,Company_228,Finance,Africa,2020,2767.7,13.4,3117.0,3.7,54.4,100.0,37.3,25.8,27677.4,13838.7,69193.5,10.000144524334287,5.000072262167143,25.000361310835714,54.366666666666674,0.036980142375421465
228,Company_228,Finance,Africa,2021,3042.2,13.0,3228.5,9.9,53.7,98.6,38.1,24.4,31024.3,15512.1,77560.6,10.197981723752548,5.098974426401947,25.49490500295839,53.699999999999996,0.09917982440293382
228,Company_228,Finance,Africa,2022,3019.3,14.3,5183.7,-0.8,52.2,98.3,37.4,20.8,30904.6,15452.3,77261.5,10.235683767760738,5.117841883880369,25.589209419401847,52.166666666666664,-0.007527447242127283
228,Company_228,Finance,Africa,2023,3308.7,15.6,4503.2,9.6,52.3,99.5,36.8,20.6,33333.2,16666.6,83333.1,10.074409889080304,5.037204944540152,25.18605494605132,52.300000000000004,0.09585003146424653
228,Company_228,Finance,Africa,2024,3733.7,17.2,9788.9,12.8,51.8,98.8,35.0,21.5,37968.3,18984.1,94920.7,10.169081608056352,5.084527412486273,25.42269062859898,51.76666666666667,0.1284492398827335
228,Company_228,Finance,Africa,2025,3857.0,15.6,6295.6,3.3,54.6,100.0,40.2,23.5,38570.2,19285.1,96425.6,10.00005185377236,5.00002592688618,25.000155561317086,54.56666666666666,0.03302354233066396
229,Company_229,Finance,Africa,2015,2224.8,12.7,5189.0,3.1500000000000004,31.1,46.8,10.4,36.1,38819.4,19409.7,97048.4,17.44848975188781,8.724244875943905,43.62117943185904,31.099999999999998,
229,Company_229,Finance,Africa,2016,2433.0,12.2,4075.9,9.4,31.1,47.9,10.6,35.0,42085.3,21042.7,105213.3,17.29769831483765,8.648869708179204,43.244266337854505,31.166666666666668,0.09358144552319292
229,Company_229,Finance,Africa,2017,2637.3,12.3,2687.1,8.4,32.2,46.1,13.1,37.5,46288.4,23144.2,115721.0,17.551435179918855,8.775717589959427,43.87858794979714,32.233333333333334,0.08397040690505553
229,Company_229,Finance,Africa,2018,2623.2,12.6,6408.0,-0.5,33.5,47.7,14.6,38.2,45449.3,22724.7,113623.3,17.32589966453187,8.66296889295517,43.31476822201891,33.5,-0.005346376976453349
229,Company_229,Finance,Africa,2019,2412.0,11.0,3940.9,-8.1,34.5,49.9,16.6,37.1,41034.1,20517.0,102585.2,17.01247927031509,8.506218905472636,42.53117744610282,34.53333333333333,-0.08051235132662393
229,Company_229,Finance,Africa,2020,2727.3,10.3,4742.4,13.1,34.3,50.0,16.3,36.6,46350.6,23175.3,115876.5,16.995050049499504,8.497525024749752,42.48762512374876,34.300000000000004,0.13072139303482588
229,Company_229,Finance,Africa,2021,2586.3,10.0,2737.0,-5.2,35.7,51.7,16.2,39.3,43344.6,21672.3,108361.5,16.759308664888064,8.379654332444032,41.898271662220154,35.733333333333334,-0.05169948300516991
229,Company_229,Finance,Africa,2022,2681.2,10.6,5383.6,3.7,38.6,54.7,20.0,41.1,43798.7,21899.3,109496.7,16.335484111591825,8.16772340742951,40.83869163061316,38.6,0.03669334570622107
229,Company_229,Finance,Africa,2023,2891.9,10.2,5295.1,7.9,38.7,56.3,18.1,41.9,46612.2,23306.1,116530.6,16.118192191984505,8.059096095992253,40.295515059303575,38.76666666666667,0.07858421602267662
229,Company_229,Finance,Africa,2024,2968.3,10.5,3358.5,2.6,36.9,52.7,20.2,37.7,49338.5,24669.3,123346.3,16.621803726038472,8.310918707677795,41.554526159754744,36.86666666666667,0.02641861751789487
229,Company_229,Finance,Africa,2025,2847.5,8.9,2418.8,-4.1,37.9,51.9,23.5,38.3,47646.8,23823.4,119116.9,16.732853380158033,8.366426690079017,41.83209833187006,37.9,-0.040696695077990785
230,Company_230,Transportation,Europe,2015,275.4,3.9,201.5,6.5,66.5,41.3,67.9,90.4,150541.1,25090.2,501803.7,546.6270878721859,91.1045751633987,1822.0904139433553,66.53333333333335,
230,Company_230,Transportation,Europe,2016,277.6,4.4,194.3,0.8,65.7,40.1,69.3,87.8,153123.1,25520.5,510410.2,551.5961815561959,91.93263688760806,1838.6534582132563,65.73333333333333,0.007988380537400364
230,Company_230,Transportation,Europe,2017,310.3,6.4,235.2,11.8,66.9,39.3,71.4,90.2,172224.0,28704.0,574080.1,555.0241701579117,92.50402835965194,1850.080889461811,66.96666666666667,0.11779538904899134
230,Company_230,Transportation,Europe,2018,320.8,6.3,224.7,3.4,67.4,39.7,72.8,89.9,177505.3,29584.2,591684.4,553.3207605985037,92.22007481296758,1844.4027431421446,67.46666666666667,0.033838221076377684
230,Company_230,Transportation,Europe,2019,321.1,7.1,317.7,0.1,66.9,38.4,73.1,89.3,179392.1,29898.7,597973.6,558.6798505138586,93.11336032388664,1862.2659607598878,66.93333333333334,0.0009351620947630757
230,Company_230,Transportation,Europe,2020,361.1,5.3,227.4,12.5,67.7,40.6,72.1,90.4,198420.6,33070.1,661402.0,549.489338133481,91.58155635558016,1831.6311271116033,67.7,0.12457178449081274
230,Company_230,Transportation,Europe,2021,397.0,10.7,447.2,9.9,70.4,44.1,75.6,91.5,212264.3,35377.4,707547.6,534.6707808564231,89.111838790932,1782.2357682619647,70.39999999999999,0.09941844364441965
230,Company_230,Transportation,Europe,2022,421.7,4.2,272.8,6.2,73.2,50.6,74.5,94.6,214050.9,35675.2,713503.0,507.5904671567465,84.59852976049324,1691.9682238558216,73.23333333333333,0.062216624685138555
230,Company_230,Transportation,Europe,2023,515.7,4.5,465.6,22.3,74.1,48.8,75.9,97.6,265665.9,44277.6,885552.9,515.1559045956951,85.85922047702151,1717.1861547411283,74.10000000000001,0.22290728005691274
230,Company_230,Transportation,Europe,2024,550.8,5.4,553.9,6.8,73.7,50.6,76.6,93.9,279611.3,46601.9,932037.6,507.6457879448076,84.6076615831518,1692.152505446623,73.7,0.06806282722513068
230,Company_230,Transportation,Europe,2025,549.4,7.5,515.3,-0.3,75.3,52.6,78.3,95.1,274250.4,45708.4,914168.0,499.1816527120496,83.19694211867493,1663.9388423734983,75.33333333333333,-0.0025417574437182067
231,Company_231,Technology,Europe,2015,3950.4,18.6,12680.5,3.55,61.8,64.8,94.0,26.5,147439.7,88463.8,294879.3,37.32272681247469,22.39363102470636,74.6454283110571,61.76666666666667,
231,Company_231,Technology,Europe,2016,4242.8,15.9,10341.4,7.4,64.4,66.2,97.4,29.6,156323.6,93794.2,312647.2,36.84444234939191,22.106674837371546,73.68888469878382,64.4,0.07401782098015386
231,Company_231,Technology,Europe,2017,4053.4,16.7,18333.7,-4.5,66.1,67.4,96.7,34.1,147518.3,88511.0,295036.6,36.39371885330833,21.83623624611437,72.78743770661666,66.06666666666668,-0.044640331856321325
231,Company_231,Technology,Europe,2018,4419.0,17.7,12923.4,9.0,68.1,69.7,100.0,34.5,157270.1,94362.1,314540.3,35.589522516406426,21.353722561665535,71.17906766236705,68.06666666666666,0.09019588493610309
231,Company_231,Technology,Europe,2019,4335.4,13.7,17184.9,-1.9,68.1,71.4,100.0,32.8,151751.4,91050.8,303502.8,35.00286017437838,21.001706878258062,70.00572034875675,68.06666666666666,-0.018918307309346072
231,Company_231,Technology,Europe,2020,4108.7,11.4,8825.1,-5.2,69.3,72.3,100.0,35.6,142527.0,85516.2,285054.1,34.68907440309587,20.813444641857522,69.37817314479032,69.3,-0.05229044609493927
231,Company_231,Technology,Europe,2021,3958.1,12.6,15743.8,-3.7,70.5,73.5,100.0,38.0,135725.5,81435.3,271450.9,34.290568707208,20.574341224324805,68.58111214976884,70.5,-0.036653929466741286
231,Company_231,Technology,Europe,2022,4374.3,11.8,8460.3,10.5,70.9,73.4,99.9,39.4,150066.0,90039.6,300132.0,34.306289006240995,20.5837734037446,68.61257801248199,70.9,0.10515146155983945
231,Company_231,Technology,Europe,2023,4584.0,12.8,11608.4,4.8,70.2,71.4,100.0,39.1,160530.2,96318.1,321060.5,35.01967713787086,21.01180191972077,70.03937609075044,70.16666666666667,0.04793909882724079
231,Company_231,Technology,Europe,2024,4848.4,15.7,14785.7,5.8,71.7,75.1,100.0,39.9,163499.1,98099.5,326998.2,33.72227951489151,20.233375959079286,67.44455902978302,71.66666666666667,0.05767888307155311
231,Company_231,Technology,Europe,2025,4959.3,15.7,26805.3,2.3,71.1,74.8,100.0,38.5,167771.8,100663.1,335543.7,33.82973403504526,20.297844453854374,67.6594882342266,71.10000000000001,0.02287352528669273
232,Company_232,Manufacturing,Asia,2015,1042.8,8.8,1010.0,2.75,27.2,20.2,29.4,31.9,331210.5,441613.9,5520174.4,317.61651323360184,423.48858841580363,5293.6079785193715,27.166666666666668,
232,Company_232,Manufacturing,Asia,2016,1000.8,7.1,1516.3,-4.0,27.7,18.5,31.9,32.7,321322.6,428430.1,5355376.4,321.06574740207833,428.0876298960831,5351.095523581136,27.7,-0.04027617951668583
232,Company_232,Manufacturing,Asia,2017,1082.1,5.0,583.6,8.1,27.7,16.6,32.4,34.1,351802.2,469069.6,5863369.8,325.11061824230666,433.4808243230755,5418.510119212642,27.7,0.08123501199040772
232,Company_232,Manufacturing,Asia,2018,1122.6,6.9,1548.7,3.7,29.2,17.1,34.3,36.1,363728.9,484971.9,6062148.7,324.0057901300553,432.0077498663817,5400.096828790309,29.166666666666668,0.0374272248405878
232,Company_232,Manufacturing,Asia,2019,1270.3,6.1,1132.6,13.2,30.8,19.4,35.6,37.5,405638.8,540851.7,6760646.2,319.32519877194363,425.76690545540424,5322.086278831773,30.833333333333332,0.13156957063958674
232,Company_232,Manufacturing,Asia,2020,1469.3,5.3,674.7,15.7,31.4,19.1,37.3,37.9,470117.8,626823.7,7835296.4,319.9603893010277,426.61382971483016,5332.672973524808,31.433333333333334,0.15665590805321572
232,Company_232,Manufacturing,Asia,2021,1327.5,8.1,1685.6,-9.6,29.3,14.5,35.8,37.4,437346.7,583128.9,7289111.7,329.45137476459513,439.2684745762712,5490.856271186441,29.23333333333333,-0.09650854148233845
232,Company_232,Manufacturing,Asia,2022,1350.9,11.6,2367.9,1.8,30.5,17.0,36.8,37.8,438207.5,584276.6,7303457.7,324.3818935524465,432.5091420534458,5406.364423717521,30.53333333333333,0.017627118644067963
232,Company_232,Manufacturing,Asia,2023,1438.0,12.9,2895.3,6.4,29.5,17.9,33.3,37.3,463605.5,618140.7,7726758.6,322.3960361613352,429.86140472879,5373.267454798331,29.5,0.06447553482863277
232,Company_232,Manufacturing,Asia,2024,1381.0,14.6,1906.7,-4.0,29.1,21.1,29.5,36.8,436083.9,581445.1,7268064.3,315.7740043446778,421.03193338160753,5262.899565532223,29.133333333333336,-0.03963838664812236
232,Company_232,Manufacturing,Asia,2025,1257.4,13.9,1513.0,-8.9,30.8,21.1,33.2,38.1,396912.3,529216.4,6615204.4,315.6611261332909,420.8815015110545,5261.018291713059,30.8,-0.08950036205648071
233,Company_233,Transportation,Africa,2015,1099.8,7.8,747.2,1.5,52.4,36.7,64.9,55.7,622557.9,103759.6,2075193.0,566.0646481178396,94.34406255682852,1886.8821603927988,52.43333333333334,
233,Company_233,Transportation,Africa,2016,1143.3,8.6,1006.9,4.0,54.4,37.6,65.3,60.4,642536.6,107089.4,2141788.6,562.0017493221377,93.66692906498731,1873.3391060963877,54.43333333333334,0.039552645935624575
233,Company_233,Transportation,Africa,2017,1299.8,13.2,2237.1,13.7,55.0,39.3,64.2,61.6,721318.7,120219.8,2404395.6,554.9459147561163,92.49099861517158,1849.8196645637793,55.03333333333333,0.13688445727280674
233,Company_233,Transportation,Africa,2018,1419.8,11.9,3193.4,9.2,55.5,39.3,64.8,62.5,787861.4,131310.2,2626204.7,554.9101281870686,92.48499788702635,1849.7004507677138,55.53333333333333,0.09232189567625793
233,Company_233,Transportation,Africa,2019,1519.3,16.3,3257.7,7.0,55.8,37.3,67.3,62.9,856147.2,142691.2,2853824.1,563.514249983545,93.91904166392419,1878.380899098269,55.833333333333336,0.07008029299901386
233,Company_233,Transportation,Africa,2020,1532.3,15.0,1873.4,0.9,55.3,36.9,65.5,63.5,866033.3,144338.9,2886777.7,565.1852117731515,94.19754617242054,1883.9507276642958,55.300000000000004,0.008556572105574922
233,Company_233,Transportation,Africa,2021,1547.3,12.8,3002.5,1.0,55.6,38.2,64.9,63.7,866009.4,144334.9,2886697.8,559.6906870031669,93.28178116719447,1865.635494086473,55.6,0.009789205769105358
233,Company_233,Transportation,Africa,2022,1488.9,9.9,2098.3,-3.8,57.1,41.6,67.0,62.6,811902.2,135317.0,2706340.5,545.3033783329975,90.88387400094028,1817.677815837195,57.06666666666666,-0.03774316551412127
233,Company_233,Transportation,Africa,2023,1421.7,7.3,2087.9,-4.5,57.3,39.8,65.9,66.4,786111.6,131018.6,2620371.8,552.9377505802912,92.15629176338187,1843.1256945909824,57.366666666666674,-0.04513399153737663
233,Company_233,Transportation,Africa,2024,1449.6,1.2,233.8,2.0,59.4,40.5,68.9,68.9,797106.5,132851.1,2657021.5,549.8803118101546,91.64673013245034,1832.9342577262694,59.43333333333334,0.01962439333192645
233,Company_233,Transportation,Africa,2025,1426.5,0.6,141.9,-1.6,60.4,43.7,69.5,68.0,765236.7,127539.4,2550788.9,536.4435331230284,89.40722046968104,1788.1450403084473,60.4,-0.01593543046357615
234,Company_234,Utilities,Asia,2015,339.8,12.7,567.5,6.6,30.6,21.2,25.2,45.6,285841.8,178651.1,2858418.1,841.206003531489,525.7536786344908,8412.06032960565,30.666666666666668,
234,Company_234,Utilities,Asia,2016,313.9,12.2,332.2,-7.6,32.0,26.0,24.0,45.9,255615.4,159759.6,2556153.8,814.3211213762345,508.95062121694815,8143.210576616757,31.96666666666667,-0.07622130665097127
234,Company_234,Utilities,Asia,2017,350.2,13.2,679.5,11.6,32.5,27.2,22.2,48.0,282786.9,176741.8,2827869.4,807.5011422044547,504.6881781838949,8075.012564249,32.46666666666667,0.11564192417967512
234,Company_234,Utilities,Asia,2018,363.5,11.7,468.7,3.8,34.9,29.0,25.3,50.5,290041.9,181276.2,2900419.4,797.9144429160935,498.696561210454,7979.14552957359,34.93333333333333,0.037978298115362685
234,Company_234,Utilities,Asia,2019,366.1,12.1,648.1,0.7,36.3,30.8,27.6,50.5,288388.0,180242.5,2883880.3,787.730128380224,492.33133023764,7877.302103250477,36.300000000000004,0.007152682255846088
234,Company_234,Utilities,Asia,2020,380.9,12.2,442.6,4.0,37.0,30.0,27.7,53.2,301550.2,188468.9,3015501.8,791.6781307429773,494.7988973483854,7916.780782357574,36.96666666666667,0.040426113083856796
234,Company_234,Utilities,Asia,2021,424.6,14.2,617.4,11.5,36.6,29.6,25.8,54.5,337325.2,210828.2,3373251.6,794.4540744229863,496.53367875647666,7944.539802166745,36.63333333333333,0.11472827513783157
234,Company_234,Utilities,Asia,2022,484.2,15.3,621.3,14.0,37.7,29.4,25.2,58.5,385044.7,240653.0,3850447.4,795.2182982238745,497.0115654688145,7952.18380834366,37.699999999999996,0.1403674046161092
234,Company_234,Utilities,Asia,2023,509.6,15.5,1049.8,5.3,37.4,28.1,25.3,58.7,409050.7,255656.7,4090507.3,802.6897566718995,501.6811224489796,8026.898155416012,37.36666666666667,0.052457662123089666
234,Company_234,Utilities,Asia,2024,583.0,15.8,927.5,14.4,36.5,28.3,22.2,58.9,467186.5,291991.6,4671865.4,801.3490566037735,500.84322469982845,8013.491252144083,36.46666666666667,0.14403453689167978
234,Company_234,Utilities,Asia,2025,629.2,16.4,823.3,7.9,38.3,31.5,24.2,59.3,493112.3,308195.2,4931123.2,783.7131277813095,489.8207247298156,7837.1315956770495,38.333333333333336,0.0792452830188679
235,Company_235,Healthcare,Middle East,2015,615.1,7.7,715.6,1.35,32.8,66.0,20.5,12.0,45398.5,45398.5,90797.1,73.80669809787027,73.80669809787027,147.61355877093155,32.833333333333336,
235,Company_235,Healthcare,Middle East,2016,550.6,9.3,1043.7,-10.5,33.1,64.8,21.8,12.8,41102.1,41102.1,82204.2,74.64965492190338,74.64965492190338,149.29930984380675,33.13333333333333,-0.10486099821167294
235,Company_235,Healthcare,Middle East,2017,509.2,10.0,835.1,-7.5,33.8,66.0,21.5,13.9,37579.8,37579.8,75159.6,73.80164964650433,73.80164964650433,147.60329929300866,33.800000000000004,-0.07519070105339631
235,Company_235,Healthcare,Middle East,2018,535.1,12.1,1261.4,5.1,34.1,65.6,22.7,14.0,39622.2,39622.2,79244.4,74.04634647729395,74.04634647729395,148.0926929545879,34.1,0.05086410054988222
235,Company_235,Healthcare,Middle East,2019,538.3,12.7,1120.3,0.6,32.9,65.1,22.3,11.2,40077.5,40077.5,80154.9,74.45197845067807,74.45197845067807,148.9037711313394,32.86666666666667,0.005980190618575909
235,Company_235,Healthcare,Middle East,2020,677.8,11.4,1074.8,25.9,33.4,69.4,23.0,7.8,48408.7,48408.7,96817.4,71.42033048096783,71.42033048096783,142.84066096193567,33.4,0.2591491733234257
235,Company_235,Healthcare,Middle East,2021,691.8,13.0,2092.2,2.1,34.3,70.6,22.0,10.2,48817.5,48817.5,97635.0,70.56591500433652,70.56591500433652,141.13183000867303,34.266666666666666,0.02065506048981991
235,Company_235,Healthcare,Middle East,2022,747.4,11.8,1117.3,8.0,33.9,69.2,26.6,5.8,53458.5,53458.5,106916.9,71.52595664971903,71.52595664971903,143.05177950227454,33.86666666666667,0.0803700491471524
235,Company_235,Healthcare,Middle East,2023,661.0,13.1,2096.5,-11.6,32.8,71.2,27.1,0.2,46383.2,46383.2,92766.5,70.17125567322239,70.17125567322239,140.34266263237518,32.833333333333336,-0.11560074926411557
235,Company_235,Healthcare,Middle East,2024,676.2,14.5,1722.7,2.3,34.6,71.9,27.5,4.5,47099.4,47099.4,94198.9,69.65306122448979,69.65306122448979,139.3062703342206,34.63333333333333,0.02299546142208775
235,Company_235,Healthcare,Middle East,2025,647.8,14.4,1664.4,-4.2,37.5,75.8,28.9,8.0,43379.2,43379.2,86758.3,66.96387774004323,66.96387774004323,133.92760111145418,37.56666666666666,-0.041999408459035936
236,Company_236,Retail,Asia,2015,1033.0,2.2,412.8,8.1,67.4,62.9,47.9,91.3,78468.9,39234.4,156937.8,75.9621490803485,37.9810261374637,151.924298160697,67.36666666666666,
236,Company_236,Retail,Asia,2016,1182.1,1.2,175.4,14.4,67.2,64.8,48.1,88.7,88234.5,44117.2,176469.0,74.64216225361645,37.321038829202266,149.2843245072329,67.2,0.14433688286544033
236,Company_236,Retail,Asia,2017,1232.7,2.4,385.7,4.3,69.2,66.6,48.1,92.9,90420.5,45210.2,180841.0,73.35158594954166,36.675752413401476,146.70317189908332,69.2,0.04280517722696908
236,Company_236,Retail,Asia,2018,1144.3,-0.9,1721.9,-7.2,70.8,66.2,50.9,95.4,84305.3,42152.7,168610.7,73.67412391855284,36.83710565411168,147.34833522677621,70.83333333333333,-0.07171250101403426
236,Company_236,Retail,Asia,2019,1247.6,-2.0,5421.5,9.0,71.5,68.7,50.5,95.1,89681.3,44840.7,179362.6,71.88305546649568,35.94156781019558,143.76611093299135,71.43333333333334,0.0902735296687931
236,Company_236,Retail,Asia,2020,1354.5,-4.0,5847.7,8.6,71.0,65.5,52.5,95.0,100478.7,50239.4,200957.5,74.18139534883721,37.090734588409006,148.36286452565523,71.0,0.08568451426739343
236,Company_236,Retail,Asia,2021,1446.6,-0.5,2842.9,6.8,71.8,67.8,50.3,97.2,104970.5,52485.3,209941.1,72.56359740080188,36.28183326420573,145.12726392921334,71.76666666666667,0.06799557032115167
236,Company_236,Retail,Asia,2022,1482.1,4.1,988.5,2.5,71.5,64.4,50.1,100.0,111030.7,55515.4,222061.5,74.91444571891236,37.45725659537143,149.82895890965523,71.5,0.02454030139637764
236,Company_236,Retail,Asia,2023,1594.2,3.5,1049.9,7.6,73.6,68.9,53.5,98.6,114470.9,57235.4,228941.7,71.80460419018944,35.90227073140133,143.6091456529921,73.66666666666667,0.07563592200256397
236,Company_236,Retail,Asia,2024,1764.7,4.1,805.2,10.7,73.3,68.5,52.8,98.7,127090.3,63545.1,254180.6,72.01807672692242,36.00901003003343,144.03615345384483,73.33333333333333,0.10695019445489895
236,Company_236,Retail,Asia,2025,2071.9,4.5,1179.4,17.4,74.6,70.8,52.9,100.0,145941.9,72971.0,291883.8,70.43867947294753,35.21936386891259,140.87735894589505,74.56666666666666,0.17408058026860096
237,Company_237,Finance,Asia,2015,2373.2,15.5,6548.4,-0.65,63.6,100.0,49.6,41.1,23733.5,11866.8,59333.9,10.000632057980786,5.000337097589752,25.001643350750044,63.56666666666666,
237,Company_237,Finance,Asia,2016,2344.6,12.6,3442.2,-1.2,62.7,98.5,49.0,40.7,23932.3,11966.2,59830.8,10.207412778299071,5.103727714748785,25.518553271346928,62.73333333333333,-0.012051238833642341
237,Company_237,Finance,Asia,2017,2552.7,13.0,4681.6,8.9,61.6,97.9,48.5,38.5,26292.3,13146.2,65730.8,10.299800211540722,5.149919692874212,25.749520115955658,61.63333333333333,0.08875714407574842
237,Company_237,Finance,Asia,2018,2497.8,15.7,5294.0,-2.2,64.2,99.9,51.9,40.7,25023.7,12511.8,62559.2,10.0182961005685,5.009128032668748,25.045720233805746,64.16666666666667,-0.021506640028205237
237,Company_237,Finance,Asia,2019,2697.8,19.1,7112.8,8.0,65.3,99.2,55.5,41.2,27280.3,13640.2,68200.9,10.11205426643932,5.056045666839647,25.28019126695826,65.3,0.08007046200656576
237,Company_237,Finance,Asia,2020,2616.8,16.2,8145.4,-3.0,64.6,100.0,55.1,38.8,26168.3,13084.1,65420.7,10.000114643839803,5.000038214613268,25.000267502292875,64.63333333333333,-0.030024464378382354
237,Company_237,Finance,Asia,2021,2752.8,13.8,4436.2,5.2,63.3,97.9,55.5,36.6,28331.5,14165.8,70828.8,10.291884626562045,5.145960476605637,25.72972972972973,63.333333333333336,0.05197187404463466
237,Company_237,Finance,Asia,2022,3102.6,9.6,5014.9,12.7,64.2,98.3,55.4,38.9,31742.9,15871.5,79357.3,10.231064268677883,5.11554824985496,25.577676787210727,64.2,0.12707061900610284
237,Company_237,Finance,Asia,2023,2936.5,5.6,3148.1,-5.4,64.3,97.2,57.5,38.3,30514.2,15257.1,76285.5,10.391350246892559,5.1956751234462795,25.978375617231396,64.33333333333333,-0.05353574421452967
237,Company_237,Finance,Asia,2024,2932.5,3.9,1813.5,-0.1,63.7,96.7,57.5,36.9,30684.9,15342.4,76712.2,10.463734015345269,5.231849957374254,26.15931798806479,63.699999999999996,-0.0013621658436914208
237,Company_237,Finance,Asia,2025,2768.8,5.6,1369.0,-5.6,65.2,98.6,59.9,37.1,28224.5,14112.3,70561.4,10.193766252528171,5.096901184628719,25.484469806414328,65.2,-0.05582267689684561
238,Company_238,Retail,Middle East,2015,640.2,7.3,801.1,7.8,33.8,75.3,18.7,7.2,43071.3,21535.6,86142.5,67.27788191190253,33.638862855357694,134.5556076226179,33.733333333333334,
238,Company_238,Retail,Middle East,2016,679.5,3.9,313.2,6.1,32.7,72.7,17.0,8.5,46969.7,23484.8,93939.3,69.12391464311993,34.561883738042674,138.2476821192053,32.733333333333334,0.06138706654170556
238,Company_238,Retail,Middle East,2017,641.3,3.1,443.0,-5.6,33.9,74.7,18.3,8.6,43439.9,21720.0,86879.8,67.73725245594886,33.86870419460471,135.47450491189772,33.86666666666667,-0.056217807211184745
238,Company_238,Retail,Middle East,2018,708.7,4.1,331.3,10.5,36.6,78.1,19.4,12.2,46277.1,23138.5,92554.1,65.29857485536898,32.64921687597008,130.59700860730916,36.56666666666667,0.1050990176204587
238,Company_238,Retail,Middle East,2019,780.9,3.4,304.7,10.2,38.8,81.7,21.1,13.6,49033.6,24516.8,98067.2,62.791138430016645,31.395569215008322,125.58227686003329,38.800000000000004,0.101876675603217
238,Company_238,Retail,Middle East,2020,726.2,3.8,282.9,-7.0,41.7,83.6,25.2,16.2,44629.6,22314.8,89259.2,61.45634811346736,30.72817405673368,122.91269622693471,41.666666666666664,-0.07004738122678955
238,Company_238,Retail,Middle East,2021,776.8,2.3,425.0,7.0,44.3,84.3,30.1,18.5,47390.5,23695.3,94781.1,61.00733779608651,30.503733264675592,122.01480432543771,44.300000000000004,0.06967777471770842
238,Company_238,Retail,Middle East,2022,685.4,3.2,546.5,-11.8,44.2,83.6,34.0,14.9,42154.4,21077.2,84308.8,61.50335570469799,30.751677852348994,123.00671140939598,44.166666666666664,-0.11766220391349125
238,Company_238,Retail,Middle East,2023,786.2,3.1,549.6,14.7,46.0,86.6,35.2,16.1,46703.9,23351.9,93407.8,59.40460442635462,29.702238616128213,118.80920885270923,45.96666666666667,0.1470674058943684
238,Company_238,Retail,Middle East,2024,853.5,3.8,512.4,8.6,46.5,85.4,35.7,18.3,51397.3,25698.7,102794.6,60.21944932630346,30.109783245459873,120.43889865260692,46.46666666666667,0.08560162808445693
238,Company_238,Retail,Middle East,2025,946.4,4.5,604.1,10.9,47.8,85.6,36.1,21.7,56852.7,28426.4,113705.4,60.072590870667796,30.0363482671175,120.14518174133559,47.79999999999999,0.10884592852958397
239,Company_239,Manufacturing,Latin America,2015,437.7,2.0,175.4,4.4,47.9,9.6,55.5,78.5,148702.3,198269.7,2478371.4,339.73566369659585,452.9808087731323,5662.260452364633,47.86666666666667,
239,Company_239,Manufacturing,Latin America,2016,536.4,7.0,568.2,22.5,49.3,12.9,55.2,79.8,178545.0,238060.0,2975749.7,332.85794183445194,443.81058911260254,5547.6318046234155,49.300000000000004,0.22549691569568187
239,Company_239,Manufacturing,Latin America,2017,638.7,5.9,818.4,19.1,49.8,13.3,57.5,78.6,212054.3,282739.1,3534238.9,332.00923751369965,442.6790355409425,5533.488179113824,49.79999999999999,0.19071588366890402
239,Company_239,Manufacturing,Latin America,2018,580.2,2.8,133.6,-9.2,50.1,16.0,57.6,76.9,189408.5,252544.6,3156807.5,326.45380903136845,435.27163047225093,5440.895380903136,50.166666666666664,-0.09159229685298265
239,Company_239,Manufacturing,Latin America,2019,669.5,0.8,51.7,15.4,51.1,17.4,58.9,77.1,216506.9,288675.9,3608448.9,323.38595967139656,431.1813293502614,5389.766840926064,51.133333333333326,0.15391244398483273
239,Company_239,Manufacturing,Latin America,2020,676.2,3.1,392.1,1.0,50.9,14.9,59.7,78.0,222261.9,296349.2,3704364.6,328.6925465838509,438.2567287784679,5478.208518189885,50.866666666666674,0.010007468259895402
239,Company_239,Manufacturing,Latin America,2021,711.5,8.1,944.5,5.2,51.2,14.8,60.3,78.5,234054.3,312072.4,3900905.1,328.9589599437807,438.6119465917077,5482.649472944484,51.199999999999996,0.05220349009168879
239,Company_239,Manufacturing,Latin America,2022,814.9,9.4,1570.7,14.5,49.0,15.1,56.2,75.8,267561.4,356748.5,4459356.2,328.3364830040496,437.7819364339183,5472.274144066757,49.03333333333333,0.1453267744202389
239,Company_239,Manufacturing,Latin America,2023,844.1,8.0,1158.9,3.6,48.3,9.0,59.6,76.3,287927.4,383903.2,4798789.7,341.1057931524701,454.80772420329345,5685.096197133041,48.29999999999999,0.03583261749907973
239,Company_239,Manufacturing,Latin America,2024,832.5,10.3,694.3,-1.4,49.0,9.6,60.2,77.2,282932.7,377243.6,4715544.8,339.8590990990991,453.14546546546546,5664.318078078078,49.0,-0.013742447577301253
239,Company_239,Manufacturing,Latin America,2025,801.6,10.8,1059.7,-3.7,48.8,12.1,58.3,76.1,268270.8,357694.4,4471179.4,334.6691616766467,446.2255489021956,5577.818612774451,48.833333333333336,-0.03711711711711707
240,Company_240,Transportation,Oceania,2015,858.7,5.9,990.5,16.95,48.6,36.2,51.7,57.9,487583.8,81264.0,1625279.2,567.8162338418539,94.63607779201118,1892.720624199371,48.6,
240,Company_240,Transportation,Oceania,2016,1157.4,7.7,1358.4,34.8,47.9,36.5,49.2,57.9,655921.8,109320.3,2186405.9,566.7200622083981,94.45334370139969,1889.0667876274406,47.86666666666667,0.3478514032840341
240,Company_240,Transportation,Oceania,2017,1344.9,8.3,1214.5,16.2,47.9,38.6,47.9,57.2,750352.6,125058.8,2501175.3,557.9244553498401,92.98743400996356,1859.7481597144767,47.9,0.16200103680663558
240,Company_240,Transportation,Oceania,2018,1350.2,10.9,2549.6,0.4,47.7,38.9,45.2,58.9,751519.5,125253.3,2505065.0,556.5986520515479,92.7664790401422,1855.3288401718264,47.666666666666664,0.00394081344337871
240,Company_240,Transportation,Oceania,2019,1542.9,12.2,3707.6,14.3,49.0,42.4,46.3,58.4,836156.7,139359.5,2787189.0,541.9383628232548,90.3230928770497,1806.4612094108495,49.03333333333333,0.14271959709672655
240,Company_240,Transportation,Oceania,2020,1864.4,15.3,4208.8,20.8,49.4,40.7,47.9,59.6,1023532.8,170588.8,3411776.1,548.9877708646213,91.4979618107702,1829.9592898519631,49.4,0.2083738414673666
240,Company_240,Transportation,Oceania,2021,2276.6,16.3,4359.1,22.1,48.2,41.0,45.4,58.1,1247454.5,207909.1,4158181.7,547.9462795396645,91.324387244136,1826.4876131072654,48.166666666666664,0.22108989487234498
240,Company_240,Transportation,Oceania,2022,2668.2,13.9,6524.3,17.2,49.8,45.2,46.1,58.2,1414716.0,235786.0,4715719.9,530.2136271643806,88.36893786073009,1767.3787197361519,49.833333333333336,0.17201089343758236
240,Company_240,Transportation,Oceania,2023,3114.5,14.4,7408.8,16.7,50.6,43.8,48.6,59.4,1669530.0,278255.0,5565099.9,536.0507304543265,89.34178840905442,1786.8357360732061,50.6,0.16726632186492774
240,Company_240,Transportation,Oceania,2024,3650.2,18.6,12491.0,17.2,49.1,43.6,47.5,56.3,1959962.5,326660.4,6533208.3,536.946605665443,89.49109637828066,1789.8220097528904,49.133333333333326,0.1720019264729491
240,Company_240,Transportation,Oceania,2025,4040.5,17.5,13109.2,10.7,50.4,47.2,45.0,59.1,2108118.2,351353.0,7027060.7,521.7468630120035,86.95780225219652,1739.1562182898156,50.43333333333334,0.1069256479097036
241,Company_241,Finance,Asia,2015,5439.5,11.1,7134.4,4.9,80.5,89.8,77.3,74.4,62145.8,31072.9,155364.5,11.424910377792077,5.712455188896039,28.56227594448019,80.5,
241,Company_241,Finance,Asia,2016,5499.2,11.4,9447.2,1.1,81.1,89.0,77.2,77.2,63481.3,31740.7,158703.3,11.543733633983125,5.77187590922316,28.85934317718941,81.13333333333333,0.010975273462634494
241,Company_241,Finance,Asia,2017,5775.1,11.4,9463.3,5.0,81.6,90.0,77.8,77.0,65863.0,32931.5,164657.4,11.404651001714255,5.702325500857127,28.51161018856816,81.60000000000001,0.05017093395402972
241,Company_241,Finance,Asia,2018,6758.4,11.9,9406.8,17.0,83.4,91.2,79.3,79.6,75899.1,37949.5,189747.6,11.230335582386365,5.615160392992425,28.07581676136364,83.36666666666666,0.17026544994891846
241,Company_241,Finance,Asia,2019,7354.3,10.6,10206.7,8.8,83.4,94.8,75.2,80.3,78888.6,39444.3,197221.5,10.726867274927594,5.363433637463797,26.817168187318984,83.43333333333334,0.08817175662878807
241,Company_241,Finance,Asia,2020,8087.5,7.1,7742.3,10.0,85.7,96.5,80.4,80.2,84793.3,42396.6,211983.1,10.484488408037095,5.242238021638331,26.21120247295209,85.7,0.09969677603578853
241,Company_241,Finance,Asia,2021,8822.5,5.7,7702.5,9.1,85.8,95.6,83.9,77.9,93606.1,46803.1,234015.3,10.609929158401814,5.304970246528762,26.524828563332388,85.8,0.09088098918083465
241,Company_241,Finance,Asia,2022,8960.5,3.4,5220.1,1.6,85.3,98.1,83.1,74.7,91996.9,45998.5,229992.4,10.266938228893476,5.133474694492495,25.66736231237096,85.3,0.015641824879569333
241,Company_241,Finance,Asia,2023,8981.9,0.1,203.2,0.2,85.8,100.0,85.0,72.5,89818.5,44909.3,224546.3,9.999944332490898,4.99997773299636,24.999866397978156,85.83333333333333,0.002388259583728569
241,Company_241,Finance,Asia,2024,9413.1,3.2,4884.4,4.8,85.3,100.0,84.1,71.7,94130.5,47065.3,235326.3,9.99994688253604,4.999978753014417,24.999872518086494,85.26666666666667,0.04800765984925248
241,Company_241,Finance,Asia,2025,8630.6,2.3,3890.4,-8.3,85.2,100.0,83.6,71.9,86305.6,43152.8,215763.9,9.999953653280189,4.999976826640094,24.999872546520518,85.16666666666667,-0.08312883109708813
242,Company_242,Finance,Latin America,2015,344.9,16.5,977.1,5.25,42.3,83.4,32.4,11.2,4251.6,2125.8,10628.9,12.327051319222965,6.163525659611483,30.81733835894462,42.333333333333336,
242,Company_242,Finance,Latin America,2016,354.9,14.9,448.7,2.9,42.0,82.6,33.9,9.6,4414.3,2207.1,11035.7,12.438151591997746,6.218934911242604,31.0952380952381,42.03333333333333,0.02899391127863149
242,Company_242,Finance,Latin America,2017,395.4,14.9,515.7,11.4,42.6,85.1,32.3,10.5,4777.3,2388.7,11943.3,12.082195245321195,6.041224076884168,30.205614567526556,42.63333333333333,0.11411665257819115
242,Company_242,Finance,Latin America,2018,337.5,10.4,584.4,-14.6,45.2,86.5,33.2,16.0,4015.6,2007.8,10039.0,11.898074074074074,5.949037037037037,29.745185185185186,45.23333333333333,-0.14643399089529585
242,Company_242,Finance,Latin America,2019,317.0,7.9,269.2,-6.1,44.3,85.1,32.7,15.1,3831.3,1915.6,9578.2,12.086119873817035,6.042902208201893,30.215141955835964,44.300000000000004,-0.06074074074074076
242,Company_242,Finance,Latin America,2020,297.3,6.6,291.9,-6.2,45.9,86.5,34.3,16.9,3534.2,1767.1,8835.5,11.887655566767574,5.943827783383787,29.719138916918936,45.9,-0.06214511041009463
242,Company_242,Finance,Latin America,2021,318.3,8.4,372.8,7.1,45.7,87.7,33.6,15.8,3730.9,1865.4,9327.2,11.72133207665724,5.8605089538171535,29.303173107131638,45.70000000000001,0.070635721493441
242,Company_242,Finance,Latin America,2022,341.1,6.0,305.4,7.1,45.7,91.4,31.1,14.5,3820.1,1910.0,9550.2,11.19935502785107,5.5995309293462325,27.998240985048373,45.666666666666664,0.07163053722902935
242,Company_242,Finance,Latin America,2023,352.6,7.2,308.8,3.4,47.5,96.0,30.3,16.2,3722.6,1861.3,9306.6,10.557572319909244,5.278786159954622,26.39421440726035,47.5,0.03371445323951927
242,Company_242,Finance,Latin America,2024,380.0,8.4,552.9,7.8,47.7,97.1,31.1,14.7,3952.5,1976.3,9881.3,10.401315789473685,5.20078947368421,26.003421052631577,47.633333333333326,0.07770845150311967
242,Company_242,Finance,Latin America,2025,419.9,7.6,272.4,10.5,46.4,94.7,30.0,14.6,4509.9,2255.0,11274.8,10.740414384377232,5.3703262681590855,26.85115503691355,46.43333333333334,0.10499999999999998
243,Company_243,Transportation,Asia,2015,397.6,10.3,621.9,6.85,31.9,5.2,26.7,63.7,277555.9,46259.3,925186.5,698.0782193158954,116.34632796780684,2326.9278169014083,31.866666666666664,
243,Company_243,Transportation,Asia,2016,391.5,12.9,761.5,-1.5,35.1,9.8,27.6,67.9,265854.9,44309.2,886183.1,679.0674329501916,113.1780332056194,2263.5583652618134,35.1,-0.015342052313883303
243,Company_243,Transportation,Asia,2017,439.4,9.6,736.3,12.2,36.5,10.9,27.3,71.2,296218.1,49369.7,987393.7,674.1422394173874,112.35707783340919,2247.1408739189806,36.46666666666667,0.12234993614303957
243,Company_243,Transportation,Asia,2018,437.8,9.0,514.8,-0.4,37.9,10.9,26.4,76.2,295091.4,49181.9,983638.0,674.0324349017817,112.33873915029695,2246.774783005939,37.833333333333336,-0.0036413290851159408
243,Company_243,Transportation,Asia,2019,460.2,10.6,585.8,5.1,38.0,11.8,25.3,76.8,308481.4,51413.6,1028271.4,670.3202955236854,111.72012168622338,2234.401129943503,37.96666666666667,0.051164915486523466
243,Company_243,Transportation,Asia,2020,468.8,13.4,1027.3,1.9,39.0,15.1,28.2,73.7,307708.8,51284.8,1025695.9,656.3754266211604,109.39590443686008,2187.9178754266213,39.0,0.018687527162103423
243,Company_243,Transportation,Asia,2021,490.3,14.4,1268.9,4.6,40.8,16.4,31.8,74.2,319342.8,53223.8,1064475.9,651.3212318988374,108.55353864980624,2171.0705690393634,40.800000000000004,0.045861774744027306
243,Company_243,Transportation,Asia,2022,557.5,11.7,1255.4,13.7,40.2,14.2,31.8,74.6,368238.5,61373.1,1227461.7,660.5174887892376,110.08627802690583,2201.7250224215245,40.199999999999996,0.13705894350397707
243,Company_243,Transportation,Asia,2023,619.9,7.4,598.2,11.2,40.9,13.0,30.9,78.8,412561.7,68760.3,1375205.7,665.5294402322955,110.92160025810615,2218.4315212130987,40.9,0.11192825112107618
243,Company_243,Transportation,Asia,2024,705.8,5.3,389.8,13.9,41.1,15.2,29.4,78.5,462981.8,77163.6,1543272.8,655.9674128648343,109.32785491640693,2186.5582317937096,41.03333333333333,0.13857073721567992
243,Company_243,Transportation,Asia,2025,766.7,6.7,795.9,8.6,40.4,14.2,28.1,78.8,506424.9,84404.2,1688083.1,660.5254988913525,110.08764836311464,2201.7517934002867,40.36666666666667,0.08628506659110236
244,Company_244,Energy,Europe,2015,12385.9,8.5,15641.2,-0.65,60.1,36.3,80.7,63.4,11718646.7,3515594.0,117186466.8,946.1279923138407,283.83839688678256,9461.279906991014,60.13333333333333,
244,Company_244,Energy,Europe,2016,12318.0,21.1,21310.0,-0.5,60.2,34.9,79.8,65.8,11775369.3,3532610.8,117753693.3,955.9481490501705,286.78444552687125,9559.481514856308,60.166666666666664,-0.005482040061683069
244,Company_244,Energy,Europe,2017,13684.7,9.4,25651.6,11.1,59.8,36.1,78.5,64.8,12961953.6,3888586.1,129619536.1,947.1858060461683,284.1557432753367,9471.858067769113,59.79999999999999,0.11095145315798027
244,Company_244,Energy,Europe,2018,13578.4,2.4,3015.9,-0.8,61.1,38.9,79.9,64.4,12598693.9,3779608.2,125986938.9,927.848192717846,278.3544600247452,9278.481919813823,61.06666666666667,-0.007767799074879345
244,Company_244,Energy,Europe,2019,13345.8,-2.4,18400.3,-1.7,60.0,39.0,79.4,61.7,12370878.9,3711263.7,123708788.6,926.9492199793194,278.08476824169406,9269.492169821217,60.03333333333334,-0.017130147881930124
244,Company_244,Energy,Europe,2020,13150.5,-8.4,34473.1,-1.5,60.4,40.3,80.1,60.8,12071955.8,3621586.7,120719558.1,917.9845481160413,275.3953613931029,9179.845488764686,60.4,-0.014633817380748981
244,Company_244,Energy,Europe,2021,12323.0,-9.9,16345.1,-6.3,63.3,43.5,79.5,66.9,11036888.7,3311066.6,110368886.9,895.6332630041386,268.68997808975087,8956.33262192648,63.300000000000004,-0.0629253640545987
244,Company_244,Energy,Europe,2022,12836.3,-11.2,21596.3,4.2,62.6,43.5,78.9,65.5,11495054.0,3448516.2,114950539.9,895.5114791645568,268.65344374936706,8955.114783855162,62.63333333333333,0.0416538180637831
244,Company_244,Energy,Europe,2023,12778.6,-12.7,63230.8,-0.4,63.8,41.7,82.1,67.5,11605061.5,3481518.4,116050614.8,908.163765983754,272.4491258823345,9081.637644186374,63.76666666666667,-0.004495064777233271
244,Company_244,Energy,Europe,2024,14282.0,-10.9,47892.4,11.8,63.9,44.8,81.8,65.2,12661144.3,3798343.3,126611442.7,886.5105937543761,265.9531788264949,8865.1059165383,63.93333333333334,0.1176498207941401
244,Company_244,Energy,Europe,2025,13969.7,-20.0,44693.5,-2.2,65.0,45.7,83.7,65.6,12290270.1,3687081.0,122902700.8,879.7805321517283,263.9341574980135,8797.805307200584,65.0,-0.02186668533818792
245,Company_245,Finance,Oceania,2015,1196.4,16.4,2139.1,15.95,75.8,92.8,89.0,45.7,13169.7,6584.8,32924.1,11.00777331995988,5.503844867937144,27.51930792377131,75.83333333333333,
245,Company_245,Finance,Oceania,2016,1413.6,17.3,2842.8,18.2,76.1,95.2,87.2,45.8,15093.8,7546.9,37734.6,10.677560837577815,5.338780418788907,26.693972835314092,76.06666666666666,0.18154463390170505
245,Company_245,Finance,Oceania,2017,1667.5,15.5,2855.3,18.0,75.7,94.7,88.3,44.2,17919.0,8959.5,44797.5,10.746026986506747,5.3730134932533735,26.865067466266865,75.73333333333333,0.17961233729485016
245,Company_245,Finance,Oceania,2018,1979.1,12.5,2229.2,18.7,74.6,95.9,86.7,41.2,20938.3,10469.1,52345.6,10.579707948057198,5.289828710019706,26.449194078116317,74.60000000000001,0.1868665667166416
245,Company_245,Finance,Oceania,2019,2264.3,11.6,3251.6,14.4,76.4,97.8,89.4,42.0,23349.0,11674.5,58372.6,10.311796140087443,5.155898070043722,25.779534513977826,76.39999999999999,0.14410590672527923
245,Company_245,Finance,Oceania,2020,2323.6,8.7,3037.6,2.6,77.3,100.0,87.9,43.9,23236.1,11618.0,58090.2,10.00004303666724,5.0,25.00008607333448,77.26666666666667,0.02618910921697637
245,Company_245,Finance,Oceania,2021,2566.3,10.2,3353.8,10.4,76.6,100.0,86.8,43.0,25663.3,12831.6,64158.2,10.000116899816856,5.000038966605619,25.00027276623933,76.60000000000001,0.10444999139266664
245,Company_245,Finance,Oceania,2022,2849.3,11.9,4091.0,11.0,76.5,99.4,85.7,44.6,28739.9,14370.0,71849.8,10.086652862106483,5.043343979222967,25.21664970343593,76.56666666666668,0.11027549390172631
245,Company_245,Finance,Oceania,2023,3174.1,11.3,6403.4,11.4,77.2,100.0,84.7,47.1,31741.2,15870.6,79353.0,10.000063009987084,5.000031504993542,25.000157524967708,77.26666666666667,0.11399291053943061
245,Company_245,Finance,Oceania,2024,3762.9,10.2,4104.1,18.6,76.6,99.9,85.7,44.4,37707.2,18853.6,94268.0,10.020781843790692,5.010390921895346,25.051954609476734,76.66666666666667,0.18550140197221276
245,Company_245,Finance,Oceania,2025,4420.6,9.8,5513.3,17.5,77.7,100.0,85.7,47.3,44206.0,22103.0,110515.1,10.0,5.0,25.000022621363616,77.66666666666667,0.1747854048739006
246,Company_246,Consumer Goods,Oceania,2015,2090.5,12.3,6045.2,6.15,53.8,27.6,61.5,72.4,421081.1,526351.3,2105405.3,201.42602248265965,251.78249222674003,1007.130016742406,53.833333333333336,
246,Company_246,Consumer Goods,Oceania,2016,2313.4,12.6,3710.8,10.7,52.3,25.3,62.2,69.3,473222.5,591528.1,2366112.3,204.557145327224,255.69642085242498,1022.78564018328,52.26666666666667,0.10662520928007657
246,Company_246,Consumer Goods,Oceania,2017,2390.9,13.1,4518.9,3.3,52.1,26.1,64.2,66.1,486555.0,608193.7,2432774.9,203.50286502990505,254.37856037475424,1017.5142833242711,52.13333333333333,0.03350047549061985
246,Company_246,Consumer Goods,Oceania,2018,2588.2,12.1,4305.2,8.3,53.8,27.9,64.1,69.5,519971.9,649964.9,2599859.4,200.9009736496407,251.1262267212735,1004.504829611313,53.833333333333336,0.08252122631644965
246,Company_246,Consumer Goods,Oceania,2019,2866.6,9.8,5902.1,10.8,53.4,28.2,63.3,68.9,574929.4,718661.8,2874647.1,200.56143166120142,250.7018070187679,1002.8071931905394,53.46666666666667,0.10756510316049761
246,Company_246,Consumer Goods,Oceania,2020,2783.1,11.4,6313.5,-2.9,53.7,31.1,62.3,67.6,546744.3,683430.4,2733721.7,196.45154683626174,245.56444252811613,982.2578060436206,53.666666666666664,-0.029128584385683443
246,Company_246,Consumer Goods,Oceania,2021,2909.9,9.2,2979.1,4.6,54.8,33.7,64.2,66.4,561158.7,701448.3,2805793.3,192.8446682016564,241.05580947798893,964.2232722773978,54.76666666666667,0.04556070568790194
246,Company_246,Consumer Goods,Oceania,2022,3133.4,10.5,7440.0,7.7,53.8,32.8,60.8,67.8,608122.5,760153.1,3040612.5,194.07751962724197,242.59689155549881,970.3875981362098,53.79999999999999,0.07680676311900747
246,Company_246,Consumer Goods,Oceania,2023,3733.9,4.5,2673.1,19.2,55.0,34.0,61.6,69.3,718319.8,897899.8,3591599.0,192.37788907040897,240.4723747288358,961.8894453520447,54.96666666666666,0.19164485862002945
246,Company_246,Consumer Goods,Oceania,2024,3575.4,2.9,1571.3,-4.2,56.6,35.9,62.4,71.5,678604.3,848255.4,3393021.4,189.7981484589137,237.24769256586674,948.9907143256698,56.6,-0.04244891400412443
246,Company_246,Consumer Goods,Oceania,2025,3709.3,2.3,1501.4,3.7,55.9,32.9,64.1,70.8,719410.6,899263.2,3597052.9,193.94780686382873,242.43474510015363,969.7390073598791,55.93333333333334,0.037450355205012054
247,Company_247,Consumer Goods,Asia,2015,1367.5,11.7,2532.7,-4.75,42.3,34.4,51.8,40.7,262430.7,328038.4,1312153.6,191.90544789762342,239.88182815356492,959.5273126142597,42.3,
247,Company_247,Consumer Goods,Asia,2016,1213.2,8.1,2216.5,-11.3,44.2,38.9,52.5,41.1,225164.0,281455.1,1125820.2,185.59512034289483,231.9939828552588,927.9757665677546,44.166666666666664,-0.1128336380255941
247,Company_247,Consumer Goods,Asia,2017,1146.2,7.7,929.2,-5.5,45.8,40.4,56.5,40.5,210260.5,262825.6,1051302.3,183.44137148839644,229.30169254929328,917.2066829523643,45.800000000000004,-0.05522584899439498
247,Company_247,Consumer Goods,Asia,2018,943.8,3.4,638.8,-17.7,46.3,43.1,55.4,40.3,169561.6,211952.0,847808.1,179.65840220385675,224.57300275482095,898.2921169739352,46.26666666666667,-0.17658349328214984
247,Company_247,Consumer Goods,Asia,2019,838.9,5.4,993.8,-11.1,47.6,45.1,54.2,43.5,148405.3,185506.6,742026.4,176.90463702467517,221.1307664799142,884.5230659196568,47.6,-0.11114642932824748
247,Company_247,Consumer Goods,Asia,2020,798.6,4.6,852.8,-4.8,48.6,46.2,53.1,46.7,139999.5,174999.4,699997.5,175.3061607813674,219.1327322814926,876.5308039068369,48.666666666666664,-0.04803909881988311
247,Company_247,Consumer Goods,Asia,2021,837.4,7.1,918.1,4.9,49.1,48.5,52.6,46.1,144090.9,180113.6,720454.6,172.06938141867684,215.08669691903512,860.3470265106281,49.06666666666666,0.04858502379163521
247,Company_247,Consumer Goods,Asia,2022,798.2,5.9,911.4,-4.7,48.2,48.4,52.3,44.0,137531.1,171913.9,687655.6,172.30155349536457,215.37697318967676,861.507892758707,48.23333333333333,-0.04681155958920458
247,Company_247,Consumer Goods,Asia,2023,790.8,5.2,964.9,-0.9,48.2,51.6,51.5,41.5,132693.1,165866.4,663465.6,167.79602933737988,209.74506828528072,838.9802731411229,48.199999999999996,-0.009270859433725964
247,Company_247,Consumer Goods,Asia,2024,832.1,5.2,1000.2,5.2,48.4,49.7,52.7,42.7,141792.9,177241.2,708964.6,170.40367744261505,213.00468693666627,852.0185073909386,48.366666666666674,0.052225594334850856
247,Company_247,Consumer Goods,Asia,2025,806.5,7.9,1064.3,-3.1,48.5,51.7,48.2,45.4,135146.7,168933.4,675733.6,167.57185368877867,209.46484810911343,837.8593924364537,48.43333333333334,-0.030765532988823452
248,Company_248,Energy,Latin America,2015,7924.5,9.7,9819.1,5.65,21.9,18.5,28.1,19.1,8480672.0,2544201.6,84806719.8,1070.183860180453,321.0551580541359,10701.838576566344,21.900000000000002,
248,Company_248,Energy,Latin America,2016,8797.9,18.4,21891.1,11.0,21.0,18.5,29.1,15.5,9418939.3,2825681.8,94189392.8,1070.5894929471808,321.17684902078906,10705.894906739108,21.033333333333335,0.11021515553031724
248,Company_248,Energy,Latin America,2017,9851.6,18.2,24960.4,12.0,21.0,20.6,31.6,10.8,10401152.0,3120345.6,104011520.0,1055.783020017053,316.73490600511593,10557.83020017053,21.0,0.11976721717682648
248,Company_248,Energy,Latin America,2018,8947.9,14.4,22051.3,-9.2,20.3,21.0,27.9,12.1,9422503.1,2826750.9,94225031.2,1053.0407246393008,315.91221403904825,10530.407268744622,20.333333333333332,-0.09173129237890298
248,Company_248,Energy,Latin America,2019,9389.2,13.7,11898.1,4.9,20.1,22.5,26.1,11.7,9788054.1,2936416.2,97880540.7,1042.4800941507262,312.74402505005753,10424.800909555659,20.099999999999998,0.04931883458688646
248,Company_248,Energy,Latin America,2020,10655.7,14.7,12702.8,13.5,20.4,22.8,25.4,12.9,11089455.6,3326836.7,110894556.1,1040.7064388073989,312.2119335191494,10407.064397458636,20.366666666666667,0.13488902142887582
248,Company_248,Energy,Latin America,2021,11213.0,13.2,16238.2,5.2,21.2,23.0,26.5,14.0,11648198.5,3494459.6,116481985.1,1038.8119593329172,311.6435922589851,10388.11960224739,21.166666666666668,0.05230064660228795
248,Company_248,Energy,Latin America,2022,10912.4,22.2,24415.5,-2.7,23.4,22.9,29.3,18.0,11342517.7,3402755.3,113425177.1,1039.4154997983944,311.82464902312967,10394.155007147832,23.400000000000002,-0.02680816908944983
248,Company_248,Energy,Latin America,2023,11106.9,27.3,58177.7,1.8,24.5,20.3,33.1,20.2,11752974.8,3525892.4,117529748.3,1058.1687779668496,317.4506297886899,10581.687806678732,24.533333333333335,0.0178237601260951
248,Company_248,Energy,Latin America,2024,11789.6,29.7,49056.4,6.1,24.5,18.6,34.9,20.0,12609280.9,3782784.3,126092809.1,1069.5257599918573,320.85773054217276,10695.257608400623,24.5,0.06146629572608031
248,Company_248,Energy,Latin America,2025,12545.4,32.5,40226.0,6.4,24.3,19.5,33.1,20.3,13339015.8,4001704.8,133390158.5,1063.259505476111,318.97785642546273,10632.595094616354,24.3,0.0641073488498336
249,Company_249,Healthcare,Asia,2015,826.8,13.2,2016.6,3.8,51.9,61.3,45.8,48.6,63715.7,63715.7,127431.4,77.06301402999516,77.06301402999516,154.12602805999032,51.9,
249,Company_249,Healthcare,Asia,2016,890.4,13.8,2314.1,7.7,53.1,59.8,48.8,50.8,69543.9,69543.9,139087.8,78.10411051212938,78.10411051212938,156.20822102425876,53.133333333333326,0.07692307692307687
249,Company_249,Healthcare,Asia,2017,894.4,14.4,2817.1,0.4,54.4,61.4,52.3,49.5,68887.7,68887.7,137775.4,77.02113148479427,77.02113148479427,154.04226296958853,54.4,0.004492362982928988
249,Company_249,Healthcare,Asia,2018,1058.9,11.0,2373.6,18.4,56.2,63.5,52.4,52.8,80025.4,80025.4,160050.7,75.57408631598828,75.57408631598828,151.14807819435262,56.23333333333333,0.1839221824686943
249,Company_249,Healthcare,Asia,2019,1162.1,13.1,2213.3,9.7,58.5,68.2,52.6,54.7,84003.0,84003.0,168006.1,72.2855175974529,72.2855175974529,144.57112124602014,58.5,0.09745962791576135
249,Company_249,Healthcare,Asia,2020,1174.3,10.8,2332.0,1.1,59.9,69.4,53.0,57.2,83892.3,83892.3,167784.7,71.44026228391382,71.44026228391382,142.88060972494253,59.866666666666674,0.01049823595215571
249,Company_249,Healthcare,Asia,2021,1105.8,11.7,2343.2,-5.8,60.6,71.4,52.1,58.3,77414.3,77414.3,154828.6,70.0075058780973,70.0075058780973,140.0150117561946,60.6,-0.05833262369070935
249,Company_249,Healthcare,Asia,2022,1206.9,12.0,3212.9,9.1,61.3,70.5,53.6,59.9,85248.7,85248.7,170497.4,70.63443533018476,70.63443533018476,141.26887066036952,61.333333333333336,0.09142702116115053
249,Company_249,Healthcare,Asia,2023,1206.9,11.7,2507.3,-0.0,62.0,72.4,49.2,64.3,83671.3,83671.3,167342.6,69.3274504929986,69.3274504929986,138.6549009859972,61.96666666666667,0.0
249,Company_249,Healthcare,Asia,2024,1139.7,14.0,3137.9,-5.6,62.0,74.9,48.9,62.2,77035.5,77035.5,154071.0,67.5927875756778,67.5927875756778,135.1855751513556,62.0,-0.05567984091474032
249,Company_249,Healthcare,Asia,2025,1214.3,12.0,3590.9,6.5,62.1,73.9,50.2,62.3,82922.4,82922.4,165844.8,68.28823190315408,68.28823190315408,136.57646380630817,62.13333333333333,0.06545582170746678
250,Company_250,Manufacturing,Middle East,2015,1373.0,0.4,47.9,10.55,44.1,49.5,52.6,30.3,351681.0,468908.0,5861350.1,256.14056809905316,341.52075746540424,4269.009541150765,44.13333333333333,
250,Company_250,Manufacturing,Middle East,2016,1524.6,3.4,1072.1,11.0,45.5,50.4,53.7,32.3,387359.8,516479.7,6455996.2,254.07306834579563,338.7640692640693,4234.550833005379,45.46666666666666,0.11041514930808449
250,Company_250,Manufacturing,Middle East,2017,1585.6,5.6,1758.1,4.0,45.7,49.6,52.8,34.6,405778.4,541037.9,6762973.8,255.9147325933401,341.21966448032293,4265.245837537841,45.666666666666664,0.04001049455594918
250,Company_250,Manufacturing,Middle East,2018,1552.0,1.3,296.5,-2.1,47.4,50.2,50.8,41.3,395073.4,526764.5,6584556.2,254.55760309278352,339.41011597938143,4242.626417525773,47.43333333333334,-0.021190716448032276
250,Company_250,Manufacturing,Middle East,2019,1832.2,1.5,301.3,18.1,50.1,53.9,53.5,43.0,452312.2,603082.9,7538535.9,246.86835498308045,329.15778845104245,4114.47216461085,50.13333333333333,0.1805412371134021
250,Company_250,Manufacturing,Middle East,2020,2168.8,-2.0,2518.5,18.4,51.2,56.2,53.4,43.8,524710.2,699613.7,8745170.7,241.93572482478785,322.58101254149756,4032.2624031722603,51.133333333333326,0.18371356838773067
250,Company_250,Manufacturing,Middle East,2021,2522.1,0.0,4.9,16.3,53.7,58.1,59.6,43.4,600135.0,800180.0,10002249.8,237.95051742595456,317.26735656793943,3965.841877800246,53.699999999999996,0.16290114348948714
250,Company_250,Manufacturing,Middle East,2022,2626.9,-0.3,6311.5,4.2,54.5,60.3,61.3,42.0,612950.3,817267.1,10215838.8,233.33598538200923,311.11465986524036,3888.9332673493473,54.53333333333333,0.041552674358669384
250,Company_250,Manufacturing,Middle East,2023,2898.3,-0.3,7928.6,10.3,55.8,61.3,65.3,40.8,670531.7,894042.3,11175528.8,231.35344857330156,308.47127626539697,3855.8909705689543,55.79999999999999,0.10331569530625462
250,Company_250,Manufacturing,Middle East,2024,3094.0,-2.3,2445.7,6.7,56.7,62.7,65.9,41.5,706718.9,942291.8,11778648.1,228.41593406593407,304.5545572074984,3806.932159017453,56.70000000000001,0.06752234068246898
250,Company_250,Manufacturing,Middle East,2025,3429.0,-0.8,7983.2,10.8,59.1,68.9,65.5,43.0,738011.4,984015.3,12300190.8,215.22642169728783,286.9685914260718,3587.1072615923013,59.13333333333333,0.10827407886231422
251,Company_251,Transportation,Asia,2015,427.1,11.0,768.0,12.0,43.4,12.5,49.9,67.8,285144.6,47524.1,950481.9,667.6295949426363,111.27159915710605,2225.431749004917,43.4,
251,Company_251,Transportation,Asia,2016,477.4,5.3,462.7,11.8,43.8,14.4,49.3,67.8,314934.7,52489.1,1049782.5,659.6872643485548,109.94784248010055,2198.957896941768,43.833333333333336,0.11777101381409505
251,Company_251,Transportation,Asia,2017,575.7,4.6,220.1,20.6,46.6,18.8,53.0,68.0,369000.3,61500.0,1230000.9,640.9593538301198,106.8264721208963,2136.5310057321517,46.6,0.20590699622957698
251,Company_251,Transportation,Asia,2018,645.8,3.4,271.3,12.2,47.5,16.4,55.1,71.1,420452.9,70075.5,1401509.5,651.057448126355,108.50960049550946,2170.19123567668,47.53333333333333,0.1217648080597531
251,Company_251,Transportation,Asia,2019,740.2,4.8,678.8,14.6,48.8,18.0,55.5,73.0,477031.1,79505.2,1590103.6,644.4624425830856,107.41042961361794,2148.2080518778707,48.833333333333336,0.14617528646639832
251,Company_251,Transportation,Asia,2020,754.8,8.1,843.3,2.0,50.7,19.3,57.7,75.0,482331.3,80388.6,1607771.1,639.0186804451511,106.5031796502385,2130.0624006359303,50.666666666666664,0.01972439881113197
251,Company_251,Transportation,Asia,2021,705.7,10.5,630.2,-6.5,49.4,20.2,53.6,74.4,448129.9,74688.3,1493766.3,635.0147371404279,105.83576590619244,2116.7157432336685,49.4,-0.065050344462109
251,Company_251,Transportation,Asia,2022,743.9,17.1,1380.8,5.4,50.9,21.8,55.8,75.2,467660.9,77943.5,1558869.5,628.6609759376261,104.77685172738272,2095.536362414303,50.93333333333334,0.05413065041802456
251,Company_251,Transportation,Asia,2023,879.8,16.8,2834.8,18.3,51.6,27.8,55.0,72.1,530781.1,88463.5,1769270.2,603.2974539668106,100.54955671743579,2010.9913616731076,51.633333333333326,0.18268584487162243
251,Company_251,Transportation,Asia,2024,907.8,14.9,2702.0,3.2,52.6,27.3,56.2,74.3,549658.0,91609.7,1832193.4,605.4835866931043,100.91396783432474,2018.278695747962,52.6,0.03182541486701518
251,Company_251,Transportation,Asia,2025,1020.4,14.6,2792.2,12.4,54.2,32.0,53.3,77.1,597321.6,99553.6,1991071.9,585.3798510388083,97.56330850646806,1951.266072128577,54.133333333333326,0.1240361313064553
252,Company_252,Consumer Goods,North America,2015,1065.3,12.4,2341.4,4.45,62.3,53.9,74.3,58.6,175308.6,219135.7,876542.9,164.56265840608282,205.70327607246787,822.8131981601427,62.26666666666666,
252,Company_252,Consumer Goods,North America,2016,1022.3,12.4,3042.8,-4.0,63.3,55.7,74.5,59.8,165692.6,207115.7,828462.8,162.07825491538688,202.59776973491148,810.3910789396459,63.333333333333336,-0.04036421665258616
252,Company_252,Consumer Goods,North America,2017,1213.7,10.0,2166.3,18.7,64.2,55.9,78.1,58.8,196333.4,245416.7,981666.8,161.76435692510503,202.20540496003954,808.8216198401582,64.26666666666667,0.1872248850630931
252,Company_252,Consumer Goods,North America,2018,1317.2,11.6,3578.9,8.5,63.8,56.9,79.4,55.1,211261.6,264077.0,1056307.9,160.38688126328574,200.4836015791072,801.9343303978135,63.800000000000004,0.08527642745324204
252,Company_252,Consumer Goods,North America,2019,1315.9,14.1,2042.4,-0.1,65.8,62.9,80.2,54.5,199940.2,249925.2,999700.8,151.94178888973326,189.9271981153583,759.7087924614332,65.86666666666666,-0.0009869419981779481
252,Company_252,Consumer Goods,North America,2020,1304.9,10.5,1936.3,-0.8,67.2,64.6,81.9,54.9,195101.3,243876.6,975506.3,149.51436891715838,186.8929419878918,747.5716913173424,67.13333333333334,-0.008359297818983258
252,Company_252,Consumer Goods,North America,2021,1526.2,12.2,3054.0,17.0,68.0,64.0,83.0,57.1,229635.9,287044.9,1148179.7,150.4625212947189,188.07816799895164,752.3127375180186,68.03333333333333,0.16959153958157702
252,Company_252,Consumer Goods,North America,2022,1625.6,11.8,3237.6,6.5,68.4,62.1,84.4,58.5,248814.2,311017.8,1244071.1,153.0599163385827,191.32492618110237,765.2996432086616,68.33333333333333,0.0651290787576988
252,Company_252,Consumer Goods,North America,2023,1664.4,14.4,2651.5,2.4,70.6,65.8,82.7,63.3,246216.4,307770.4,1231081.8,147.93102619562603,184.91372266282144,739.655010814708,70.60000000000001,0.023868110236220597
252,Company_252,Consumer Goods,North America,2024,1696.3,12.0,3448.8,1.9,71.8,67.0,84.4,63.9,247924.7,309905.9,1239623.6,146.15616341449038,182.69521900607205,730.7808760242882,71.76666666666667,0.01916606584955538
252,Company_252,Consumer Goods,North America,2025,1828.9,12.0,3965.0,7.8,71.5,66.6,83.7,64.1,268419.4,335524.2,1342096.8,146.76548745147358,183.4568319755044,733.8273279020176,71.46666666666667,0.07817013499970527
253,Company_253,Technology,Oceania,2015,1615.3,17.6,6974.2,7.3,79.9,65.8,94.9,79.0,59732.7,35839.6,119465.4,36.97932272642853,22.187581254256177,73.95864545285706,79.89999999999999,
253,Company_253,Technology,Oceania,2016,1737.6,20.2,8882.6,7.6,82.2,67.5,95.2,83.9,63230.4,37938.2,126460.8,36.38950276243094,21.833678637200737,72.77900552486189,82.2,0.0757134897542251
253,Company_253,Technology,Oceania,2017,1950.4,22.7,15392.0,12.2,81.2,63.0,96.5,84.0,74033.3,44420.0,148066.6,37.95800861361772,22.774815422477438,75.91601722723544,81.16666666666667,0.12246777163904254
253,Company_253,Technology,Oceania,2018,1893.2,18.5,6818.6,-2.9,82.0,65.9,95.6,84.4,69910.3,41946.2,139820.6,36.92705472216353,22.15624339742235,73.85410944432707,81.96666666666667,-0.029327317473338832
253,Company_253,Technology,Oceania,2019,1950.9,22.1,8173.0,3.0,82.9,67.8,96.2,84.7,70751.7,42451.0,141503.4,36.266184837767184,21.759700650981596,72.53236967553437,82.89999999999999,0.0304774984153815
253,Company_253,Technology,Oceania,2020,2335.0,23.9,18317.2,19.7,84.2,70.5,97.5,84.6,82469.8,49481.9,164939.6,35.3189721627409,21.191391862955033,70.6379443254818,84.2,0.19688348967143354
253,Company_253,Technology,Oceania,2021,2569.4,23.5,12461.1,10.0,86.9,71.8,98.0,90.9,89561.6,53736.9,179123.1,34.857009418541296,20.914182299369504,69.71397991749046,86.90000000000002,0.10038543897216279
253,Company_253,Technology,Oceania,2022,2673.5,21.8,12290.6,4.1,87.7,74.2,99.0,89.9,90955.3,54573.2,181910.6,34.021058537497666,20.41264260332897,68.04211707499533,87.7,0.04051529539970411
253,Company_253,Technology,Oceania,2023,2797.6,20.0,18293.3,4.6,87.2,76.7,95.8,89.0,92797.2,55678.3,185594.5,33.17028881898771,19.90216614240778,66.34061338289963,87.16666666666667,0.046418552459323026
253,Company_253,Technology,Oceania,2024,2994.3,17.0,16782.2,7.0,85.0,74.2,94.2,86.5,101941.3,61164.8,203882.6,34.04511905954647,20.42707811508533,68.09023811909294,84.96666666666667,0.07031026594223633
253,Company_253,Technology,Oceania,2025,3360.5,18.9,19696.2,12.2,85.0,77.6,94.0,83.4,110365.6,66219.3,220731.1,32.84201755691117,19.705192679660765,65.68400535634578,85.0,0.12229903483284899
254,Company_254,Retail,Asia,2015,1050.4,3.5,463.9,4.2,49.0,27.3,68.1,51.6,105970.5,52985.3,211941.1,100.88585300837775,50.44297410510281,201.7718012185834,49.0,
254,Company_254,Retail,Asia,2016,1041.2,2.1,553.9,-0.9,49.2,26.8,67.1,53.7,105435.8,52717.9,210871.7,101.2637341529005,50.63186707645025,202.52756434882826,49.199999999999996,-0.008758568164508818
254,Company_254,Retail,Asia,2017,1127.0,3.6,604.3,8.2,48.6,27.2,66.4,52.1,113785.4,56892.7,227570.8,100.96308784383318,50.48154392191659,201.92617568766636,48.56666666666667,0.0824049174029966
254,Company_254,Retail,Asia,2018,1048.2,5.5,1162.6,-7.0,48.7,29.8,64.8,51.4,103947.0,51973.5,207894.0,99.1671436748712,49.5835718374356,198.3342873497424,48.666666666666664,-0.06992014196983132
254,Company_254,Retail,Asia,2019,938.2,8.3,1057.6,-10.5,50.6,31.9,66.4,53.4,91631.8,45815.9,183263.7,97.66766147942869,48.833830739714344,195.33542954593904,50.56666666666667,-0.10494180499904593
254,Company_254,Retail,Asia,2020,944.9,11.3,1318.0,0.7,49.2,30.4,67.1,50.1,93278.8,46639.4,186557.7,98.71817123505133,49.359085617525665,197.43644830140758,49.199999999999996,0.007141334470262217
254,Company_254,Retail,Asia,2021,887.0,10.0,1978.9,-6.1,48.6,32.6,66.4,46.8,86173.3,43086.7,172346.7,97.15140924464487,48.57576099210823,194.30293122886135,48.6,-0.061276325537093834
254,Company_254,Retail,Asia,2022,971.8,11.9,1696.6,9.6,46.5,30.6,65.1,43.9,95830.5,47915.3,191661.1,98.61133978184812,49.30572134183989,197.2227824655279,46.53333333333333,0.09560315670800446
254,Company_254,Retail,Asia,2023,1091.5,12.8,1702.3,12.3,47.1,34.8,63.5,43.0,104398.1,52199.0,208796.2,95.64644983967018,47.8231791113147,191.29289967934037,47.1,0.12317349248816645
254,Company_254,Retail,Asia,2024,1175.8,9.2,1894.7,7.7,47.6,34.3,65.2,43.2,112824.4,56412.2,225648.9,95.9554345977207,47.97771729886035,191.91095424391904,47.56666666666666,0.07723316536875857
254,Company_254,Retail,Asia,2025,1274.3,10.7,3023.6,8.4,47.9,33.1,68.5,42.3,123427.7,61713.8,246855.3,96.8592168249235,48.42956917523347,193.7183551753904,47.96666666666666,0.08377275046776655
255,Company_255,Consumer Goods,Oceania,2015,1714.5,12.4,4271.1,6.75,56.8,38.9,95.1,36.4,318195.3,397744.2,1590976.7,185.5907261592301,231.98845144356957,927.9537474482356,56.800000000000004,
255,Company_255,Consumer Goods,Oceania,2016,1864.4,10.1,2736.7,8.7,57.3,37.8,96.5,37.7,348856.6,436070.8,1744283.1,187.1146749624544,233.89337052134732,935.5734284488308,57.333333333333336,0.08743073782443878
255,Company_255,Consumer Goods,Oceania,2017,2106.2,6.6,1692.4,13.0,57.7,38.9,97.0,37.2,390909.2,488636.5,1954546.2,185.59927832114712,231.99909790143388,927.9964865634793,57.70000000000001,0.12969319888435948
255,Company_255,Consumer Goods,Oceania,2018,2151.7,4.5,2113.9,2.2,57.9,40.8,96.0,36.8,393431.6,491789.5,1967157.9,182.84686526932194,228.55858158665242,914.2342798717293,57.866666666666674,0.021602886715411662
255,Company_255,Consumer Goods,Oceania,2019,2157.9,4.2,1256.4,0.3,58.8,43.8,95.8,36.8,385449.7,481812.1,1927248.3,178.62259604244866,223.27823346772323,893.1128875295426,58.79999999999999,0.0028814425802854426
255,Company_255,Consumer Goods,Oceania,2020,2512.2,5.2,1970.8,16.4,62.0,48.2,98.1,39.6,433527.3,541909.2,2167636.6,172.56878433245762,215.71101026988296,862.8439614680361,61.96666666666667,0.1641874044209648
255,Company_255,Consumer Goods,Oceania,2021,2935.5,8.2,4850.5,16.8,62.5,51.1,98.0,38.4,494506.0,618132.5,2472530.1,168.45716232328394,210.57145290410492,842.2858456821666,62.5,0.16849773107236699
255,Company_255,Consumer Goods,Oceania,2022,3046.8,4.8,3273.2,3.8,64.1,54.8,100.0,37.4,497526.2,621907.8,2487631.2,163.29466981751344,204.1183536825522,816.4734147302088,64.06666666666668,0.03791517629024033
255,Company_255,Consumer Goods,Oceania,2023,3019.9,3.5,1675.3,-0.9,65.8,59.0,100.0,38.3,475157.8,593947.3,2375789.2,157.34222987516142,196.67780390079142,786.7112156031657,65.76666666666667,-0.008828935276355532
255,Company_255,Consumer Goods,Oceania,2024,3217.9,4.4,1660.9,6.6,66.1,60.4,100.0,38.0,500046.1,625057.6,2500230.4,155.3951645483079,194.24394791634293,776.9757916653717,66.13333333333334,0.06556508493658719
255,Company_255,Consumer Goods,Oceania,2025,3439.4,2.1,1309.4,6.9,67.5,64.6,100.0,37.8,514605.8,643257.3,2573029.2,149.62080595452696,187.026021980578,748.104087922312,67.46666666666665,0.0688337114267068
256,Company_256,Manufacturing,Middle East,2015,792.1,8.9,1109.5,1.75,37.8,9.5,53.4,50.6,269301.1,359068.1,4488351.7,339.9837141775028,453.3115768211084,5666.395278373942,37.833333333333336,
256,Company_256,Manufacturing,Middle East,2016,800.0,7.6,528.7,1.0,36.7,11.9,50.3,47.9,268050.8,357401.0,4467512.5,335.0635,446.75125,5584.390625,36.699999999999996,0.009973488195934799
256,Company_256,Manufacturing,Middle East,2017,781.1,9.8,1657.7,-2.4,36.6,11.6,50.2,48.2,262215.5,349620.6,4370257.8,335.70029445653563,447.60030725899367,5595.004224811163,36.666666666666664,-0.023625000000000007
256,Company_256,Manufacturing,Middle East,2018,897.2,10.5,1670.7,14.9,38.2,12.3,53.6,48.8,299778.7,399704.9,4996311.9,334.1269505127062,445.5025635309853,5568.782768613464,38.233333333333334,0.1486365382153374
256,Company_256,Manufacturing,Middle East,2019,782.1,16.6,1379.3,-12.8,39.9,13.4,53.0,53.4,259540.0,346053.3,4325666.4,331.85014704002043,442.4668200997315,5530.835443037975,39.93333333333334,-0.12828800713330368
256,Company_256,Manufacturing,Middle East,2020,720.0,18.2,1844.3,-7.9,39.6,15.1,52.9,50.8,236301.1,315068.1,3938351.7,328.1959722222222,437.5945833333333,5469.932916666667,39.6,-0.07940161104718069
256,Company_256,Manufacturing,Middle East,2021,737.9,18.4,1496.4,2.5,40.3,15.6,53.5,51.9,241386.2,321848.2,4023102.9,327.12589781813256,436.16777341103136,5452.097709716764,40.333333333333336,0.024861111111111
256,Company_256,Manufacturing,Middle East,2022,817.6,15.2,1475.0,10.8,41.2,15.5,55.8,52.4,267651.0,356867.9,4460849.4,327.3617906066536,436.48226516634054,5456.029109589042,41.23333333333333,0.10800921534083208
256,Company_256,Manufacturing,Middle East,2023,846.7,18.4,2676.8,3.6,40.3,14.9,55.3,50.6,278304.0,371072.0,4638399.4,328.6925711586158,438.2567615448211,5478.208810676745,40.26666666666667,0.03559197651663415
256,Company_256,Manufacturing,Middle East,2024,920.0,14.8,1745.0,8.7,39.0,13.9,54.4,48.5,304348.2,405797.6,5072470.2,330.8132608695652,441.0843478260869,5513.554565217391,38.93333333333333,0.08657139482697529
256,Company_256,Manufacturing,Middle East,2025,919.1,14.4,1763.1,-0.1,39.8,16.6,56.2,46.5,298942.5,398590.0,4982375.4,325.25568490915026,433.67424654553366,5420.928517027527,39.76666666666667,-0.0009782608695652062
257,Company_257,Finance,Latin America,2015,1630.0,14.8,4589.6,7.0,56.9,95.3,36.4,39.2,17383.8,8691.9,43459.5,10.664907975460123,5.332453987730061,26.662269938650308,56.96666666666666,
257,Company_257,Finance,Latin America,2016,1648.6,16.5,2796.4,1.1,55.8,93.4,33.7,40.2,17998.5,8999.3,44996.3,10.917445104937523,5.458752881232561,27.293643091107608,55.76666666666667,0.011411042944785121
257,Company_257,Finance,Latin America,2017,1866.2,18.2,6606.7,13.2,54.5,89.7,33.8,40.2,21357.1,10678.5,53392.7,11.444164612581716,5.72205551387847,28.6103847390419,54.56666666666666,0.1319907800558051
257,Company_257,Finance,Latin America,2018,1947.0,17.7,4487.3,4.3,55.4,91.0,33.4,41.9,21931.1,10965.5,54827.6,11.264047252182845,5.631997945557267,28.160041088854648,55.43333333333334,0.04329653842031944
257,Company_257,Finance,Latin America,2019,2070.6,13.9,5734.4,6.3,54.3,90.0,29.4,43.5,23593.4,11796.7,58983.4,11.394475031391869,5.697237515695934,28.48613928329953,54.300000000000004,0.063482280431433
257,Company_257,Finance,Latin America,2020,2023.1,12.9,3705.4,-2.3,53.3,87.7,29.0,43.0,23714.8,11857.4,59287.1,11.722010775542484,5.861005387771242,29.305076367950175,53.23333333333333,-0.022940210566985364
257,Company_257,Finance,Latin America,2021,2027.1,11.5,2302.9,0.2,54.4,88.7,29.7,44.8,23470.2,11735.1,58675.5,11.578215184253368,5.789107592126684,28.94553796063342,54.4,0.001977163758588363
257,Company_257,Finance,Latin America,2022,2183.8,10.8,2052.5,7.7,57.1,91.5,31.8,47.9,24441.3,12220.6,61103.2,11.192096345819213,5.596025277040022,27.980217968678446,57.06666666666666,0.07730255044151768
257,Company_257,Finance,Latin America,2023,2456.3,11.2,2658.9,12.5,57.7,91.6,33.3,48.1,27445.2,13722.6,68613.1,11.173390872450433,5.586695436225217,27.933517892765543,57.666666666666664,0.12478248923894131
257,Company_257,Finance,Latin America,2024,2706.7,11.2,2757.3,10.2,57.4,91.2,33.7,47.2,30414.3,15207.1,76035.7,11.236671962167954,5.618317508405069,28.091661432740977,57.366666666666674,0.10194194520213307
257,Company_257,Finance,Latin America,2025,2922.7,10.1,5031.8,8.0,57.5,90.7,34.7,47.2,33037.2,16518.6,82593.1,11.303657576898074,5.651828788449037,28.25917815718343,57.53333333333334,0.07980197288210733
258,Company_258,Healthcare,Latin America,2015,2410.2,19.9,11204.0,15.5,51.3,78.6,42.6,32.7,156612.6,156612.6,313225.1,64.97908887229276,64.97908887229276,129.95813625425276,51.29999999999999,
258,Company_258,Healthcare,Latin America,2016,3031.6,16.8,10331.5,25.8,50.1,76.7,44.3,29.5,201102.6,201102.6,402205.2,66.33546642037209,66.33546642037209,132.67093284074417,50.166666666666664,0.25782092772384035
258,Company_258,Healthcare,Latin America,2017,3350.0,15.5,8731.8,10.5,51.4,78.2,44.5,31.6,218709.4,218709.4,437418.9,65.2863880597015,65.2863880597015,130.57280597014926,51.43333333333334,0.10502704842327493
258,Company_258,Healthcare,Latin America,2018,3492.5,13.3,7070.1,4.3,51.9,77.4,44.6,33.6,229840.6,229840.6,459681.3,65.80976377952756,65.80976377952756,131.61955619183965,51.86666666666667,0.04253731343283573
258,Company_258,Healthcare,Latin America,2019,3937.9,14.6,6144.0,12.8,52.5,78.9,48.0,30.5,255175.1,255175.1,510350.2,64.79979176718555,64.79979176718555,129.5995835343711,52.46666666666667,0.12753042233357204
258,Company_258,Healthcare,Latin America,2020,4590.3,14.5,15284.5,16.6,51.6,78.3,49.0,27.5,299299.7,299299.7,598599.5,65.2026447073176,65.2026447073176,130.40531119970373,51.6,0.16567205871149593
258,Company_258,Healthcare,Latin America,2021,5299.2,12.7,8006.8,15.4,54.3,81.1,51.5,30.4,334926.9,334926.9,669853.9,63.20329483695653,63.20329483695653,126.406608544686,54.333333333333336,0.15443435069603284
258,Company_258,Healthcare,Latin America,2022,6125.7,11.9,13025.3,15.6,56.4,83.6,52.6,33.0,376544.4,376544.4,753088.8,61.469611636221174,61.469611636221174,122.93922327244235,56.4,0.15596693840579712
258,Company_258,Healthcare,Latin America,2023,6712.9,13.8,11414.5,9.6,55.6,84.5,50.0,32.4,408325.8,408325.8,816651.5,60.82703451563408,60.82703451563408,121.65405413457671,55.63333333333333,0.09585843250567283
258,Company_258,Healthcare,Latin America,2024,8380.0,17.1,19512.3,24.8,56.4,86.1,50.7,32.5,500506.0,500506.0,1001012.0,59.726252983293556,59.726252983293556,119.45250596658711,56.43333333333334,0.24834274307676263
258,Company_258,Healthcare,Latin America,2025,10126.6,15.1,25354.7,20.8,57.0,87.9,52.1,30.9,591940.7,591940.7,1183881.3,58.45404183042679,58.45404183042679,116.90807378587087,56.96666666666667,0.20842482100238668
259,Company_259,Healthcare,North America,2015,312.9,17.2,683.2,2.65,41.4,37.1,38.5,48.8,29436.9,29436.9,58873.8,94.07766059443912,94.07766059443912,188.15532118887825,41.46666666666666,
259,Company_259,Healthcare,North America,2016,332.6,18.4,1282.7,6.3,43.5,39.9,42.0,48.7,30627.0,30627.0,61254.1,92.083583884546,92.083583884546,184.1674684305472,43.53333333333334,0.0629594119527006
259,Company_259,Healthcare,North America,2017,334.3,15.1,945.7,0.5,44.0,40.4,43.6,48.1,30648.8,30648.8,61297.6,91.68052647322763,91.68052647322763,183.36105294645526,44.03333333333333,0.005111244738424503
259,Company_259,Healthcare,North America,2018,323.0,12.2,909.4,-3.4,44.3,43.4,44.4,45.0,28946.2,28946.2,57892.5,89.61671826625387,89.61671826625387,179.23374613003097,44.26666666666667,-0.03380197427460363
259,Company_259,Healthcare,North America,2019,314.7,10.4,403.1,-2.6,45.0,44.4,46.1,44.5,27975.2,27975.2,55950.5,88.89482046393391,88.89482046393391,177.78995869081666,45.0,-0.02569659442724459
259,Company_259,Healthcare,North America,2020,311.0,11.9,525.9,-1.2,47.7,47.9,52.0,43.1,26880.9,26880.9,53761.8,86.43376205787781,86.43376205787781,172.86752411575563,47.666666666666664,-0.011757229107086098
259,Company_259,Healthcare,North America,2021,349.3,11.6,579.0,12.3,47.1,50.3,50.1,40.9,29618.8,29618.8,59237.6,84.79473232178643,84.79473232178643,169.58946464357285,47.1,0.1231511254019293
259,Company_259,Healthcare,North America,2022,325.0,10.0,422.4,-7.0,49.4,55.5,50.7,42.0,26382.7,26382.7,52765.5,81.17753846153846,81.17753846153846,162.35538461538462,49.4,-0.069567706842256
259,Company_259,Healthcare,North America,2023,361.3,8.7,746.3,11.2,50.4,56.4,50.7,44.1,29085.7,29085.7,58171.4,80.5029061721561,80.5029061721561,161.0058123443122,50.4,0.11169230769230776
259,Company_259,Healthcare,North America,2024,386.3,12.3,762.3,6.9,50.8,56.7,52.0,43.8,31015.1,31015.1,62030.3,80.28760031063939,80.28760031063939,160.575459487445,50.833333333333336,0.06919457514530869
259,Company_259,Healthcare,North America,2025,405.0,15.6,1092.2,4.8,52.7,58.4,52.8,46.8,32045.0,32045.0,64090.0,79.12345679012346,79.12345679012346,158.2469135802469,52.666666666666664,0.048407973077918776
260,Company_260,Consumer Goods,Latin America,2015,1085.4,7.4,1307.0,13.2,65.2,89.6,34.8,71.2,124404.7,155505.9,622023.6,114.61645476322091,143.27059148700937,573.0823659480375,65.2,
260,Company_260,Consumer Goods,Latin America,2016,1228.9,7.6,2152.9,13.2,66.0,91.1,35.3,71.6,138193.2,172741.5,690966.2,112.45276263324925,140.56595329156156,562.2639759134184,66.0,0.1322093237516122
260,Company_260,Consumer Goods,Latin America,2017,1330.6,7.4,1764.2,8.3,67.2,91.0,38.8,71.9,149769.8,187212.3,748849.0,112.55809409289043,140.69765519314595,562.7904704644521,67.23333333333333,0.08275693709821774
260,Company_260,Consumer Goods,Latin America,2018,1639.4,3.9,1004.5,23.2,67.5,91.0,41.9,69.7,184635.3,230794.1,923176.5,112.62370379407099,140.77961449310723,563.118518970355,67.53333333333335,0.23207575529836189
260,Company_260,Consumer Goods,Latin America,2019,1855.5,7.9,2418.3,13.2,67.5,91.4,40.2,70.7,207854.8,259818.6,1039274.2,112.02091080571275,140.0261924009701,560.104661816222,67.43333333333334,0.13181651823837992
260,Company_260,Consumer Goods,Latin America,2020,2052.7,7.3,2995.5,10.6,67.0,92.7,39.2,69.0,226219.1,282773.8,1131095.4,110.20563160715157,137.7570029716958,551.0281093194329,66.96666666666667,0.1062786310967394
260,Company_260,Consumer Goods,Latin America,2021,2325.1,6.0,2734.2,13.3,69.2,96.9,41.8,68.9,242662.3,303327.8,1213311.3,104.36639284331856,130.45795879747106,521.8318781987872,69.2,0.13270326886539685
260,Company_260,Consumer Goods,Latin America,2022,2298.6,8.8,4410.7,-1.1,70.7,100.0,44.2,67.9,229864.1,287330.1,1149320.3,100.0017836944227,125.00221874184285,500.0088314626295,70.7,-0.011397359253365491
260,Company_260,Consumer Goods,Latin America,2023,2806.5,7.4,3511.2,22.1,71.9,100.0,48.3,67.5,280647.2,350809.0,1403236.1,99.99900231605203,124.99875289506502,499.99504721182973,71.93333333333334,0.2209605847037328
260,Company_260,Consumer Goods,Latin America,2024,3142.7,5.5,3256.3,12.0,73.1,100.0,51.2,68.2,314270.2,392837.7,1571350.8,100.00006363954563,125.00006363954563,500.0002545581825,73.13333333333333,0.1197933368964903
260,Company_260,Consumer Goods,Latin America,2025,3595.0,6.5,3100.6,14.4,73.7,100.0,51.9,69.0,359501.0,449376.2,1797505.0,100.00027816411684,125.0003337969402,500.00139082058416,73.63333333333334,0.14392083240525677
261,Company_261,Utilities,Asia,2015,781.4,13.5,1124.0,-0.7,49.4,38.2,71.6,38.5,582874.3,364296.5,5828743.2,745.9358843102125,466.21000767852576,7459.359099052982,49.43333333333334,
261,Company_261,Utilities,Asia,2016,832.0,13.8,1702.9,6.5,51.4,41.2,74.6,38.4,606623.9,379139.9,6066238.9,729.115264423077,455.6969951923077,7291.152524038462,51.4,0.06475556693114926
261,Company_261,Utilities,Asia,2017,819.5,12.1,1413.8,-1.5,52.0,41.8,76.5,37.7,594732.2,371707.6,5947321.8,725.7256863941427,453.5785234899329,7257.256619890177,52.0,-0.015024038461538436
261,Company_261,Utilities,Asia,2018,746.7,11.2,1117.6,-8.9,53.9,44.7,75.8,41.1,529903.7,331189.8,5299036.5,709.6607740725859,443.53796705504215,7096.607071112896,53.86666666666667,-0.08883465527760825
261,Company_261,Utilities,Asia,2019,773.9,11.3,1048.7,3.6,54.4,42.1,78.0,43.0,560391.7,350244.8,5603917.4,724.1138389972864,452.57113322134643,7241.138906835509,54.36666666666667,0.03642694522565937
261,Company_261,Utilities,Asia,2020,709.6,12.2,808.7,-8.3,56.1,43.9,79.8,44.5,506592.3,316620.2,5065922.8,713.9124859075536,446.195321307779,7139.124577226606,56.06666666666666,-0.08308566998320188
261,Company_261,Utilities,Asia,2021,657.8,10.4,803.2,-7.3,56.1,44.6,79.3,44.5,467281.3,292050.8,4672813.1,710.3698692611737,443.9811492854971,7103.698844633627,56.13333333333333,-0.07299887260428417
261,Company_261,Utilities,Asia,2022,793.0,9.1,600.3,20.6,55.2,42.6,78.6,44.5,572154.2,357596.4,5721542.3,721.5059268600252,450.941235813367,7215.059646910467,55.23333333333333,0.2055335968379448
261,Company_261,Utilities,Asia,2023,794.0,8.7,622.6,0.1,56.2,46.3,78.5,43.8,556394.0,347746.3,5563940.1,700.7481108312343,437.9676322418136,7007.481234256927,56.199999999999996,0.0012610340479193294
261,Company_261,Utilities,Asia,2024,780.8,10.5,744.8,-1.7,56.3,49.8,74.7,44.4,532028.9,332518.1,5320288.8,681.3894723360656,425.8684682377049,6813.894467213115,56.300000000000004,-0.016624685138539097
261,Company_261,Utilities,Asia,2025,781.4,12.3,1187.9,0.1,56.5,52.7,76.0,40.8,519454.5,324659.1,5194545.0,664.7741233683133,415.48387509598155,6647.741233683133,56.5,0.0007684426229508379
262,Company_262,Transportation,Oceania,2015,1307.7,13.4,1576.9,3.4,52.3,38.3,56.1,62.6,731032.9,121838.8,2436776.4,559.0218704595856,93.17029899824118,1863.4062858453772,52.333333333333336,
262,Company_262,Transportation,Oceania,2016,1367.7,11.5,2890.5,4.6,52.3,36.7,55.8,64.3,774044.2,129007.4,2580147.4,565.945894567522,94.32434013307011,1886.4863639687064,52.26666666666667,0.045882083046570266
262,Company_262,Transportation,Oceania,2017,1421.6,12.5,1438.3,3.9,53.8,38.8,55.0,67.6,791723.0,131953.8,2639076.8,556.9238885762521,92.82062464828363,1856.413055711874,53.79999999999999,0.039409227169700856
262,Company_262,Transportation,Oceania,2018,1574.3,13.3,3341.8,10.7,54.8,39.4,56.2,68.7,872944.6,145490.8,2909815.5,554.4969827860001,92.41618497109826,1848.3233818204917,54.76666666666667,0.10741418120427682
262,Company_262,Transportation,Oceania,2019,1415.4,16.1,3607.8,-10.1,53.2,38.3,55.1,66.2,791397.2,131899.5,2637990.8,559.1332485516461,93.18885120813904,1863.7775893740284,53.20000000000001,-0.10093374833259217
262,Company_262,Transportation,Oceania,2020,1456.2,17.6,4633.3,2.9,54.2,39.3,57.8,65.6,808363.8,134727.3,2694546.0,555.1186650185414,92.51977750309022,1850.3955500618047,54.23333333333333,0.02882577363289518
262,Company_262,Transportation,Oceania,2021,1393.0,19.3,2273.4,-4.3,57.0,42.6,58.1,70.3,753922.4,125653.7,2513074.6,541.2221105527639,90.20366116295764,1804.0736539842069,57.0,-0.043400631781348786
262,Company_262,Transportation,Oceania,2022,1393.6,24.2,3398.8,0.0,57.4,41.6,57.3,73.3,759786.3,126631.0,2532621.0,545.196828358209,90.86610218140069,1817.32276119403,57.4,0.00043072505384067483
262,Company_262,Transportation,Oceania,2023,1319.8,26.8,6203.9,-5.3,57.6,46.0,55.8,71.1,695340.3,115890.1,2317801.1,526.8527807243522,87.80883467192,1756.1760115168966,57.633333333333326,-0.05295637198622272
262,Company_262,Transportation,Oceania,2024,1456.7,25.3,3801.5,10.4,58.9,47.0,58.7,71.1,761432.8,126905.5,2538109.2,522.7107846502369,87.11848699114437,1742.36919063637,58.93333333333334,0.10372783755114412
262,Company_262,Transportation,Oceania,2025,1780.7,23.8,7836.6,22.2,59.4,50.2,57.0,71.0,906708.9,151118.2,3022363.0,509.1867804795867,84.86449149210985,1697.289268265289,59.4,0.22242053957575347
263,Company_263,Utilities,Africa,2015,1319.3,12.7,1417.0,1.75,33.4,29.7,18.1,52.4,1046923.5,654327.2,10469234.9,793.5446827863261,495.96543621617525,7935.44675206549,33.4,
263,Company_263,Utilities,Africa,2016,1608.7,10.8,2601.6,21.9,34.9,32.4,19.7,52.5,1252463.2,782789.5,12524632.5,778.5561011997264,486.597563249829,7785.561322807235,34.86666666666667,0.21935875085272505
263,Company_263,Utilities,Africa,2017,1743.5,12.1,2847.6,8.4,34.6,32.4,18.2,53.2,1357112.5,848195.3,13571125.0,778.3839977057643,486.489991396616,7783.8399770576425,34.6,0.0837943681233293
263,Company_263,Utilities,Africa,2018,1677.9,12.4,1815.7,-3.8,32.2,31.2,15.7,49.6,1317721.4,823575.9,13177213.7,785.3396507539185,490.83729662077593,7853.396328744263,32.166666666666664,-0.03762546601663319
263,Company_263,Utilities,Africa,2019,1623.2,12.2,1874.1,-3.3,30.8,30.2,15.7,46.4,1283418.3,802136.4,12834182.8,790.6716978807294,494.1697880729423,7906.716855593889,30.766666666666666,-0.032600274152214115
263,Company_263,Utilities,Africa,2020,1531.4,11.0,2323.3,-5.7,32.9,33.5,16.5,48.7,1182782.5,739239.1,11827825.2,772.3537286143397,482.7211048713595,7723.537416742849,32.9,-0.0565549531789058
263,Company_263,Utilities,Africa,2021,1547.2,12.0,2134.9,1.0,33.1,31.7,16.7,50.8,1210820.8,756763.0,12108207.8,782.58841778697,489.11776111685623,7825.88404860393,33.06666666666666,0.010317356667101985
263,Company_263,Utilities,Africa,2022,1585.3,13.7,2807.2,2.5,33.2,30.9,19.5,49.1,1247809.4,779880.9,12478093.8,787.1124708257112,491.94531003595534,7871.124582098027,33.166666666666664,0.02462512926577043
263,Company_263,Utilities,Africa,2023,1450.5,15.6,1867.0,-8.5,33.4,32.5,16.0,51.7,1128104.2,705065.1,11281042.1,777.7347121682178,486.0841778697001,7777.347190623923,33.4,-0.08503122437393551
263,Company_263,Utilities,Africa,2024,1515.7,15.7,2476.4,4.5,34.5,34.6,17.2,51.5,1161286.3,725804.0,11612863.4,766.1716038793957,478.8572936596952,7661.7163026984235,34.43333333333333,0.04495001723543601
263,Company_263,Utilities,Africa,2025,1563.4,17.2,3807.5,3.1,34.0,32.6,19.0,50.4,1215023.6,759389.8,12150236.1,777.1674555456058,485.7296916975822,7771.674619419214,34.0,0.0314706076400344
264,Company_264,Consumer Goods,Middle East,2015,1825.7,14.0,4558.4,6.25,45.8,57.6,61.0,18.9,290889.8,363612.2,1454449.0,159.33055814208248,199.16317029084735,796.6527907104124,45.833333333333336,
264,Company_264,Consumer Goods,Middle East,2016,2081.3,14.1,7259.1,14.0,45.7,58.9,58.6,19.7,327921.6,409902.0,1639608.1,157.55614279536826,196.94517849421032,787.7807620237352,45.73333333333333,0.14000109547023065
264,Company_264,Consumer Goods,Middle East,2017,2234.9,14.0,4871.5,7.4,47.1,63.2,54.6,23.4,338757.2,423446.5,1693785.8,151.57599892612646,189.46999865765807,757.8799051411696,47.06666666666667,0.07380002882813619
264,Company_264,Consumer Goods,Middle East,2018,2518.1,15.4,7545.2,12.7,47.8,64.5,58.7,20.2,377065.7,471332.1,1885328.5,149.7421468567571,187.17767364282594,748.7107342837854,47.800000000000004,0.12671707906394003
264,Company_264,Consumer Goods,Middle East,2019,2535.3,17.3,10680.3,0.7,49.0,66.7,59.1,21.4,371886.8,464858.5,1859433.9,146.68354829803178,183.3544353725397,733.417702047095,49.06666666666667,0.006830546840872254
264,Company_264,Consumer Goods,Middle East,2020,2737.3,22.2,13692.7,8.0,50.4,65.8,62.9,22.5,404654.9,505818.6,2023274.3,147.82994191356445,184.7874182588682,739.1496365031235,50.4,0.0796749891531574
264,Company_264,Consumer Goods,Middle East,2021,2876.9,25.1,13031.2,5.1,50.2,65.6,62.0,22.9,426297.9,532872.4,2131489.7,148.1796030449442,185.22451249608955,740.8980847439954,50.166666666666664,0.05099915975596381
264,Company_264,Consumer Goods,Middle East,2022,2912.2,25.3,11684.9,1.2,52.2,67.3,65.7,23.6,424694.7,530868.4,2123473.5,145.8329441659227,182.29118879197858,729.1647208296134,52.199999999999996,0.012270151899614001
264,Company_264,Consumer Goods,Middle East,2023,2976.1,22.3,13980.9,2.2,53.7,67.5,66.0,27.5,433162.8,541453.5,2165814.0,145.54712543261314,181.93390679076646,727.7356271630658,53.666666666666664,0.02194217430121559
264,Company_264,Consumer Goods,Middle East,2024,3125.0,17.8,7595.7,5.0,55.1,72.0,64.4,28.9,434820.1,543525.1,2174100.3,139.14243199999999,173.928032,695.712096,55.1,0.05003192097039744
264,Company_264,Consumer Goods,Middle East,2025,3492.0,16.4,9682.1,11.7,54.4,69.3,64.2,29.6,499257.3,624071.6,2496286.5,142.971735395189,178.71466208476517,714.8586769759451,54.36666666666667,0.11743999999999999
265,Company_265,Manufacturing,Middle East,2015,1419.0,14.2,4338.7,-11.05,17.8,29.9,21.9,1.7,421709.0,562278.6,7028483.1,297.1874559548978,396.24989429175474,4953.124101479915,17.833333333333332,
265,Company_265,Manufacturing,Middle East,2016,1207.2,12.1,2629.9,-14.9,19.6,30.0,25.3,3.5,358507.0,478009.4,5975117.3,296.9739893969516,395.9653744201458,4949.567014579191,19.599999999999998,-0.14926004228329803
265,Company_265,Manufacturing,Middle East,2017,1065.7,14.1,2984.4,-11.7,20.6,31.7,26.8,3.1,312642.0,416856.0,5210700.5,293.3677395139345,391.15698601857935,4889.462794407432,20.533333333333335,-0.11721338634857525
265,Company_265,Manufacturing,Middle East,2018,1029.4,13.6,2630.1,-3.4,23.8,36.6,29.2,5.6,291511.5,388682.0,4858525.5,283.18583640955893,377.58111521274526,4719.764425879152,23.799999999999997,-0.03406211879515808
265,Company_265,Manufacturing,Middle East,2019,922.8,9.8,1781.6,-10.4,24.4,37.2,31.0,5.0,260116.7,346822.3,4335278.3,281.87765496315563,375.8369094061552,4697.960879930646,24.400000000000002,-0.10355546920536252
265,Company_265,Manufacturing,Middle East,2020,721.2,4.0,344.9,-21.9,25.3,38.9,29.6,7.3,200634.1,267512.1,3343901.8,278.19481419855794,370.92637271214636,4636.580421519689,25.266666666666666,-0.21846553966189852
265,Company_265,Manufacturing,Middle East,2021,738.4,3.0,273.9,2.4,27.8,45.2,32.8,5.5,195663.1,260884.2,3261052.5,264.9825297941495,353.31013001083426,4416.376625135428,27.833333333333332,0.023849140321686058
265,Company_265,Manufacturing,Middle East,2022,706.4,1.3,106.0,-4.3,29.3,51.2,30.5,6.4,178389.9,237853.2,2973165.4,252.5338335220838,336.7117780294451,4208.897791619479,29.36666666666667,-0.0433369447453954
265,Company_265,Manufacturing,Middle East,2023,728.7,3.2,402.6,3.2,32.2,56.5,33.6,6.6,175906.8,234542.4,2931780.4,241.39810621655,321.86414162206665,4023.3023191985726,32.23333333333333,0.031568516421291104
265,Company_265,Manufacturing,Middle East,2024,580.4,-2.6,2108.6,-20.4,32.4,59.6,33.1,4.5,136269.8,181693.1,2271163.3,234.78600964851825,313.04807029634736,3913.100103376981,32.4,-0.2035131055303967
265,Company_265,Manufacturing,Middle East,2025,481.0,-0.9,406.2,-17.1,30.9,58.5,30.9,3.4,114060.8,152081.1,1901014.1,237.13264033264034,316.1769230769231,3952.212266112266,30.933333333333337,-0.1712611991729841
266,Company_266,Technology,Oceania,2015,6151.6,5.1,6410.0,5.8,55.2,52.2,64.0,49.5,256695.5,154017.3,513391.1,41.7282495610898,25.036949736653874,83.456515378113,55.23333333333333,
266,Company_266,Technology,Oceania,2016,6428.6,5.8,7774.7,4.5,55.6,51.9,64.0,50.9,268974.0,161384.4,537947.9,41.84021404349314,25.104128426095883,83.68041253149985,55.6,0.04502893556147991
266,Company_266,Technology,Oceania,2017,7238.0,6.1,9837.1,12.6,58.7,55.7,68.7,51.8,293130.5,175878.3,586261.0,40.49882564244266,24.299295385465598,80.99765128488532,58.73333333333333,0.12590610708396843
266,Company_266,Technology,Oceania,2018,7471.2,5.2,7360.0,3.2,58.2,54.8,68.4,51.5,305007.1,183004.3,610014.2,40.82437894849556,24.494632722989614,81.64875789699111,58.23333333333333,0.03221884498480243
266,Company_266,Technology,Oceania,2019,8253.6,4.6,10416.1,10.5,59.4,58.3,69.2,50.5,326682.4,196009.4,653364.7,39.580595134244454,23.7483522341766,79.16117815256372,59.333333333333336,0.10472213299068422
266,Company_266,Technology,Oceania,2020,8503.0,3.9,10901.4,3.0,58.2,56.5,70.9,47.3,342033.5,205220.1,684067.0,40.22503822180407,24.135022933082443,80.45007644360814,58.23333333333333,0.03021711737908306
266,Company_266,Technology,Oceania,2021,8455.3,6.0,7759.0,-0.6,58.9,60.6,71.1,45.0,327898.1,196738.9,655796.2,38.78018520927702,23.2681158563268,77.56037041855404,58.9,-0.00560978478184182
266,Company_266,Technology,Oceania,2022,9568.1,-1.1,35561.1,13.2,60.3,59.6,74.6,46.7,374614.4,224768.6,749228.8,39.152433607508286,23.491455983946654,78.30486721501657,60.29999999999999,0.13160975955909326
266,Company_266,Technology,Oceania,2023,10306.4,-5.9,11364.1,7.7,62.8,64.8,74.1,49.5,384794.0,230876.4,769588.1,37.33544205542187,22.401265233253124,74.67089381355274,62.79999999999999,0.0771626550725848
266,Company_266,Technology,Oceania,2024,10317.6,-4.3,7102.5,0.1,61.8,63.6,72.7,49.3,389499.8,233699.9,778999.6,37.751007986353414,22.650606730247343,75.50201597270683,61.866666666666674,0.0010867034075914273
266,Company_266,Technology,Oceania,2025,11051.7,-2.7,10569.1,7.1,62.6,62.1,75.0,50.7,423020.0,253812.0,846040.0,38.2764642543681,22.96587855262086,76.5529285087362,62.6,0.07115026750407072
267,Company_267,Retail,North America,2015,1412.0,6.7,1906.8,2.7,50.1,23.9,42.4,84.1,145832.5,72916.2,291665.0,103.28080736543909,51.64036827195467,206.56161473087818,50.133333333333326,
267,Company_267,Retail,North America,2016,1618.4,7.8,2108.0,14.6,52.0,26.2,44.2,85.6,164537.5,82268.8,329075.0,101.66676964903608,50.83341571922887,203.33353929807217,52.0,0.1461756373937677
267,Company_267,Retail,North America,2017,1664.6,8.9,3224.3,2.9,52.4,26.0,44.7,86.4,169446.2,84723.1,338892.5,101.79394449116906,50.89697224558453,203.58794905683047,52.366666666666674,0.028546712802768104
267,Company_267,Retail,North America,2018,1833.5,6.9,2147.8,10.2,51.5,23.5,44.8,86.3,189850.4,94925.2,379700.8,103.54535042268884,51.77267521134442,207.09070084537768,51.53333333333333,0.10146581761384121
267,Company_267,Retail,North America,2019,1928.6,7.9,2805.6,5.2,52.6,21.1,45.1,91.6,202927.3,101463.7,405854.7,105.22000414808669,52.61002799958519,210.4400601472571,52.6,0.051868011998909225
267,Company_267,Retail,North America,2020,1860.8,6.7,2750.4,-3.5,52.2,23.2,45.6,87.8,193133.6,96566.8,386267.2,103.79062768701634,51.89531384350817,207.58125537403268,52.199999999999996,-0.03515503474022608
267,Company_267,Retail,North America,2021,1856.7,10.3,3568.3,-0.2,51.8,23.8,44.2,87.4,191844.1,95922.1,383688.3,103.32530834275866,51.662681100877904,206.65067054451444,51.800000000000004,-0.002203353396388552
267,Company_267,Retail,North America,2022,1857.1,11.0,2637.1,0.0,50.9,22.3,45.2,85.3,193826.3,96913.1,387652.5,104.37041624037478,52.185181196489154,208.74077863335307,50.93333333333334,0.00021543598858175805
267,Company_267,Retail,North America,2023,1903.0,11.2,5003.0,2.5,50.9,19.8,48.9,83.9,201934.9,100967.5,403869.9,106.11397792958486,53.05701523909617,212.2280084077772,50.866666666666674,0.024715954983576705
267,Company_267,Retail,North America,2024,2064.4,10.8,3234.3,8.5,52.8,19.6,50.5,88.3,219384.7,109692.4,438769.4,106.27044177484984,53.135245107537294,212.54088354969969,52.79999999999999,0.08481345244351024
267,Company_267,Retail,North America,2025,1940.9,14.3,6655.4,-6.0,54.4,20.8,50.7,91.6,204621.8,102310.9,409243.6,105.42624555618526,52.71312277809263,210.85249111237053,54.36666666666667,-0.05982367758186402
268,Company_268,Technology,Europe,2015,1872.7,17.9,5211.4,16.799999999999997,72.2,70.8,90.4,55.4,65929.3,39557.6,131858.5,35.205478720563896,21.123297912105514,70.41090404229188,72.2,
268,Company_268,Technology,Europe,2016,2057.0,16.6,8902.3,9.8,72.9,71.2,92.4,55.0,72143.6,43286.2,144287.2,35.0722411278561,21.043364122508507,70.1444822557122,72.86666666666667,0.0984140545736103
268,Company_268,Technology,Europe,2017,2401.2,16.1,9814.1,16.7,71.8,68.9,91.8,54.6,86196.4,51717.8,172392.7,35.89721805763785,21.538314176245212,71.79439446943196,71.76666666666667,0.16733106465726788
268,Company_268,Technology,Europe,2018,2850.9,15.1,15023.8,18.7,73.2,73.3,90.6,55.6,97903.2,58741.9,195806.4,34.34115542460275,20.60468623943316,68.6823108492055,73.16666666666666,0.18728135932033996
268,Company_268,Technology,Europe,2019,3173.6,14.7,9693.8,11.3,73.2,76.2,90.3,53.1,105812.3,63487.4,211624.7,33.341410385681876,20.004852533400555,66.6828522813209,73.2,0.11319232523062883
268,Company_268,Technology,Europe,2020,3710.0,13.1,9310.6,16.9,73.9,74.9,92.8,54.0,125396.6,75238.0,250793.3,33.79962264150944,20.27978436657682,67.59927223719676,73.89999999999999,0.16901941013360222
268,Company_268,Technology,Europe,2021,4380.3,10.0,7000.5,18.1,74.7,74.7,95.0,54.5,148329.3,88997.6,296658.7,33.862817615231826,20.317695135036413,67.72565805995023,74.73333333333333,0.18067385444743933
268,Company_268,Technology,Europe,2022,5560.7,8.7,10309.0,26.9,75.5,76.4,95.6,54.6,184963.4,110978.0,369926.8,33.26261082237848,19.957559300088118,66.52522164475695,75.53333333333333,0.2694792594114557
268,Company_268,Technology,Europe,2023,6836.3,11.0,24743.3,22.9,76.6,77.4,97.6,54.9,225070.0,135042.0,450139.9,32.922779866301944,19.75366791978117,65.84554510480815,76.63333333333334,0.22939557969320412
268,Company_268,Technology,Europe,2024,7484.0,16.1,42029.7,9.5,78.3,80.1,97.7,56.9,239179.9,143507.9,478359.7,31.95883217530732,19.175293960448958,63.91765098877606,78.23333333333333,0.09474423299153045
268,Company_268,Technology,Europe,2025,8550.5,15.3,24232.7,14.2,80.6,82.9,97.5,61.3,265078.4,159047.1,530156.9,31.00150868370271,18.600912227355128,62.00302906262792,80.56666666666666,0.14250400855157674
269,Company_269,Healthcare,Latin America,2015,486.7,12.9,1254.1,-0.5499999999999999,41.2,72.9,30.5,20.2,33569.8,33569.8,67139.7,68.97431682761456,68.97431682761456,137.94883912060817,41.2,
269,Company_269,Healthcare,Latin America,2016,519.9,9.9,925.5,6.8,43.1,77.7,29.6,22.1,34117.7,34117.7,68235.3,65.62358145797269,65.62358145797269,131.24697057126372,43.13333333333333,0.06821450585576327
269,Company_269,Healthcare,Latin America,2017,463.0,9.7,904.4,-10.9,42.9,77.0,29.5,22.3,30592.0,30592.0,61184.1,66.07343412526998,66.07343412526998,132.14708423326132,42.93333333333334,-0.10944412386997493
269,Company_269,Healthcare,Latin America,2018,430.5,8.8,397.8,-7.0,44.5,78.6,30.8,24.1,27972.5,27972.5,55944.9,64.9767711962834,64.9767711962834,129.9533101045296,44.5,-0.07019438444924408
269,Company_269,Healthcare,Latin America,2019,420.6,6.2,329.6,-2.3,44.5,80.0,30.5,23.0,26906.4,26906.4,53812.7,63.97146932952924,63.97146932952924,127.94270090347122,44.5,-0.022996515679442497
269,Company_269,Healthcare,Latin America,2020,445.5,4.9,283.2,5.9,46.3,80.9,34.6,23.4,28234.9,28234.9,56469.8,63.37800224466891,63.37800224466891,126.75600448933783,46.300000000000004,0.05920114122681874
269,Company_269,Healthcare,Latin America,2021,435.1,5.0,257.2,-2.3,45.0,79.8,31.6,23.8,27918.5,27918.5,55837.0,64.16570903240634,64.16570903240634,128.33141806481268,45.06666666666667,-0.023344556677889927
269,Company_269,Healthcare,Latin America,2022,440.7,4.9,312.7,1.3,45.2,81.2,29.2,25.2,27833.4,27833.4,55666.9,63.15724982981621,63.15724982981621,126.31472657136375,45.199999999999996,0.012870604458744994
269,Company_269,Healthcare,Latin America,2023,446.7,2.6,117.9,1.4,45.6,84.2,28.8,23.7,27280.6,27280.6,54561.2,61.07141258115066,61.07141258115066,122.14282516230132,45.56666666666666,0.013614703880190593
269,Company_269,Healthcare,Latin America,2024,452.2,0.4,34.7,1.2,47.2,84.9,28.3,28.4,27393.7,27393.7,54787.4,60.57872622733304,60.57872622733304,121.15745245466609,47.199999999999996,0.012312513991493246
269,Company_269,Healthcare,Latin America,2025,428.5,1.3,95.4,-5.3,46.5,85.6,27.2,26.7,25758.1,25758.1,51516.2,60.112252042007,60.112252042007,120.224504084014,46.5,-0.052410437859354286
270,Company_270,Manufacturing,Asia,2015,4306.4,11.8,6154.5,2.4,49.4,47.0,49.5,51.7,1125556.7,1500742.2,18759277.9,261.36835872190227,348.49112948170165,4356.139211406279,49.4,
270,Company_270,Manufacturing,Asia,2016,4351.5,13.5,5506.5,1.0,50.7,50.2,49.6,52.4,1107907.3,1477209.7,18465121.5,254.60353900953695,339.47137768585543,4243.392278524647,50.73333333333334,0.010472784692550752
270,Company_270,Manufacturing,Asia,2017,4439.9,13.0,7551.1,2.0,52.8,53.2,50.5,54.5,1102368.1,1469824.1,18372801.2,248.28669564629837,331.04892002072125,4138.1114889975,52.73333333333333,0.020314833965299206
270,Company_270,Manufacturing,Asia,2018,4305.5,11.9,10904.1,-3.0,54.0,52.1,51.6,58.3,1078499.5,1437999.3,17974991.2,250.4934386250145,333.99124375798397,4174.8905353617465,54.0,-0.030270952048469524
270,Company_270,Manufacturing,Asia,2019,4426.9,8.4,3809.7,2.8,54.2,51.2,51.3,60.0,1117680.1,1490240.1,18628001.2,252.4746662450022,336.632880796946,4207.910998667239,54.166666666666664,0.028196492857972322
270,Company_270,Manufacturing,Asia,2020,4457.0,7.3,3908.5,0.7,55.0,53.3,49.0,62.6,1106015.5,1474687.4,18433592.1,248.15245680951313,330.8699573704285,4135.8743773838905,54.96666666666667,0.006799340396214104
270,Company_270,Manufacturing,Asia,2021,4984.3,6.3,3404.1,11.8,55.1,54.6,49.7,61.0,1222508.0,1630010.7,20375133.7,245.2717533053789,327.02901109483776,4087.8626286539734,55.1,0.11830827911150998
270,Company_270,Manufacturing,Asia,2022,5704.2,5.0,5055.5,14.4,54.7,55.1,47.2,61.7,1393465.0,1857953.3,23224416.7,244.28754251253463,325.7167175063988,4071.4590477192246,54.666666666666664,0.14443352125674602
270,Company_270,Manufacturing,Asia,2023,6400.0,4.7,5250.8,12.2,56.2,57.7,50.0,60.9,1528318.2,2037757.6,25471970.5,238.79971874999998,318.399625,3979.995390625,56.199999999999996,0.12198029522106513
270,Company_270,Manufacturing,Asia,2024,7156.5,7.6,4485.4,11.8,56.4,59.1,49.8,60.3,1687752.1,2250336.2,28129202.0,235.83484943757423,314.44647523230634,3930.5808705372738,56.4,0.11820312499999996
270,Company_270,Manufacturing,Asia,2025,7241.8,6.1,7441.7,1.2,56.4,58.5,49.3,61.4,1717399.2,2289865.7,28623320.8,237.15087409207655,316.2011792648237,3952.514678671049,56.4,0.011919234262558476
271,Company_271,Healthcare,Europe,2015,3189.8,21.6,15087.6,6.1,54.3,57.9,53.2,51.8,253502.6,253502.6,507005.2,79.47288231237067,79.47288231237067,158.94576462474134,54.29999999999999,
271,Company_271,Healthcare,Europe,2016,3467.1,26.3,12665.0,8.7,56.3,57.4,54.9,56.6,276715.8,276715.8,553431.6,79.81188889850307,79.81188889850307,159.62377779700614,56.300000000000004,0.08693335005329472
271,Company_271,Healthcare,Europe,2017,4195.5,28.6,15138.1,21.0,56.8,60.5,53.6,56.2,325673.3,325673.3,651346.6,77.62443093790966,77.62443093790966,155.24886187581933,56.76666666666667,0.21008912347495023
271,Company_271,Healthcare,Europe,2018,4284.0,29.8,14222.1,2.1,57.0,61.9,52.5,56.7,328449.3,328449.3,656898.6,76.668837535014,76.668837535014,153.337675070028,57.03333333333334,0.021094029317125562
271,Company_271,Healthcare,Europe,2019,4330.0,28.8,24594.6,1.1,57.4,61.3,54.6,56.4,333788.5,333788.5,667577.1,77.08741339491917,77.08741339491917,154.17484988452657,57.43333333333334,0.01073762838468717
271,Company_271,Healthcare,Europe,2020,5290.2,29.3,24295.8,22.2,56.8,58.7,56.6,55.3,417533.0,417533.0,835066.1,78.92574949907376,78.92574949907376,157.85151790102455,56.866666666666674,0.22175519630484986
271,Company_271,Healthcare,Europe,2021,6008.9,30.7,29025.6,13.6,58.3,60.3,56.4,58.1,467292.7,467292.7,934585.3,77.76676263542413,77.76676263542413,155.5335086288672,58.26666666666666,0.13585497712751882
271,Company_271,Healthcare,Europe,2022,6217.1,32.1,31617.9,3.5,59.9,62.6,57.3,59.6,473409.5,473409.5,946818.9,76.1463544096122,76.1463544096122,152.2926927345547,59.833333333333336,0.034648604569888164
271,Company_271,Healthcare,Europe,2023,7582.1,33.7,27304.5,22.0,60.8,65.5,57.3,59.5,562217.0,562217.0,1124434.0,74.15056514685905,74.15056514685905,148.3011302937181,60.76666666666667,0.21955574142284995
271,Company_271,Healthcare,Europe,2024,7649.9,29.4,41515.0,0.9,61.9,64.2,59.8,61.6,574047.0,574047.0,1148094.0,75.03980444188814,75.03980444188814,150.07960888377627,61.86666666666667,0.008942113662441686
271,Company_271,Healthcare,Europe,2025,7882.9,29.9,43793.0,3.0,63.0,65.0,61.1,62.9,587468.3,587468.3,1174936.7,74.52438823275699,74.52438823275699,149.0487891512007,63.0,0.030457914482542314
272,Company_272,Energy,Oceania,2015,4496.7,15.0,8713.2,3.5999999999999996,39.8,21.2,74.8,23.4,4728683.0,1418604.9,47286829.8,1051.5896101585608,315.4768830475682,10515.896057108546,39.800000000000004,
272,Company_272,Energy,Oceania,2016,4285.4,19.9,13771.9,-4.7,41.6,24.3,78.6,21.9,4414136.3,1324240.9,44141362.6,1030.0406729826855,309.01220422831005,10300.406636486678,41.599999999999994,-0.04699001489981547
272,Company_272,Energy,Oceania,2017,4819.3,28.0,24667.9,12.5,43.2,26.7,80.8,21.9,4882033.2,1464609.9,48820331.6,1013.0170771688835,303.90511070072415,10130.170688689228,43.13333333333333,0.12458580295888377
272,Company_272,Energy,Oceania,2018,5017.7,29.1,18120.8,4.1,44.5,27.8,81.9,23.8,5045011.3,1513503.4,50450113.2,1005.4429918089961,301.6328995356438,10054.429957948862,44.5,0.04116780445292867
272,Company_272,Energy,Oceania,2019,3472.7,30.0,12926.1,-30.8,44.6,29.0,81.6,23.4,3463435.9,1039030.8,34634358.7,997.3323062746566,299.1997005212083,9973.322976358455,44.666666666666664,-0.3079099986049385
272,Company_272,Energy,Oceania,2020,3661.1,28.2,19744.3,5.4,47.4,29.9,83.9,28.5,3626678.9,1088003.7,36266789.1,990.5981535604053,297.17945426238015,9905.981562918249,47.43333333333334,0.05425173496126945
272,Company_272,Energy,Oceania,2021,3776.1,29.4,15061.9,3.1,49.4,29.1,86.1,32.9,3761266.3,1128379.9,37612663.2,996.0716877201345,298.82150896427527,9960.716930166045,49.36666666666667,0.031411324465324686
272,Company_272,Energy,Oceania,2022,4240.4,21.5,11285.6,12.3,50.2,31.3,84.6,34.8,4159014.4,1247704.3,41590144.2,980.8070936704086,294.2421233845864,9808.070983869447,50.23333333333333,0.12295754879372889
272,Company_272,Energy,Oceania,2023,4342.5,23.6,15234.7,2.4,48.9,29.7,84.5,32.5,4306724.1,1292017.2,43067240.6,991.761450777202,297.52842832469776,9917.614415659184,48.9,0.024077917177624863
272,Company_272,Energy,Oceania,2024,4149.9,29.4,11410.9,-4.4,49.7,28.1,86.1,34.8,4163552.6,1249065.8,41635526.3,1003.2898624063232,300.9869635412902,10032.898696354128,49.666666666666664,-0.044352331606217654
272,Company_272,Energy,Oceania,2025,4521.2,28.5,17193.4,8.9,49.5,27.1,83.8,37.6,4569246.3,1370773.9,45692463.1,1010.6268910908608,303.1880695390604,10106.268933026631,49.5,0.08947203547073435
273,Company_273,Transportation,Latin America,2015,317.9,9.3,522.0,0.75,45.7,32.4,85.0,19.6,185629.9,30938.3,618766.3,583.925448254168,97.32085561497327,1946.4180559924507,45.666666666666664,
273,Company_273,Transportation,Latin America,2016,328.2,5.0,288.0,3.3,46.3,36.2,82.3,20.5,186380.1,31063.3,621266.9,567.8857404021938,94.64747105423523,1892.9521633150518,46.333333333333336,0.032400125825731374
273,Company_273,Transportation,Latin America,2017,311.1,1.7,98.5,-5.2,45.5,34.8,83.9,17.8,178599.7,29766.6,595332.3,574.0909675345548,95.68177434908388,1913.6364513018323,45.5,-0.05210237659963424
273,Company_273,Transportation,Latin America,2018,340.5,2.2,120.7,9.4,47.2,34.0,86.6,21.1,196579.9,32763.3,655266.3,577.3271659324522,96.22114537444934,1924.4237885462555,47.23333333333333,0.09450337512053997
273,Company_273,Transportation,Latin America,2019,429.4,2.3,153.9,26.1,48.7,37.1,89.7,19.3,242269.6,40378.3,807565.3,564.204937121565,94.03423381462507,1880.6830461108525,48.70000000000001,0.2610866372980909
273,Company_273,Transportation,Latin America,2020,431.7,0.6,48.3,0.5,50.1,36.5,90.8,23.0,244720.4,40786.7,815734.7,566.876071345842,94.47926801019226,1889.5869817002547,50.1,0.005356311131811786
273,Company_273,Transportation,Latin America,2021,408.5,-0.2,1856.4,-5.4,52.3,37.0,94.1,25.8,230716.3,38452.7,769054.4,564.7889840881272,94.1314565483476,1882.6301101591189,52.300000000000004,-0.05374102385916146
273,Company_273,Transportation,Latin America,2022,374.6,3.1,103.5,-8.3,51.8,39.0,92.3,24.0,208332.5,34722.1,694441.8,556.1465563267485,92.69113721302722,1853.822210357715,51.76666666666667,-0.08298653610771112
273,Company_273,Transportation,Latin America,2023,369.2,-2.1,654.8,-1.5,50.9,35.9,91.1,25.8,210148.6,35024.8,700495.4,569.1998916576382,94.86673889490793,1897.3331527627304,50.93333333333334,-0.01441537640149504
273,Company_273,Transportation,Latin America,2024,405.5,-5.0,796.8,9.8,51.8,38.1,91.2,26.1,227042.7,37840.5,756809.1,559.9080147965475,93.31812577065351,1866.3602959309494,51.800000000000004,0.09832069339111604
273,Company_273,Transportation,Latin America,2025,409.5,-6.9,1390.1,1.0,52.4,37.9,91.1,28.2,229622.3,38270.4,765407.6,560.7382173382173,93.45641025641027,1869.1272283272283,52.4,0.009864364981504226
274,Company_274,Transportation,Asia,2015,704.8,5.8,352.2,5.85,35.9,16.3,28.5,62.9,459214.5,76535.7,1530714.9,651.552922814983,108.59208286038593,2171.8429341657206,35.9,
274,Company_274,Transportation,Asia,2016,758.0,7.0,800.9,7.5,37.1,19.2,27.4,64.6,484642.8,80773.8,1615476.1,639.3704485488126,106.56174142480211,2131.2349604221636,37.06666666666666,0.07548240635641323
274,Company_274,Transportation,Asia,2017,781.5,6.2,667.2,3.1,38.1,19.8,27.0,67.5,497747.3,82957.9,1659157.8,636.9127319257838,106.15214331413947,2123.0426103646832,38.1,0.03100263852242735
274,Company_274,Transportation,Asia,2018,848.7,5.1,695.0,8.6,39.5,19.6,30.5,68.3,541331.0,90221.8,1804436.7,637.83551313774,106.30587958053493,2126.1184164015554,39.46666666666667,0.08598848368522072
274,Company_274,Transportation,Asia,2019,858.0,6.1,728.4,1.1,38.6,20.3,27.2,68.3,544727.9,90788.0,1815759.8,634.8810023310024,105.81351981351982,2116.2701631701634,38.6,0.010957935666313201
274,Company_274,Transportation,Asia,2020,939.9,0.8,82.8,9.5,39.2,21.0,29.6,67.2,593954.3,98992.4,1979847.7,631.933503564209,105.3222683264177,2106.445047345462,39.26666666666667,0.09545454545454546
274,Company_274,Transportation,Asia,2021,979.6,5.7,674.8,4.2,39.9,18.0,31.7,70.0,631179.4,105196.6,2103931.5,644.3236014699878,107.38730093915885,2147.7455083707637,39.9,0.042238536014469696
274,Company_274,Transportation,Asia,2022,1060.4,6.9,1059.9,8.2,39.5,17.8,29.4,71.3,684370.9,114061.8,2281236.4,645.3893813655225,107.56488117691437,2151.298000754432,39.5,0.08248264597795019
274,Company_274,Transportation,Asia,2023,980.9,8.6,1132.7,-7.5,39.7,16.0,31.3,71.7,640433.2,106738.9,2134777.3,652.9036599041696,108.81731063309205,2176.3454990315017,39.666666666666664,-0.07497170878913628
274,Company_274,Transportation,Asia,2024,978.4,10.9,1492.7,-0.3,40.8,19.8,31.4,71.2,622863.7,103810.6,2076212.4,636.6145748160261,106.10241210139003,2122.0486508585445,40.800000000000004,-0.0025486797838719655
274,Company_274,Transportation,Asia,2025,1122.8,9.8,1879.8,14.8,40.5,21.7,30.3,69.6,705938.8,117656.5,2353129.3,628.7306733167082,104.78847524047026,2095.7688813680084,40.53333333333333,0.14758789860997545
275,Company_275,Healthcare,Middle East,2015,2259.1,14.9,4126.5,9.8,44.2,83.0,15.0,34.6,139791.4,139791.4,279582.9,61.87924394670444,61.87924394670444,123.75853215882432,44.199999999999996,
275,Company_275,Healthcare,Middle East,2016,2405.2,16.2,3999.5,6.5,46.4,84.1,17.1,37.9,147078.1,147078.1,294156.2,61.15004989190089,61.15004989190089,122.30009978380178,46.36666666666667,0.06467177194457974
275,Company_275,Healthcare,Middle East,2017,2689.0,20.7,5942.0,11.8,47.4,83.9,21.4,37.0,164755.2,164755.2,329510.4,61.27006322052808,61.27006322052808,122.54012644105616,47.43333333333334,0.1179943455845669
275,Company_275,Healthcare,Middle East,2018,2838.1,21.6,13422.0,5.5,48.5,85.9,20.2,39.4,169888.5,169888.5,339777.0,59.85994151016526,59.85994151016526,119.71988302033051,48.5,0.05544812197843063
275,Company_275,Healthcare,Middle East,2019,3039.8,19.2,6149.6,7.1,48.1,85.8,19.3,39.0,182186.8,182186.8,364373.6,59.93381143496282,59.93381143496282,119.86762286992564,48.03333333333333,0.07106867270356942
275,Company_275,Healthcare,Middle East,2020,3734.3,23.0,14484.8,22.8,48.7,86.3,20.5,39.3,222444.2,222444.2,444888.4,59.567844040382404,59.567844040382404,119.13568808076481,48.699999999999996,0.22846897822225154
275,Company_275,Healthcare,Middle East,2021,4359.6,24.3,23561.9,16.7,48.8,87.4,20.9,38.0,256535.6,256535.6,513071.1,58.843838884301306,58.843838884301306,117.6876548307184,48.76666666666667,0.16744771443108486
275,Company_275,Healthcare,Middle East,2022,4878.3,25.1,16806.4,11.9,47.7,87.4,18.9,36.7,286923.5,286923.5,573847.0,58.81628846114425,58.81628846114425,117.6325769222885,47.666666666666664,0.11897880539499028
275,Company_275,Healthcare,Middle East,2023,5167.2,25.3,22280.0,5.9,47.3,86.2,17.0,38.8,308223.4,308223.4,616446.9,59.64998451772721,59.64998451772721,119.2999883882954,47.333333333333336,0.059221450095320094
275,Company_275,Healthcare,Middle East,2024,5570.6,24.6,28547.1,7.8,48.5,89.4,15.5,40.6,319762.1,319762.1,639524.3,57.401734104046234,57.401734104046234,114.80348615948013,48.5,0.07806936058213365
275,Company_275,Healthcare,Middle East,2025,6855.6,20.6,29250.1,23.1,51.8,91.5,17.4,46.6,383497.8,383497.8,766995.7,55.93934885349203,55.93934885349203,111.87871229359938,51.833333333333336,0.23067533120310202
276,Company_276,Transportation,North America,2015,745.7,3.1,417.8,1.7,45.1,9.1,90.6,35.5,508417.2,84736.2,1694724.2,681.7985785168298,113.63309641947163,2272.6621965938043,45.06666666666666,
276,Company_276,Transportation,North America,2016,948.0,2.4,366.4,27.1,44.8,4.8,91.7,37.9,663557.5,110592.9,2211858.2,699.9551687763714,116.65917721518987,2333.183755274262,44.800000000000004,0.2712887220061686
276,Company_276,Transportation,North America,2017,971.4,4.2,488.7,2.5,45.8,6.5,93.6,37.5,672954.3,112159.0,2243180.9,692.767449042619,115.46119003500104,2309.2247271978586,45.86666666666667,0.024683544303797378
276,Company_276,Transportation,North America,2018,1095.3,2.2,237.7,12.8,47.7,8.1,97.3,37.9,751368.4,125228.1,2504561.5,685.9932438601297,114.3322377430841,2286.644298365745,47.76666666666666,0.12754786905497228
276,Company_276,Transportation,North America,2019,954.4,3.8,389.9,-12.9,50.0,13.4,96.1,40.5,633560.3,105593.4,2111867.5,663.8309932942163,110.63851634534785,2212.769803017603,50.0,-0.12864055509905958
276,Company_276,Transportation,North America,2020,944.4,-0.6,3345.9,-1.0,49.9,13.0,96.3,40.3,628252.6,104708.8,2094175.2,665.2399407030919,110.87335874629395,2217.466327827192,49.86666666666667,-0.010477787091366264
276,Company_276,Transportation,North America,2021,1066.0,-3.1,4583.4,12.9,51.8,16.4,98.2,41.0,694087.6,115681.3,2313625.3,651.114071294559,108.51904315196998,2170.3802063789867,51.86666666666667,0.12875900042354926
276,Company_276,Transportation,North America,2022,1076.1,-5.2,4249.7,0.9,52.3,16.8,98.8,41.3,698987.9,116498.0,2329959.8,649.5566397174985,108.25945544094417,2165.18892296255,52.29999999999999,0.009474671669793544
276,Company_276,Transportation,North America,2023,945.8,-1.3,2146.8,-12.1,51.7,18.3,100.0,36.9,608437.3,101406.2,2028124.3,643.304398392895,107.21738211038274,2144.3479593994502,51.73333333333333,-0.1210854009850385
276,Company_276,Transportation,North America,2024,1008.8,-1.8,4368.9,6.7,52.0,18.0,99.6,38.4,649965.4,108327.6,2166551.2,644.2955987311658,107.38263283108645,2147.6518636003175,52.0,0.06661027701416788
276,Company_276,Transportation,North America,2025,975.9,-0.4,1504.3,-3.3,52.7,19.2,100.0,38.9,623844.7,103974.1,2079482.4,639.2506404344707,106.54175632749258,2130.8355364279128,52.699999999999996,-0.032613005551149876
277,Company_277,Transportation,Middle East,2015,450.7,8.0,622.3,7.25,37.6,70.9,37.1,4.8,190372.4,31728.7,634574.8,422.39272243177277,70.39871311293544,1407.9760372753497,37.6,
277,Company_277,Transportation,Middle East,2016,473.4,8.7,694.8,5.0,37.5,68.2,39.5,4.7,205170.2,34195.0,683900.7,433.39712716518807,72.2327841149134,1444.6571609632447,37.46666666666667,0.05036609718216112
277,Company_277,Transportation,Middle East,2017,454.9,5.4,446.5,-3.9,38.1,69.6,39.6,5.2,194522.5,32420.4,648408.2,427.6159595515498,71.26928995383601,1425.3862387337876,38.13333333333333,-0.03907900295732991
277,Company_277,Transportation,Middle East,2018,535.7,6.8,361.4,17.8,37.5,68.2,41.0,3.4,232331.4,38721.9,774438.1,433.6968452492066,72.28280754153444,1445.6563375023331,37.53333333333334,0.1776214552648936
277,Company_277,Transportation,Middle East,2019,606.4,12.7,1536.2,13.2,37.5,64.7,44.2,3.5,271834.9,45305.8,906116.2,448.2765501319262,74.7127308707124,1494.2549472295514,37.46666666666667,0.1319768527160723
277,Company_277,Transportation,Middle East,2020,651.6,13.3,794.1,7.4,35.6,64.2,42.4,0.3,293547.4,48924.6,978491.4,450.5024554941682,75.08379373848986,1501.6749539594844,35.63333333333333,0.07453825857519791
277,Company_277,Transportation,Middle East,2021,698.0,13.4,994.3,7.1,36.4,63.3,42.3,3.7,317130.3,52855.1,1057101.2,454.3414040114613,75.72363896848137,1514.4716332378223,36.43333333333333,0.0712093308778392
277,Company_277,Transportation,Middle East,2022,775.5,9.3,1111.5,11.1,36.3,64.0,40.2,4.5,349805.5,58300.9,1166018.3,451.07092198581563,75.17846550612508,1503.5696969696971,36.233333333333334,0.11103151862464178
277,Company_277,Transportation,Middle East,2023,730.3,4.3,617.5,-5.8,37.9,66.0,42.1,5.7,323521.7,53920.3,1078405.8,442.998356839655,73.83308229494729,1476.6613720388882,37.93333333333333,-0.0582849774339137
277,Company_277,Transportation,Middle East,2024,800.7,8.4,1004.2,9.6,37.4,66.4,41.6,4.1,353285.9,58881.0,1177619.7,441.2213063569377,73.53690520794305,1470.737729486699,37.36666666666667,0.09639874024373563
277,Company_277,Transportation,Middle East,2025,769.7,6.2,577.8,-3.9,39.3,69.7,42.2,6.1,328813.1,54802.2,1096043.7,427.19644017149534,71.19942834870729,1423.9881772119006,39.333333333333336,-0.03871612339203201
278,Company_278,Utilities,Europe,2015,1429.3,4.6,553.2,2.6500000000000004,41.0,19.9,48.2,55.0,1212873.9,758046.2,12128739.2,848.5789547330861,530.3618554537186,8485.789687259497,41.03333333333333,
278,Company_278,Utilities,Europe,2016,1424.7,6.7,1019.3,-0.3,40.2,18.9,47.1,54.6,1217260.4,760787.7,12172604.0,854.397697760932,533.9985260054748,8543.976977609322,40.199999999999996,-0.0032183586370949646
278,Company_278,Utilities,Europe,2017,1567.2,8.5,1147.5,10.0,40.8,19.3,48.4,54.8,1335370.3,834606.4,13353702.5,852.0739535477285,532.5461970393058,8520.739216436958,40.833333333333336,0.10002105706464515
278,Company_278,Utilities,Europe,2018,1729.0,9.7,2230.9,10.3,40.8,15.7,48.6,58.1,1508200.1,942625.1,15082001.1,872.2961827646038,545.1851359167149,8722.961885482939,40.800000000000004,0.10324144971924443
278,Company_278,Utilities,Europe,2019,1704.4,11.4,1752.9,-1.4,42.9,16.1,52.9,59.8,1483038.1,926898.8,14830380.7,870.1232691856371,543.8270359070641,8701.232515841351,42.93333333333334,-0.014227877385772025
278,Company_278,Utilities,Europe,2020,1749.2,9.1,2279.1,2.6,43.6,14.6,53.5,62.8,1536240.1,960150.1,15362401.4,878.2529727875601,548.9081294305968,8782.529956551567,43.633333333333326,0.026284909645623022
278,Company_278,Utilities,Europe,2021,2027.6,8.6,1845.6,15.9,43.9,12.3,54.5,65.0,1807047.7,1129404.8,18070476.8,891.2249457486683,557.0155849279937,8912.2493588479,43.93333333333334,0.15915847244454606
278,Company_278,Utilities,Europe,2022,2081.6,10.2,1827.6,2.7,44.7,15.9,54.7,63.5,1813039.8,1133149.9,18130398.5,870.9837624903921,544.3648635664873,8709.837865103767,44.70000000000001,0.026632471887946263
278,Company_278,Utilities,Europe,2023,1861.6,9.0,1637.5,-10.6,45.5,16.1,53.3,67.1,1619545.6,1012216.0,16195456.2,869.9750752041256,543.7344220025784,8699.75085947572,45.5,-0.10568793235972329
278,Company_278,Utilities,Europe,2024,1988.8,12.3,2898.2,6.8,45.1,17.4,50.5,67.5,1715909.6,1072443.5,17159096.2,862.7864038616252,539.2415024135157,8627.864139179404,45.13333333333333,0.06832831972496778
278,Company_278,Utilities,Europe,2025,1968.6,10.4,2004.2,-1.0,44.2,18.9,49.8,63.7,1681039.5,1050649.7,16810395.5,853.9263943919537,533.7040028446612,8539.264197907143,44.133333333333326,-0.010156878519710366
279,Company_279,Consumer Goods,Africa,2015,1803.3,4.6,1953.0,3.95,39.6,52.7,34.0,32.1,299659.2,374574.0,1498296.1,166.17268341374148,207.71585426717684,830.8634725225975,39.6,
279,Company_279,Consumer Goods,Africa,2016,1898.9,4.2,1159.4,5.3,41.5,54.1,34.8,35.7,311913.4,389891.7,1559566.9,164.26004528937807,205.32503028068882,821.3001737848227,41.53333333333334,0.05301391892641272
279,Company_279,Consumer Goods,Africa,2017,1948.0,5.4,2121.2,2.6,41.7,56.5,35.3,33.4,313460.9,391826.2,1567304.7,160.9142197125257,201.14281314168377,804.5712012320329,41.73333333333333,0.025857075148770337
279,Company_279,Consumer Goods,Africa,2018,1920.9,7.2,2404.0,-1.4,41.1,56.6,37.1,29.7,308743.3,385929.2,1543716.6,160.7284606174189,200.91061481597168,803.6423551460254,41.13333333333333,-0.01391170431211497
279,Company_279,Consumer Goods,Africa,2019,2087.3,4.1,1769.9,8.7,42.4,60.7,36.5,29.9,323582.3,404477.9,1617911.6,155.02433766109326,193.780434053562,775.121736214248,42.36666666666667,0.08662606070071321
279,Company_279,Consumer Goods,Africa,2020,1970.6,2.7,1062.0,-5.6,41.6,59.8,38.6,26.4,307852.8,384816.0,1539264.1,156.22287628133563,195.27859535166954,781.114432152644,41.6,-0.0559095482201889
279,Company_279,Consumer Goods,Africa,2021,1837.5,2.1,429.5,-6.8,42.7,63.3,40.1,24.7,278080.2,347600.2,1390401.0,151.33616326530614,189.1701768707483,756.6808163265306,42.699999999999996,-0.06754288034101286
279,Company_279,Consumer Goods,Africa,2022,1655.6,1.0,196.5,-9.9,45.3,65.6,45.1,25.2,245332.8,306666.0,1226663.9,148.1836192316985,185.2295240396231,740.9180357574293,45.29999999999999,-0.09899319727891165
279,Company_279,Consumer Goods,Africa,2023,1910.3,2.5,512.2,15.4,45.0,63.6,44.7,26.7,288465.9,360582.4,1442329.7,151.00554886667018,188.7569491702874,755.0278490289484,45.0,0.15384150761053395
279,Company_279,Consumer Goods,Africa,2024,2017.8,1.5,405.3,5.6,44.8,64.0,44.6,25.8,303433.0,379291.3,1517165.2,150.37813460204183,187.97269303201506,751.8907721280602,44.800000000000004,0.056273883683191084
279,Company_279,Consumer Goods,Africa,2025,2146.8,1.5,524.5,6.4,44.5,63.9,44.2,25.4,323243.9,404054.8,1616219.3,150.57010434134526,188.21259549096328,752.8504285448108,44.5,0.06393101397561707
280,Company_280,Transportation,Africa,2015,572.1,18.5,1302.2,-0.6000000000000001,42.2,81.8,40.1,4.7,215266.1,35877.7,717553.6,376.2735535745499,62.712288061527694,1254.2450620520888,42.2,
280,Company_280,Transportation,Africa,2016,639.6,17.4,1835.5,11.8,42.6,83.4,37.9,6.6,236522.8,39420.5,788409.4,369.7979987492182,61.63305190744215,1232.6601000625392,42.63333333333333,0.11798636601992651
280,Company_280,Transportation,Africa,2017,714.0,21.1,1309.1,11.6,43.7,85.6,36.6,9.0,257294.4,42882.4,857647.9,360.3563025210084,60.0593837535014,1201.1875350140056,43.73333333333333,0.1163227016885553
280,Company_280,Transportation,Africa,2018,635.3,22.2,2545.7,-11.0,45.8,91.0,36.5,9.9,214464.8,35744.1,714882.8,337.5803557374469,56.26334015425783,1125.2680623327562,45.800000000000004,-0.1102240896358544
280,Company_280,Transportation,Africa,2019,648.8,20.5,2422.3,2.1,48.8,93.0,39.9,13.5,213827.3,35637.9,712757.5,329.5735203452528,54.92894574599261,1098.5781442663379,48.800000000000004,0.021249803242562537
280,Company_280,Transportation,Africa,2020,648.0,21.0,1483.2,-0.1,52.0,97.3,40.5,18.2,201820.4,33636.7,672734.8,311.4512345679012,51.908487654320986,1038.1709876543212,52.0,-0.0012330456226880004
280,Company_280,Transportation,Africa,2021,612.6,26.5,2904.0,-5.5,51.8,96.4,42.2,16.8,193078.3,32179.7,643594.4,315.1784198498204,52.529709435194256,1050.5948416585047,51.80000000000001,-0.054629629629629584
280,Company_280,Transportation,Africa,2022,605.9,30.1,2168.8,-1.1,50.8,95.1,39.9,17.3,194241.7,32373.6,647472.4,320.58375969631953,53.43059910876382,1068.6126423502228,50.76666666666667,-0.01093698987920344
280,Company_280,Transportation,Africa,2023,511.0,32.6,2119.5,-15.7,53.4,97.6,42.9,19.7,158467.2,26411.2,528224.0,310.1119373776908,51.685322896281804,1033.706457925636,53.4,-0.15662650602409633
280,Company_280,Transportation,Africa,2024,493.1,31.9,2948.5,-3.5,56.2,100.0,46.1,22.5,147921.6,24653.6,493072.0,299.9829649158386,49.99716081930642,999.9432163861285,56.199999999999996,-0.03502935420743636
280,Company_280,Transportation,Africa,2025,506.5,30.8,2387.4,2.7,55.8,100.0,46.2,21.1,151949.1,25324.9,506497.0,299.99822309970386,49.99980256663376,999.9940769990128,55.76666666666666,0.027175015209896625
281,Company_281,Healthcare,Middle East,2015,1339.2,14.5,3895.2,-2.0500000000000003,43.6,58.8,3.2,68.9,105607.6,105607.6,211215.2,78.85872162485066,78.85872162485066,157.71744324970132,43.63333333333333,
281,Company_281,Healthcare,Middle East,2016,1257.8,15.4,2133.2,-6.1,43.4,59.0,3.1,68.0,99019.4,99019.4,198038.8,78.72428048974399,78.72428048974399,157.44856097948798,43.36666666666667,-0.060782556750298755
281,Company_281,Healthcare,Middle East,2017,1345.3,12.8,2751.7,7.0,43.8,58.6,4.7,68.2,106288.8,106288.8,212577.7,79.00750761911841,79.00750761911841,158.0150895710994,43.833333333333336,0.06956590872952773
281,Company_281,Healthcare,Middle East,2018,1513.0,6.4,1378.8,12.5,44.2,57.9,4.6,70.1,120252.9,120252.9,240505.9,79.47977528089888,79.47977528089888,158.95961665565102,44.199999999999996,0.12465621051066678
281,Company_281,Healthcare,Middle East,2019,1449.0,7.5,2400.6,-4.2,45.8,57.4,7.1,72.9,115646.8,115646.8,231293.5,79.81145617667357,79.81145617667357,159.62284334023465,45.800000000000004,-0.042300066093853284
281,Company_281,Healthcare,Middle East,2020,1674.4,12.6,3940.4,15.6,47.1,60.9,8.1,72.3,129496.8,129496.8,258993.5,77.3392259913999,77.3392259913999,154.67839225991398,47.1,0.15555555555555567
281,Company_281,Healthcare,Middle East,2021,1468.1,9.5,3205.3,-12.3,47.7,63.7,6.1,73.3,110709.8,110709.8,221419.6,75.41025815680132,75.41025815680132,150.82051631360264,47.699999999999996,-0.12320831342570482
281,Company_281,Healthcare,Middle East,2022,1470.0,5.3,1570.0,0.1,48.9,66.3,6.0,74.4,108212.4,108212.4,216424.7,73.61387755102041,73.61387755102041,147.22768707482993,48.9,0.00129418976908946
281,Company_281,Healthcare,Middle East,2023,1359.2,4.1,785.0,-7.5,50.8,66.8,8.7,77.0,99549.5,99549.5,199098.9,73.24124484991171,73.24124484991171,146.4824161271336,50.833333333333336,-0.07537414965986389
281,Company_281,Healthcare,Middle East,2024,1285.5,2.3,531.0,-5.4,49.4,66.4,5.9,76.1,94545.1,94545.1,189090.3,73.54733566705562,73.54733566705562,147.09474912485413,49.46666666666667,-0.05422307239552682
281,Company_281,Healthcare,Middle East,2025,1384.6,0.6,197.2,7.7,50.9,66.5,7.5,78.7,101701.3,101701.3,203402.6,73.45175501950023,73.45175501950023,146.90351003900045,50.9,0.07709062621548024
282,Company_282,Transportation,Latin America,2015,984.5,7.3,1288.9,9.399999999999999,45.8,46.1,27.0,64.3,518126.7,86354.5,1727089.0,526.2841036058913,87.71406805485017,1754.2803453529712,45.79999999999999,
282,Company_282,Transportation,Latin America,2016,1075.3,11.5,2401.3,9.2,46.7,47.7,26.4,65.9,558727.3,93121.2,1862424.5,519.6013205617038,86.60020459406677,1732.0045568678509,46.666666666666664,0.09222955815134593
282,Company_282,Transportation,Latin America,2017,1214.5,7.8,1417.6,12.9,46.8,45.7,28.8,65.9,641261.4,106876.9,2137538.2,528.0044462741869,88.00074104569781,1760.0149855907782,46.800000000000004,0.12945224588486948
282,Company_282,Transportation,Latin America,2018,1316.8,5.7,723.5,8.4,49.2,50.3,29.9,67.4,670013.1,111668.8,2233376.9,508.81918286755774,84.80315917375457,1696.0638669501823,49.199999999999996,0.0842321943186497
282,Company_282,Transportation,Latin America,2019,1312.5,6.6,1209.5,-0.3,48.6,49.3,29.2,67.3,673299.0,112216.5,2244329.8,512.9897142857143,85.49828571428571,1709.9655619047617,48.6,-0.0032654921020656147
282,Company_282,Transportation,Latin America,2020,1321.1,10.1,1209.0,0.7,49.5,48.8,31.1,68.6,680205.7,113367.6,2267352.3,514.8782832488079,85.81303459238515,1716.2609189311936,49.5,0.006552380952380865
282,Company_282,Transportation,Latin America,2021,1568.5,9.2,1272.8,18.7,51.7,50.0,32.3,72.8,800089.1,133348.2,2666963.6,510.098246732547,85.01638508128786,1700.3274466050368,51.699999999999996,0.1872681856029068
282,Company_282,Transportation,Latin America,2022,1719.5,4.3,1111.5,9.6,54.2,54.9,34.6,73.0,841612.0,140268.7,2805373.4,489.4515847630125,81.57528351264904,1631.5053213143356,54.166666666666664,0.09627032196365959
282,Company_282,Transportation,Latin America,2023,1905.5,7.0,1134.0,10.8,54.3,52.7,33.8,76.6,950243.8,158374.0,3167479.5,498.68475465757024,83.11414326948308,1662.2826029913408,54.36666666666667,0.10817097993602798
282,Company_282,Transportation,Latin America,2024,2034.1,8.2,2884.2,6.8,52.3,48.8,35.2,73.0,1047880.6,174646.8,3492935.2,515.1568752765351,85.85949560001966,1717.1895187060618,52.333333333333336,0.06748884807137223
282,Company_282,Transportation,Latin America,2025,2359.5,6.3,1603.7,16.0,51.7,47.5,34.7,72.9,1228037.6,204672.9,4093458.7,520.465183301547,86.74418308963763,1734.8839584657767,51.70000000000001,0.15997246939678478
283,Company_283,Retail,Asia,2015,810.1,0.4,66.2,1.95,71.2,60.4,74.7,78.4,62944.3,31472.2,125888.7,77.699419824713,38.84977163313171,155.39896309097642,71.16666666666667,
283,Company_283,Retail,Asia,2016,898.6,1.2,127.7,10.9,71.2,59.3,74.2,80.3,70556.1,35278.0,141112.2,78.51780547518362,39.25884709548186,157.03561095036724,71.26666666666667,0.10924577212689801
283,Company_283,Retail,Asia,2017,1038.6,2.1,343.5,15.6,72.4,57.9,76.2,83.1,82563.4,41281.7,165126.7,79.49489697669941,39.747448488349704,158.98969766994034,72.39999999999999,0.1557979078566658
283,Company_283,Retail,Asia,2018,969.4,5.3,595.0,-6.7,71.8,59.0,71.9,84.5,76259.3,38129.7,152518.6,78.66649473901383,39.33329894780276,157.33298947802766,71.8,-0.06662815328326588
283,Company_283,Retail,Asia,2019,997.8,5.2,623.0,2.9,72.0,58.5,74.7,82.9,78884.1,39442.1,157768.2,79.05802766085388,39.529063940669474,158.11605532170776,72.03333333333333,0.02929647204456365
283,Company_283,Retail,Asia,2020,934.8,3.3,427.8,-6.3,71.7,56.8,74.5,83.7,75024.8,37512.4,150049.6,80.25759520753103,40.12879760376551,160.51519041506205,71.66666666666667,-0.06313890559230306
283,Company_283,Retail,Asia,2021,858.0,1.9,338.3,-8.2,70.9,56.9,72.8,82.9,68785.3,34392.6,137570.5,80.16934731934732,40.08461538461538,160.3385780885781,70.86666666666666,-0.08215661103979455
283,Company_283,Retail,Asia,2022,805.5,1.6,164.0,-6.1,70.2,61.1,71.7,77.9,62200.6,31100.3,124401.1,77.21986343885786,38.60993171942893,154.43960273122286,70.23333333333333,-0.06118881118881114
283,Company_283,Retail,Asia,2023,813.2,2.9,555.3,1.0,70.0,59.3,72.1,78.8,63854.2,31927.1,127708.3,78.52213477619281,39.26106738809641,157.04414658140678,70.06666666666666,0.009559279950341448
283,Company_283,Retail,Asia,2024,902.9,1.5,274.9,11.0,69.3,61.2,69.5,77.1,69687.1,34843.5,139374.1,77.18141543914055,38.5906523424521,154.36272012404476,69.26666666666667,0.11030496802754541
283,Company_283,Retail,Asia,2025,953.5,4.1,773.5,5.6,72.6,64.7,73.1,79.9,71234.9,35617.4,142469.8,74.7088620870477,37.35437860513896,149.4177241740954,72.56666666666668,0.05604164359286745
284,Company_284,Retail,Asia,2015,790.3,1.8,173.5,-6.65,63.3,85.9,47.9,56.1,47302.4,23651.2,94604.7,59.85372643300013,29.926863216500067,119.70732633177275,63.300000000000004,
284,Company_284,Retail,Asia,2016,797.7,2.8,385.2,0.9,64.9,86.5,49.3,59.0,47427.8,23713.9,94855.6,59.45568509464711,29.727842547323554,118.91137018929422,64.93333333333334,0.009363532835632071
284,Company_284,Retail,Asia,2017,734.8,3.8,607.6,-7.9,67.1,89.5,51.9,60.0,42153.7,21076.9,84307.5,57.36758301578661,28.683859553620035,114.73530212302668,67.13333333333334,-0.07885169863357167
284,Company_284,Retail,Asia,2018,665.3,4.2,507.7,-9.4,69.2,92.3,55.0,60.2,36830.2,18415.1,73660.3,55.35878551029611,27.679392755148054,110.71742071246055,69.16666666666667,-0.09458356015242242
284,Company_284,Retail,Asia,2019,610.7,5.5,720.5,-8.2,70.7,94.0,55.9,62.2,33105.7,16552.8,66211.4,54.20943179957425,27.104634026526934,108.4188635991485,70.7,-0.08206823989177803
284,Company_284,Retail,Asia,2020,599.5,6.5,636.6,-1.8,71.5,94.1,58.3,62.1,32465.9,16233.0,64931.8,54.15496246872394,27.077564637197664,108.30992493744787,71.49999999999999,-0.01833961028328157
284,Company_284,Retail,Asia,2021,642.3,4.3,506.3,7.1,71.0,93.0,59.0,61.0,35243.4,17621.7,70486.8,54.87062120504438,27.43531060252219,109.74124241008876,71.0,0.07139282735612995
284,Company_284,Retail,Asia,2022,552.0,5.4,547.7,-14.1,69.2,92.5,53.4,61.8,30483.3,15241.6,60966.5,55.22336956521739,27.61159420289855,110.4465579710145,69.23333333333333,-0.14058851004203632
284,Company_284,Retail,Asia,2023,618.4,6.6,797.7,12.0,70.5,90.0,56.1,65.4,35248.5,17624.2,70497.0,56.9995148771022,28.4996765847348,113.9990297542044,70.5,0.12028985507246381
284,Company_284,Retail,Asia,2024,571.2,8.2,782.5,-7.6,71.2,93.3,58.2,62.0,31222.0,15611.0,62444.0,54.66036414565826,27.33018207282913,109.32072829131651,71.16666666666667,-0.07632600258732203
284,Company_284,Retail,Asia,2025,538.9,6.8,371.8,-5.7,71.4,95.8,56.1,62.2,28530.0,14265.0,57060.1,52.94117647058824,26.47058823529412,105.88253850436074,71.36666666666667,-0.05654761904761918
285,Company_285,Energy,Latin America,2015,10503.2,2.7,3435.6,10.5,45.1,37.8,38.6,59.1,9827695.0,2948308.5,98276950.2,935.6857909970294,280.7057372991088,9356.85792901211,45.166666666666664,
285,Company_285,Energy,Latin America,2016,12222.0,-2.6,25676.1,16.4,47.3,40.5,42.0,59.5,11202207.5,3360662.3,112022075.3,916.5609147439044,274.9682785141548,9165.609171984945,47.333333333333336,0.16364536522202755
285,Company_285,Energy,Latin America,2017,13499.9,-5.2,10364.6,10.5,48.5,41.1,43.5,60.9,12319760.5,3695928.1,123197604.7,912.5816117156423,273.77447981096157,9125.816094934036,48.5,0.1045573555882835
285,Company_285,Energy,Latin America,2018,14211.5,-1.8,53068.3,5.3,51.2,43.6,48.4,61.5,12715442.3,3814632.7,127154423.2,894.7290785631355,268.41872427259614,8947.290799704464,51.166666666666664,0.052711501566678365
285,Company_285,Energy,Latin America,2019,15692.7,0.4,888.9,10.4,52.5,44.8,50.1,62.6,13906991.9,4172097.6,139069919.3,886.2077207873724,265.86231814792865,8862.077226990894,52.5,0.10422545121908322
285,Company_285,Energy,Latin America,2020,17242.9,-0.6,40714.8,9.9,54.1,47.8,52.0,62.3,14920363.1,4476108.9,149203631.3,865.3047399219388,259.59142023673513,8653.047416617854,54.03333333333333,0.0987847852823287
285,Company_285,Energy,Latin America,2021,22581.3,6.1,22107.0,31.0,54.4,47.6,49.0,66.6,19569070.3,5870721.1,195690703.2,866.605124594244,259.98153782111746,8666.051254799326,54.4,0.30959989328941173
285,Company_285,Energy,Latin America,2022,24211.7,6.9,16207.0,7.2,52.8,48.4,44.3,65.7,20852132.8,6255639.8,208521327.6,861.2419945728718,258.3725967197677,8612.41992920778,52.79999999999999,0.07220133473272128
285,Company_285,Energy,Latin America,2023,26745.6,7.7,32573.0,10.5,53.5,50.6,44.4,65.6,22617391.5,6785217.4,226173914.9,845.6490600323044,253.69471614022495,8456.490596584112,53.53333333333333,0.10465601341500164
285,Company_285,Energy,Latin America,2024,32670.7,6.0,26047.4,22.2,54.3,54.4,45.0,63.5,26753977.5,8026193.3,267539775.3,818.89820236481,245.66946223986628,8188.9820328306405,54.300000000000004,0.2215355049054799
285,Company_285,Energy,Latin America,2025,37684.0,2.3,9609.3,15.3,57.0,56.9,48.5,65.7,30216157.6,9064847.3,302161575.7,801.8298906697803,240.54896773166334,8018.298898736864,57.03333333333334,0.15344942104087145
286,Company_286,Transportation,North America,2015,1436.4,5.7,1377.0,2.3499999999999996,55.1,40.5,63.2,61.4,789684.1,131614.0,2632280.4,549.7661514898357,91.62768031189083,1832.5538847117793,55.03333333333333,
286,Company_286,Transportation,North America,2016,1383.3,3.8,968.8,-3.7,56.2,38.9,67.0,62.8,770182.0,128363.7,2567273.2,556.7714884696016,92.79527217523314,1855.9048651774744,56.23333333333333,-0.03696741854636598
286,Company_286,Transportation,North America,2017,1283.1,3.5,724.7,-7.2,56.6,37.2,69.1,63.5,723510.2,120585.0,2411700.7,563.8767048554282,93.97942483048867,1879.5890421635106,56.6,-0.07243548037302106
286,Company_286,Transportation,North America,2018,1336.9,2.0,334.3,4.2,57.3,38.6,69.7,63.6,746011.2,124335.2,2486703.8,558.0157079811504,93.00261799685839,1860.0522103373473,57.300000000000004,0.04192970150416975
286,Company_286,Transportation,North America,2019,1233.8,4.4,795.2,-7.7,59.1,42.4,72.6,62.3,668571.8,111428.6,2228572.6,541.8802074890583,90.31334089803859,1806.2673042632518,59.1,-0.07711870745755112
286,Company_286,Transportation,North America,2020,1163.3,5.5,1249.9,-5.7,62.6,45.8,78.4,63.6,613716.0,102286.0,2045720.0,527.5646866672398,87.9274477778733,1758.548955557466,62.6,-0.05714054141676128
286,Company_286,Transportation,North America,2021,1264.6,5.5,1212.7,8.7,64.8,45.2,83.2,65.8,670380.8,111730.1,2234602.7,530.1129210817651,88.35212715483158,1767.043096631346,64.73333333333333,0.08707985902174853
286,Company_286,Transportation,North America,2022,1356.2,4.2,562.3,7.2,65.5,47.2,83.5,65.8,707716.7,117952.8,2359055.6,521.8380032443592,86.97301282996608,1739.4599616575726,65.5,0.07243397121619499
286,Company_286,Transportation,North America,2023,1363.9,5.6,1069.0,0.6,66.2,49.1,84.4,65.2,700531.8,116755.3,2335105.9,513.6240193562578,85.60400322604296,1712.0799912017008,66.23333333333333,0.005677628668337986
286,Company_286,Transportation,North America,2024,1419.5,4.8,774.6,4.1,68.4,49.7,87.2,68.3,725969.3,120994.9,2419897.8,511.4260655160268,85.2376893272279,1704.7536456498765,68.39999999999999,0.04076545201261084
286,Company_286,Transportation,North America,2025,1486.7,3.9,796.0,4.7,70.3,48.8,91.7,70.5,765799.6,127633.3,2552665.2,515.1002892311831,85.85007062621914,1717.000874419856,70.33333333333333,0.04734061289186342
287,Company_287,Transportation,Africa,2015,753.9,-4.3,1011.7,-12.4,42.0,57.4,45.4,23.1,361174.7,60195.8,1203915.6,479.07507627006237,79.84586815227485,1596.9168324711502,41.96666666666667,
287,Company_287,Transportation,Africa,2016,681.3,-5.7,2946.4,-9.6,42.7,62.0,45.2,21.0,313152.7,52192.1,1043842.5,459.6399530309703,76.60663437545868,1532.1334214002643,42.73333333333333,-0.09629924393155598
287,Company_287,Transportation,Africa,2017,577.1,-5.3,1815.3,-15.3,42.0,61.0,44.1,20.8,267542.7,44590.4,891809.0,463.598509790331,77.26633165829146,1545.3283659677697,41.96666666666666,-0.15294290327315418
287,Company_287,Transportation,Africa,2018,494.1,-6.0,1495.7,-14.4,43.9,64.2,46.2,21.3,222549.0,37091.5,741830.1,450.4128718882817,75.06881198138028,1501.376442015786,43.900000000000006,-0.14382256108126845
287,Company_287,Transportation,Africa,2019,433.5,-3.7,2095.3,-12.3,46.1,65.8,48.1,24.5,192415.2,32069.2,641383.9,443.8643598615917,73.97739331026528,1479.5476355247981,46.13333333333333,-0.12264723740133576
287,Company_287,Transportation,Africa,2020,365.9,-0.3,1533.4,-15.6,47.3,65.0,47.8,29.1,163547.9,27258.0,545159.7,446.9743099207434,74.49576386990982,1489.9144575020498,47.300000000000004,-0.15594002306805077
287,Company_287,Transportation,Africa,2021,320.0,-1.3,870.8,-12.5,48.8,66.8,51.8,27.7,140660.5,23443.4,468868.3,439.5640625,73.260625,1465.2134375,48.76666666666666,-0.125444110412681
287,Company_287,Transportation,Africa,2022,328.7,0.1,4.9,2.7,48.1,65.2,52.9,26.2,146708.4,24451.4,489028.0,446.3291755400061,74.38819592333435,1487.763918466687,48.099999999999994,0.02718749999999992
287,Company_287,Transportation,Africa,2023,333.9,2.2,71.3,1.6,47.0,60.6,55.3,25.2,155355.4,25892.6,517851.2,465.2752321054208,77.54597184785864,1550.9170410302488,47.03333333333333,0.01581989656221472
287,Company_287,Transportation,Africa,2024,283.8,1.5,36.4,-15.0,44.8,59.3,55.5,19.6,133705.0,22284.2,445683.3,471.1240310077519,78.52078928823114,1570.4133192389006,44.800000000000004,-0.15004492362982924
287,Company_287,Transportation,Africa,2025,271.6,1.9,65.3,-4.3,47.0,60.0,58.0,23.0,127118.4,21186.4,423727.9,468.0353460972017,78.0058910162003,1560.1174521354933,47.0,-0.042988019732205784
288,Company_288,Technology,Asia,2015,14817.3,29.4,86256.4,15.450000000000001,60.9,77.1,72.2,33.3,489103.0,293461.8,978205.9,33.00891525446607,19.80534915267964,66.01782376006426,60.866666666666674,
288,Company_288,Technology,Asia,2016,17282.7,26.2,151499.4,16.6,62.5,78.6,74.2,34.7,561641.3,336984.8,1123282.7,32.49731234124298,19.498388561972376,64.99463046861891,62.5,0.1663865886497542
288,Company_288,Technology,Asia,2017,18938.4,21.0,123371.3,9.6,62.7,76.6,73.4,38.1,628888.5,377333.1,1257777.1,33.207055506272965,19.924233303763778,66.41411629282305,62.699999999999996,0.09580100331545416
288,Company_288,Technology,Asia,2018,19271.9,22.3,115280.2,1.8,62.9,76.2,75.4,37.0,642586.0,385551.6,1285172.1,33.34315765440875,20.005894592645248,66.68632049771948,62.866666666666674,0.017609724158323736
288,Company_288,Technology,Asia,2019,23365.3,21.0,138418.0,21.2,63.8,79.3,77.3,34.8,753459.3,452075.6,1506918.6,32.24693455680004,19.348161590050204,64.49386911360008,63.79999999999999,0.2124025135041172
288,Company_288,Technology,Asia,2020,24873.2,22.7,190207.1,6.5,62.9,79.7,74.0,34.9,798436.2,479061.7,1596872.3,32.100260521364355,19.26015550874033,64.2005170223373,62.86666666666667,0.06453587157023466
288,Company_288,Technology,Asia,2021,28434.1,24.6,218923.5,14.3,62.7,78.7,73.7,35.7,922470.7,553482.4,1844941.5,32.442408938563204,19.465444659757125,64.88482139403041,62.70000000000001,0.14316211826383407
288,Company_288,Technology,Asia,2022,33481.1,23.6,217222.1,17.7,63.1,80.6,70.6,38.0,1064701.0,638820.6,2129401.9,31.800060332545826,19.080036199527495,63.600117678331955,63.06666666666666,0.17749814483314053
288,Company_288,Technology,Asia,2023,42164.5,24.8,342674.8,25.9,64.9,79.9,72.5,42.3,1351015.1,810609.1,2702030.3,32.04153019720381,19.22491906698763,64.08306276607098,64.89999999999999,0.25935229129269954
288,Company_288,Technology,Asia,2024,46184.9,20.7,323642.4,9.5,66.8,83.8,74.0,42.8,1416981.8,850189.1,2833963.7,30.680629383196674,18.408378062959972,61.36126093160319,66.86666666666667,0.09535035397075742
288,Company_288,Technology,Asia,2025,54400.6,21.5,348864.1,17.8,67.2,85.1,73.0,43.7,1644421.0,986652.6,3288842.1,30.227993808891814,18.136796285335087,60.45598945599865,67.26666666666667,0.17788714493265112
289,Company_289,Healthcare,Asia,2015,3758.3,13.8,11926.9,-4.2,30.2,22.8,13.2,54.4,390936.6,390936.6,781873.2,104.01953010669716,104.01953010669716,208.03906021339432,30.133333333333336,
289,Company_289,Healthcare,Asia,2016,3558.3,15.5,11323.5,-5.3,30.8,23.4,15.9,53.1,368801.8,368801.8,737603.6,103.64550487592389,103.64550487592389,207.29100975184778,30.8,-0.05321554958358832
289,Company_289,Healthcare,Asia,2017,3736.2,18.1,7451.1,5.0,32.0,25.0,19.5,51.5,382977.1,382977.1,765954.2,102.5044430169691,102.5044430169691,205.0088860339382,32.0,0.049995784503835905
289,Company_289,Healthcare,Asia,2018,3587.1,15.7,9363.7,-4.0,31.7,24.6,18.1,52.4,368677.7,368677.7,737355.3,102.77876278888239,102.77876278888239,205.55749770009203,31.7,-0.039906857234623394
289,Company_289,Healthcare,Asia,2019,3004.7,18.7,11972.0,-16.2,32.6,27.4,18.4,52.0,302869.4,302869.4,605738.8,100.79854893999402,100.79854893999402,201.59709787998804,32.6,-0.16235956622341174
289,Company_289,Healthcare,Asia,2020,2955.4,19.1,10752.3,-1.6,32.9,28.2,17.7,52.7,296370.4,296370.4,592740.9,100.28097719428843,100.28097719428843,200.56198822494417,32.86666666666667,-0.016407628049389222
289,Company_289,Healthcare,Asia,2021,2792.9,16.4,7390.6,-5.5,33.0,24.4,21.8,52.6,287432.9,287432.9,574865.9,102.91557162805687,102.91557162805687,205.83117906119088,32.93333333333334,-0.05498409690735606
289,Company_289,Healthcare,Asia,2022,2872.1,11.1,4650.3,2.8,34.6,27.9,19.2,56.7,288652.5,288652.5,577305.0,100.50224574353261,100.50224574353261,201.00449148706522,34.6,0.028357621110673525
289,Company_289,Healthcare,Asia,2023,2745.6,14.5,6639.5,-4.4,36.7,29.4,23.8,57.0,272975.0,272975.0,545949.9,99.4227127039627,99.4227127039627,198.845388986014,36.733333333333334,-0.04404442742244352
289,Company_289,Healthcare,Asia,2024,2516.7,11.2,5474.5,-8.3,37.4,30.3,23.5,58.3,248671.4,248671.4,497342.8,98.80851909246236,98.80851909246236,197.61703818492472,37.36666666666667,-0.08336975524475532
289,Company_289,Healthcare,Asia,2025,2441.1,10.3,4427.0,-3.0,38.4,32.6,23.1,59.5,237305.9,237305.9,474611.8,97.21269099995904,97.21269099995904,194.42538199991807,38.4,-0.03003933722732144
290,Company_290,Transportation,Africa,2015,1578.9,9.4,1682.4,7.1499999999999995,24.5,24.0,25.2,24.3,977358.5,162893.1,3257861.7,619.0122870352777,103.16872506175186,2063.374311229337,24.5,
290,Company_290,Transportation,Africa,2016,1503.2,10.7,2523.9,-4.8,27.1,27.2,27.5,26.4,910523.4,151753.9,3035078.0,605.7233901011176,100.95389835018626,2019.0779670037252,27.03333333333333,-0.0479447716764837
290,Company_290,Transportation,Africa,2017,1787.1,8.6,1589.6,18.9,26.0,27.8,23.0,27.2,1078166.0,179694.3,3593886.7,603.3047954787086,100.55078059425885,2011.0160035812212,26.0,0.1888637573177221
290,Company_290,Transportation,Africa,2018,1844.1,6.1,1088.6,3.2,26.9,30.8,25.2,24.8,1089465.9,181577.6,3631552.9,590.7846103790466,98.46407461634402,1969.281980369828,26.933333333333334,0.03189524928655363
290,Company_290,Transportation,Africa,2019,1919.8,9.4,1666.0,4.1,25.4,30.2,23.2,22.6,1138488.2,189748.0,3794960.6,593.024377539327,98.83737889363475,1976.7478904052507,25.333333333333332,0.04104983460766776
290,Company_290,Transportation,Africa,2020,2115.2,7.5,2386.4,10.2,26.2,29.3,26.2,23.1,1262546.7,210424.5,4208489.2,596.8923506051437,99.48208207261726,1989.641263237519,26.2,0.10178143556620478
290,Company_290,Transportation,Africa,2021,2393.8,10.6,2493.4,13.2,26.3,30.3,25.3,23.2,1418499.9,236416.7,4728333.1,592.5724371292505,98.76209374216727,1975.241498872086,26.266666666666666,0.13171331316187618
290,Company_290,Transportation,Africa,2022,2358.7,10.9,3138.5,-1.5,26.5,30.9,25.4,23.0,1391710.7,231951.8,4639035.8,590.0329418747615,98.3388307118328,1966.7765294441854,26.433333333333334,-0.014662879104353044
290,Company_290,Transportation,Africa,2023,2685.5,13.0,3304.9,13.9,28.4,30.8,28.5,25.8,1586526.9,264421.2,5288423.1,590.7752373859616,98.46255818283375,1969.2508285235522,28.366666666666664,0.1385508966803748
290,Company_290,Transportation,Africa,2024,3078.0,14.7,3825.3,14.6,28.9,33.7,26.4,26.5,1780171.9,296695.3,5933906.5,578.3534437946719,96.39223521767381,1927.844866796621,28.866666666666664,0.14615527834667663
290,Company_290,Transportation,Africa,2025,2844.3,13.8,3776.6,-7.6,30.6,34.4,32.0,25.5,1637163.1,272860.5,5457210.2,575.594381745948,95.93239109798544,1918.6478922757797,30.633333333333336,-0.07592592592592584
291,Company_291,Technology,Oceania,2015,4015.3,20.4,16807.1,17.7,60.0,79.7,86.5,13.7,128874.7,77324.8,257749.5,32.0959081513212,19.257539909844844,64.19184120738176,59.96666666666666,
291,Company_291,Technology,Oceania,2016,4616.6,18.8,25257.6,15.0,60.3,80.5,86.4,14.2,146985.8,88191.5,293971.6,31.838539184681363,19.103127843001342,63.677078369362725,60.36666666666667,0.14975219784324967
291,Company_291,Technology,Oceania,2017,5723.4,19.3,19006.3,24.0,63.4,84.6,88.1,17.6,173948.5,104369.1,347897.0,30.39251144424643,18.23550686654786,60.78502288849286,63.43333333333333,0.2397435342026597
291,Company_291,Technology,Oceania,2018,6734.6,20.0,37951.6,17.7,62.6,85.0,89.0,13.9,203746.6,122248.0,407493.2,30.253704748611646,18.15222878864372,60.50740949722329,62.63333333333333,0.17667819827375353
291,Company_291,Technology,Oceania,2019,9120.5,20.0,32412.9,35.4,62.7,84.9,89.1,14.2,276115.8,165669.5,552231.6,30.27419549366811,18.1645194890631,60.54839098733622,62.73333333333333,0.3542749383779289
291,Company_291,Technology,Oceania,2020,10410.0,17.6,61884.5,14.1,60.6,82.7,89.4,9.7,323258.1,193954.9,646516.3,31.052651296829968,18.631594620557156,62.105312199807884,60.6,0.14138479250041125
291,Company_291,Technology,Oceania,2021,12214.1,14.9,55699.3,17.3,59.9,83.5,89.6,6.7,375870.8,225522.5,751741.6,30.77351585462703,18.464111150228014,61.54703170925406,59.93333333333333,0.17330451488952936
291,Company_291,Technology,Oceania,2022,15387.2,12.5,57679.5,26.0,60.2,84.0,86.8,9.7,470680.5,282408.3,941361.0,30.589093532286576,18.353456119371945,61.17818706457315,60.166666666666664,0.2597899149343792
291,Company_291,Technology,Oceania,2023,18662.0,9.5,54429.0,21.3,60.3,86.4,85.2,9.4,555555.3,333333.2,1111110.7,29.76933340477977,17.861601114564355,59.538672168042005,60.33333333333334,0.21282624519080784
291,Company_291,Technology,Oceania,2024,21972.8,7.4,54301.4,17.7,60.4,84.0,88.1,9.1,672182.6,403309.6,1344365.2,30.591576858661618,18.354947935629504,61.183153717323236,60.4,0.17740863787375405
291,Company_291,Technology,Oceania,2025,25251.7,7.4,63706.5,14.9,61.5,85.4,87.1,12.1,760487.5,456292.5,1520975.0,30.116289200331067,18.06977352019864,60.232578400662135,61.53333333333333,0.14922540595645528
292,Company_292,Utilities,Asia,2015,1160.2,10.0,1129.1,5.1,23.0,29.7,20.6,18.5,920542.0,575338.8,9205420.5,793.4338907084986,495.89622478882956,7934.339338045164,22.933333333333334,
292,Company_292,Utilities,Asia,2016,1074.6,9.2,933.7,-7.4,21.7,26.1,18.7,20.3,874642.4,546651.5,8746424.0,813.9236925367579,508.70230783547373,8139.23692536758,21.7,-0.07378038269263931
292,Company_292,Utilities,Asia,2017,919.5,8.9,1207.9,-14.4,21.2,24.1,18.3,21.1,758434.4,474021.5,7584344.1,824.8334964654704,515.5209352909189,8248.335073409462,21.166666666666668,-0.14433277498604125
292,Company_292,Utilities,Asia,2018,990.6,11.3,929.2,7.7,21.4,27.6,17.5,19.1,797972.1,498732.5,7979720.7,805.5442156268928,503.46507167373306,8055.441853422169,21.400000000000002,0.07732463295269176
292,Company_292,Utilities,Asia,2019,930.1,9.6,1097.9,-6.1,21.2,28.3,17.4,18.0,745635.9,466022.4,7456359.1,801.6728308784002,501.04547898075475,8016.728416299322,21.233333333333334,-0.06107409650716733
292,Company_292,Utilities,Asia,2020,858.1,6.8,856.3,-7.7,20.8,26.7,21.4,14.4,695528.4,434705.3,6955284.5,810.5446917608671,506.590490618809,8105.447500291341,20.833333333333332,-0.0774110310719277
292,Company_292,Utilities,Asia,2021,955.0,8.2,947.2,11.3,22.1,28.4,23.8,14.1,765111.8,478194.9,7651118.2,801.1641884816754,500.72764397905763,8011.642094240838,22.099999999999998,0.11292390164316513
292,Company_292,Utilities,Asia,2022,1052.1,8.5,957.7,10.2,24.0,28.9,26.9,16.2,839879.5,524924.7,8398795.2,798.2886607736908,498.9304248645566,7982.886797832905,24.0,0.10167539267015702
292,Company_292,Utilities,Asia,2023,1097.6,5.4,851.6,4.3,25.5,30.6,28.4,17.5,865906.7,541191.7,8659066.7,788.9091654518951,493.0682397959184,7889.091381195335,25.5,0.043246839654025315
292,Company_292,Utilities,Asia,2024,1162.6,4.2,429.7,5.9,26.3,34.0,27.3,17.7,894534.7,559084.2,8945347.4,769.4260278685705,480.8912781696198,7694.26062274213,26.333333333333332,0.05922011661807591
292,Company_292,Utilities,Asia,2025,1296.9,4.8,784.1,11.5,26.1,34.3,27.6,16.5,996096.8,622560.5,9960968.2,768.0598349911327,480.0373968694579,7680.598504125221,26.133333333333336,0.11551694477894392
293,Company_293,Finance,North America,2015,3702.3,15.9,10978.9,10.75,63.0,80.4,62.6,46.0,47168.6,23584.3,117921.5,12.740350592874698,6.370175296437349,31.85087648218675,63.0,
293,Company_293,Finance,North America,2016,3948.9,19.1,8525.4,6.7,65.4,82.2,65.4,48.6,49335.2,24667.6,123338.0,12.493403226214895,6.246701613107447,31.233508065537237,65.4,0.06660724414553121
293,Company_293,Finance,North America,2017,4351.1,21.5,14750.7,10.2,66.2,84.5,64.3,49.7,52953.9,26477.0,132384.8,12.170232814690538,6.085127898692284,30.425593528073357,66.16666666666667,0.10185114842107934
293,Company_293,Finance,North America,2018,5098.7,20.8,14521.6,17.2,66.3,84.1,62.4,52.5,62355.7,31177.9,155889.3,12.229725224076725,6.1148724184596075,30.574322866613056,66.33333333333333,0.171818620578704
293,Company_293,Finance,North America,2019,5435.7,22.9,10594.3,6.6,67.8,86.2,65.3,51.9,64844.0,32422.0,162110.0,11.92928233714149,5.964641168570745,29.823205842853728,67.8,0.06609527918881275
293,Company_293,Finance,North America,2020,6360.4,23.2,17119.2,17.0,68.5,86.9,66.2,52.5,75297.7,37648.9,188244.3,11.838516445506572,5.919266083894096,29.59629897490724,68.53333333333335,0.17011608440495252
293,Company_293,Finance,North America,2021,6557.0,22.2,24487.3,3.1,69.3,88.2,67.8,51.8,76438.7,38219.4,191096.9,11.657572060393472,5.8287936556352,29.14395302729907,69.26666666666667,0.030910005660021334
293,Company_293,Finance,North America,2022,7295.3,20.7,27348.8,11.3,69.8,90.4,68.2,50.7,82728.4,41364.2,206821.0,11.339958603484433,5.669979301742217,28.349896508711087,69.76666666666667,0.11259722434039965
293,Company_293,Finance,North America,2023,8301.4,22.1,30061.2,13.8,71.2,90.6,69.6,53.4,93973.2,46986.6,234933.1,11.320162864095213,5.6600814320476065,28.30041920639892,71.2,0.13791070963497032
293,Company_293,Finance,North America,2024,10007.1,21.6,39360.9,20.5,71.1,89.3,70.1,54.0,115039.0,57519.5,287597.5,11.495738026001538,5.747869013000769,28.739345065003846,71.13333333333333,0.20547136627556806
293,Company_293,Finance,North America,2025,9677.8,22.1,37924.7,-3.3,71.9,89.0,70.3,56.3,111728.3,55864.2,279320.8,11.54480357105954,5.772406951993221,28.8620140941123,71.86666666666667,-0.032906636288235425
294,Company_294,Healthcare,Oceania,2015,675.7,11.8,961.5,1.85,80.9,64.2,98.7,79.7,50733.2,50733.2,101466.4,75.08243303241082,75.08243303241082,150.16486606482164,80.86666666666667,
294,Company_294,Healthcare,Oceania,2016,767.1,8.7,1603.7,13.5,82.1,68.0,100.0,78.3,55517.6,55517.6,111035.1,72.37335419110937,72.37335419110937,144.7465780211185,82.10000000000001,0.13526713038330618
294,Company_294,Healthcare,Oceania,2017,763.1,14.1,2237.0,-0.5,82.1,66.7,99.4,80.3,55935.8,55935.8,111871.6,73.30074695321714,73.30074695321714,146.60149390643429,82.13333333333334,-0.0052144440099074485
294,Company_294,Healthcare,Oceania,2018,791.7,10.2,1494.7,3.7,83.0,68.6,97.1,83.3,56999.4,56999.4,113998.7,71.99621068586586,71.99621068586586,143.99229506126056,83.0,0.03747870528109032
294,Company_294,Healthcare,Oceania,2019,737.5,12.0,1904.7,-6.8,80.9,66.3,90.3,86.0,54251.1,54251.1,108502.1,73.56081355932203,73.56081355932203,147.12149152542375,80.86666666666666,-0.06846027535682708
294,Company_294,Healthcare,Oceania,2020,728.9,11.9,1079.2,-1.2,81.0,67.6,90.1,85.2,52951.6,52951.6,105903.2,72.64590478803677,72.64590478803677,145.29180957607355,80.96666666666665,-0.011661016949152558
294,Company_294,Healthcare,Oceania,2021,733.5,14.4,2204.5,0.6,82.0,71.4,88.3,86.3,51370.7,51370.7,102741.5,70.0350374914792,70.0350374914792,140.0702113156101,82.0,0.006310879407326109
294,Company_294,Healthcare,Oceania,2022,753.7,10.8,1402.3,2.7,82.1,72.6,90.4,83.3,52148.5,52148.5,104297.0,69.18999601963645,69.18999601963645,138.3799920392729,82.10000000000001,0.027539195637355185
294,Company_294,Healthcare,Oceania,2023,799.6,11.1,890.4,6.1,82.3,74.5,86.8,85.5,54244.6,54244.6,108489.3,67.83966983491746,67.83966983491746,135.67946473236617,82.26666666666667,0.06089956216001058
294,Company_294,Healthcare,Oceania,2024,807.8,9.9,1724.9,1.0,85.4,80.0,87.5,88.8,51681.7,51681.7,103363.5,63.97833622183709,63.97833622183709,127.95679623669226,85.43333333333334,0.010255127563781885
294,Company_294,Healthcare,Oceania,2025,874.4,6.0,526.1,8.2,85.4,78.3,87.0,90.8,56988.0,56988.0,113975.9,65.17383348581885,65.17383348581885,130.34755260750228,85.36666666666667,0.08244615003713784
295,Company_295,Finance,Europe,2015,1845.3,15.1,2976.8,6.8,76.4,85.7,71.3,72.1,22138.4,11069.2,55346.0,11.99718203002222,5.99859101501111,29.992955075055548,76.36666666666666,
295,Company_295,Finance,Europe,2016,2064.1,12.3,4258.6,11.9,75.7,85.2,72.0,69.8,24930.2,12465.1,62325.6,12.078000096894531,6.0390000484472655,30.19504868950148,75.66666666666667,0.11857150598818622
295,Company_295,Finance,Europe,2017,2122.1,13.4,2585.2,2.8,78.1,86.7,76.1,71.3,25179.1,12589.5,62947.7,11.86518071721408,5.932566797040668,29.66292823146883,78.03333333333335,0.028099413788091665
295,Company_295,Finance,Europe,2018,2312.6,10.0,3846.6,9.0,78.9,87.3,79.1,70.2,27226.4,13613.2,68066.1,11.773069272680102,5.886534636340051,29.4327164230736,78.86666666666666,0.08976956788087276
295,Company_295,Finance,Europe,2019,2596.3,8.8,2823.7,12.3,80.9,87.2,82.2,73.3,30602.0,15301.0,76505.0,11.786773485344527,5.893386742672264,29.46693371336132,80.89999999999999,0.12267577618265157
295,Company_295,Finance,Europe,2020,2714.6,8.1,3242.5,4.6,79.4,86.7,79.2,72.4,32216.2,16108.1,80540.5,11.86775215501363,5.933876077506815,29.669380387534076,79.43333333333334,0.045564842275545914
295,Company_295,Finance,Europe,2021,2797.7,9.1,4258.5,3.1,78.8,83.1,80.1,73.3,34605.2,17302.6,86513.0,12.369160381742144,6.184580190871072,30.922900954355367,78.83333333333333,0.030612244897959107
295,Company_295,Finance,Europe,2022,2712.5,6.2,2856.1,-3.0,78.3,82.8,79.9,72.4,33675.1,16837.5,84187.7,12.414783410138249,6.207373271889401,31.036940092165896,78.36666666666666,-0.030453586874932936
295,Company_295,Finance,Europe,2023,2628.3,6.1,2706.7,-3.1,78.1,82.4,78.8,73.0,32747.1,16373.6,81867.8,12.459422440360688,6.229730243883879,31.14857512460526,78.06666666666666,-0.031041474654377788
295,Company_295,Finance,Europe,2024,3064.8,5.1,1358.2,16.6,77.1,83.1,78.2,70.2,37899.2,18949.6,94748.0,12.365961889845991,6.1829809449229955,30.91490472461498,77.16666666666667,0.16607693185709382
295,Company_295,Finance,Europe,2025,3361.5,3.3,1066.1,9.7,78.4,87.0,80.0,68.2,39720.5,19860.3,99301.3,11.816302246021122,5.908165997322624,29.540770489364867,78.39999999999999,0.09680892717306189
296,Company_296,Utilities,Latin America,2015,545.3,8.0,409.1,3.7,49.9,46.9,67.4,35.4,380248.4,237655.2,3802483.8,697.3196405648268,435.8246836603705,6973.196038877682,49.900000000000006,
296,Company_296,Utilities,Latin America,2016,546.1,6.4,340.4,0.1,51.4,49.9,70.2,34.0,371484.1,232177.6,3714841.3,680.2492217542574,425.15583226515287,6802.49276689251,51.36666666666667,0.0014670823399964839
296,Company_296,Utilities,Latin America,2017,565.7,8.3,480.1,3.6,51.4,49.5,70.0,34.9,386345.8,241466.1,3863457.8,682.9517412055859,426.844794060456,6829.5170585115775,51.46666666666667,0.03589086247939943
296,Company_296,Utilities,Latin America,2018,596.3,8.9,732.4,5.4,51.9,50.4,71.5,33.8,404289.7,252681.1,4042897.0,677.9971490860306,423.74828106657725,6779.9714908603055,51.9,0.054092275057450845
296,Company_296,Utilities,Latin America,2019,541.3,8.8,617.4,-9.2,53.1,50.4,72.1,36.9,366820.0,229262.5,3668199.8,677.6648808424164,423.5405505265103,6776.648438943285,53.13333333333333,-0.09223545195371463
296,Company_296,Utilities,Latin America,2020,604.1,8.3,603.4,11.6,52.6,49.5,72.8,35.3,412347.9,257717.4,4123478.7,682.5821883794074,426.6138056613143,6825.821387187551,52.53333333333333,0.11601699612045091
296,Company_296,Utilities,Latin America,2021,548.7,10.8,593.6,-9.2,52.0,49.3,71.7,35.1,375292.9,234558.1,3752929.3,683.9673774375797,427.47967924184434,6839.674321122653,52.03333333333333,-0.09170667108094677
296,Company_296,Utilities,Latin America,2022,569.5,11.8,692.3,3.8,53.2,52.5,67.9,39.1,379371.3,237107.1,3793713.0,666.1480245829675,416.3425812115891,6661.480245829675,53.166666666666664,0.037907782030253134
296,Company_296,Utilities,Latin America,2023,618.0,12.1,1028.8,8.5,53.9,54.0,67.9,39.8,406550.3,254093.9,4065502.6,657.8483818770227,411.1551779935275,6578.483171521036,53.9,0.08516242317822642
296,Company_296,Utilities,Latin America,2024,676.5,12.0,1116.9,9.5,55.9,54.9,72.9,40.0,441492.1,275932.6,4414921.2,652.6121212121212,407.88263118994826,6526.121507760532,55.93333333333334,0.09466019417475735
296,Company_296,Utilities,Latin America,2025,593.9,10.5,593.1,-12.2,56.8,57.4,75.4,37.7,379275.6,237047.2,3792755.7,638.618622663748,399.13655497558517,6386.185721501937,56.833333333333336,-0.12209903917220999
297,Company_297,Retail,Africa,2015,465.4,5.5,454.3,7.15,42.8,38.9,55.5,33.9,43158.6,21579.3,86317.2,92.73442200257843,46.36721100128921,185.46884400515685,42.76666666666667,
297,Company_297,Retail,Africa,2016,541.5,6.5,381.7,16.4,46.5,43.1,56.7,39.6,48656.0,24328.0,97311.9,89.85410895660203,44.92705447830102,179.70803324099722,46.46666666666667,0.1635152556940267
297,Company_297,Retail,Africa,2017,561.8,6.9,870.6,3.7,47.6,42.8,58.0,42.0,50566.4,25283.2,101132.8,90.00783196867214,45.00391598433607,180.01566393734427,47.6,0.0374884579870729
297,Company_297,Retail,Africa,2018,609.5,8.2,567.0,8.5,47.8,42.5,59.6,41.4,55013.1,27506.6,110026.3,90.25939294503691,45.129778506972926,180.51894995898277,47.833333333333336,0.08490566037735858
297,Company_297,Retail,Africa,2019,569.6,6.5,466.3,-6.6,48.7,41.1,63.3,41.6,51947.3,25973.7,103894.7,91.19961376404494,45.59989466292135,182.39940308988764,48.666666666666664,-0.06546349466776047
297,Company_297,Retail,Africa,2020,605.7,6.9,682.9,6.3,49.5,40.3,65.8,42.4,55602.0,27801.0,111203.9,91.79791976225853,45.898959881129265,183.5956744262836,49.5,0.063377808988764
297,Company_297,Retail,Africa,2021,613.8,8.6,1019.6,1.3,50.5,42.4,66.6,42.5,55437.6,27718.8,110875.2,90.3186705767351,45.15933528836755,180.6373411534702,50.5,0.013372956909361022
297,Company_297,Retail,Africa,2022,697.9,9.4,1412.5,13.7,50.6,42.5,66.7,42.5,62977.9,31488.9,125955.7,90.23914600945695,45.11950136122654,180.47814873191,50.56666666666666,0.1370153144346693
297,Company_297,Retail,Africa,2023,641.2,11.3,864.4,-8.1,50.8,41.3,69.9,41.1,58414.2,29207.1,116828.5,91.10137242669992,45.55068621334996,182.2029008109794,50.76666666666667,-0.08124373119358064
297,Company_297,Retail,Africa,2024,692.3,10.1,718.2,8.0,51.8,43.2,68.9,43.5,62136.6,31068.3,124273.1,89.75386393182147,44.876931965910735,179.50758341759354,51.866666666666674,0.07969432314410474
297,Company_297,Retail,Africa,2025,797.5,13.1,2255.1,15.2,53.4,43.7,70.7,45.9,71308.2,35654.1,142616.5,89.41467084639498,44.70733542319749,178.8294670846395,53.43333333333334,0.1519572439693775
298,Company_298,Utilities,Middle East,2015,1406.0,11.5,1996.3,0.24999999999999994,32.9,31.4,52.4,15.0,1102715.5,689197.2,11027155.1,784.2926742532005,490.1829302987197,7842.926813655761,32.93333333333333,
298,Company_298,Utilities,Middle East,2016,1294.8,12.5,2353.0,-7.9,32.9,29.9,51.5,17.2,1026399.7,641499.8,10263997.4,792.7090670373802,495.4431572443621,7927.090979301824,32.86666666666667,-0.07908961593172126
298,Company_298,Utilities,Middle East,2017,1282.8,12.2,1564.9,-0.9,33.6,30.9,50.2,19.8,1009777.4,631110.9,10097774.1,787.1666666666667,491.97918615528533,7871.666744621141,33.63333333333333,-0.009267840593141785
298,Company_298,Utilities,Middle East,2018,1403.2,11.9,1677.8,9.4,33.2,30.9,50.1,18.7,1104181.2,690113.2,11041811.6,786.9022234891676,491.81385404789046,7869.021949828962,33.233333333333334,0.09385718740255689
298,Company_298,Utilities,Middle East,2019,1548.4,9.8,2154.6,10.3,34.6,35.2,50.0,18.4,1181435.7,738397.3,11814356.6,763.0041978816843,476.8776156032033,7630.041720485662,34.53333333333333,0.10347776510832385
298,Company_298,Utilities,Middle East,2020,1533.1,9.3,1697.8,-1.0,34.3,34.9,52.9,15.1,1172455.3,732784.6,11724553.2,764.761137564412,477.97573543800144,7647.611506098754,34.3,-0.009881167656936363
298,Company_298,Utilities,Middle East,2021,1715.6,10.0,2253.0,11.9,36.3,39.6,55.0,14.5,1266755.4,791722.1,12667553.9,738.3745628351597,461.4840871998135,7383.7455700629525,36.36666666666667,0.11903985389080951
298,Company_298,Utilities,Middle East,2022,1813.2,10.9,2763.4,5.7,36.5,38.6,56.1,14.9,1348907.7,843067.3,13489077.3,743.9376240900066,464.9610081623649,7439.376406353408,36.53333333333334,0.05688971788295638
298,Company_298,Utilities,Middle East,2023,1795.2,8.8,1689.6,-1.0,36.4,39.2,57.3,12.6,1329022.7,830639.2,13290227.0,740.3201314616755,462.7000891265597,7403.201314616756,36.36666666666667,-0.00992720052945073
298,Company_298,Utilities,Middle East,2024,1819.6,10.6,1947.6,1.4,37.1,40.4,57.9,12.9,1335453.5,834658.5,13354535.4,733.9269619696637,458.7043855792482,7339.269839525171,37.06666666666667,0.01359180035650609
298,Company_298,Utilities,Middle East,2025,1753.1,9.7,2085.9,-3.7,37.6,39.8,61.5,11.6,1292546.8,807841.8,12925468.5,737.2921111174492,460.80759796931153,7372.921396383549,37.63333333333333,-0.03654649373488683
299,Company_299,Consumer Goods,North America,2015,2307.9,9.9,4065.1,2.75,48.5,38.4,61.5,45.7,429692.8,537116.0,2148464.0,186.1834568222193,232.72932102777415,930.9172841110966,48.53333333333334,
299,Company_299,Consumer Goods,North America,2016,2185.1,9.6,3950.9,-5.3,49.7,42.9,59.9,46.3,393131.1,491413.8,1965655.3,179.9144661571553,224.89304837307216,899.5722392567847,49.699999999999996,-0.05320854456432267
299,Company_299,Consumer Goods,North America,2017,2394.0,11.0,6271.8,9.6,50.9,45.5,61.5,45.8,422150.6,527688.3,2110753.0,176.33692564745195,220.42117794486217,881.6846282372599,50.93333333333334,0.09560203194361816
299,Company_299,Consumer Goods,North America,2018,2470.6,12.6,4584.1,3.2,52.9,46.7,63.0,48.8,431263.7,539079.7,2156318.6,174.558285436736,218.1978871529183,872.7914676596779,52.833333333333336,0.0319966583124478
299,Company_299,Consumer Goods,North America,2019,2493.6,10.8,4893.2,0.9,54.2,46.6,66.0,49.8,435605.2,544506.5,2178026.1,174.68928456849537,218.3616057106192,873.4464629451396,54.133333333333326,0.009309479478669225
299,Company_299,Consumer Goods,North America,2020,2866.0,10.4,4389.9,14.9,54.8,44.9,67.2,52.4,507719.6,634649.4,2538597.8,177.1526866713189,221.44082344731333,885.7633635729238,54.833333333333336,0.14934231632980444
299,Company_299,Consumer Goods,North America,2021,2933.4,11.7,4874.9,2.3,55.1,44.8,66.0,54.6,520156.1,650195.2,2600780.7,177.32191313833775,221.6524169905229,886.6096338719575,55.13333333333333,0.023517096999302156
299,Company_299,Consumer Goods,North America,2022,3365.8,13.7,6995.8,14.7,53.6,40.8,65.2,54.8,615304.3,769130.4,3076521.5,182.8107136490582,228.51339948897734,914.0535682452908,53.6,0.14740574077861868
299,Company_299,Consumer Goods,North America,2023,3618.1,12.7,9238.4,7.5,54.0,39.6,66.7,55.8,667771.4,834714.3,3338857.0,184.5641082336033,230.70514911141208,922.8205411680163,54.03333333333334,0.07495989066492359
299,Company_299,Consumer Goods,North America,2024,3694.7,14.0,8722.0,2.1,54.6,41.2,67.5,55.0,673568.3,841960.3,3367841.3,182.30662841367365,227.88326521774437,911.5330879367743,54.56666666666666,0.02117133302009333
299,Company_299,Consumer Goods,North America,2025,3325.9,13.5,7717.9,-10.0,54.5,43.7,66.5,53.2,594538.4,743173.0,2972692.0,178.76015514597552,223.4501939324694,893.8007757298776,54.46666666666667,-0.09981865916041888
300,Company_300,Manufacturing,Europe,2015,2030.0,2.5,1054.2,-4.1,51.8,37.9,53.6,64.1,569254.8,759006.3,9487579.2,280.42108374384236,373.89472906403944,4673.684334975369,51.86666666666667,
300,Company_300,Manufacturing,Europe,2016,2008.7,2.2,857.7,-1.1,53.0,40.7,53.6,64.6,551293.1,735057.5,9188218.8,274.45268083835316,365.9369243789516,4574.211579628616,52.96666666666667,-0.010492610837438354
300,Company_300,Manufacturing,Europe,2017,1852.9,0.7,248.3,-7.8,52.8,39.3,54.0,65.1,514255.6,685674.2,8570927.0,277.54093583032,370.05461708672885,4625.682443736845,52.79999999999999,-0.07756260267834914
300,Company_300,Manufacturing,Europe,2018,1567.0,0.6,162.6,-15.4,55.2,39.6,59.5,66.5,433770.3,578360.4,7229504.9,276.81576260370133,369.0876834716018,4613.595979578813,55.199999999999996,-0.15429866695450378
300,Company_300,Manufacturing,Europe,2019,1406.1,-0.8,5826.7,-10.3,56.6,40.7,61.8,67.3,386137.3,514849.7,6435621.6,274.61581679823627,366.154398691416,4576.930232558139,56.6,-0.10268028079132108
300,Company_300,Manufacturing,Europe,2020,1164.3,0.1,31.8,-17.2,57.9,43.1,64.7,65.8,313750.3,418333.7,5229171.8,269.4754788284806,359.3006098084686,4491.2580949927,57.866666666666674,-0.17196500960102412
300,Company_300,Manufacturing,Europe,2021,1207.1,4.9,902.0,3.7,60.0,46.4,65.6,67.9,316858.4,422477.9,5280973.1,262.4955678899843,349.99411813437166,4374.92593819899,59.96666666666667,0.036760285149875394
300,Company_300,Manufacturing,Europe,2022,1184.4,4.2,463.6,-1.9,60.8,45.4,69.8,67.3,313586.7,418115.6,5226444.7,264.7641843971631,353.0189125295508,4412.7361533265785,60.833333333333336,-0.018805401375196595
300,Company_300,Manufacturing,Europe,2023,1166.3,6.6,635.9,-1.5,63.2,46.3,70.8,72.5,306368.2,408490.9,5106136.5,262.68387207408045,350.2451341850296,4378.064391665952,63.199999999999996,-0.015281999324552653
300,Company_300,Manufacturing,Europe,2024,1093.0,6.6,1220.1,-6.3,63.8,47.0,73.4,71.1,285524.7,380699.6,4758745.1,261.2302836230558,348.30704483074106,4353.838151875571,63.833333333333336,-0.0628483237588956
300,Company_300,Manufacturing,Europe,2025,1179.3,4.6,542.8,7.9,65.7,51.6,74.9,70.5,296714.7,395619.6,4945244.4,251.60239124904606,335.46985499872807,4193.3726787077085,65.66666666666667,0.07895699908508691
301,Company_301,Finance,Middle East,2015,1414.6,9.5,1090.3,4.4,51.0,99.8,32.2,21.1,14177.2,7088.6,35443.0,10.022055704792875,5.011027852396437,25.055139261982188,51.03333333333333,
301,Company_301,Finance,Middle East,2016,1521.4,8.3,1210.7,7.5,51.6,100.0,34.2,20.7,15213.7,7606.8,38034.2,9.99980281319837,4.999868542132247,24.999474168528984,51.633333333333326,0.0754983740986852
301,Company_301,Finance,Middle East,2017,1363.6,10.3,1944.9,-10.4,51.6,99.1,32.9,22.7,13802.6,6901.3,34506.4,10.122176591375771,5.0610882956878855,25.30536814315049,51.56666666666666,-0.10372025765742088
301,Company_301,Finance,Middle East,2018,1411.0,8.0,2001.1,3.5,50.8,98.2,31.5,22.7,14466.8,7233.4,36167.0,10.252870304748404,5.126435152374202,25.632175761871014,50.79999999999999,0.03476092695805222
301,Company_301,Finance,Middle East,2019,1485.2,9.0,2421.7,5.3,51.2,99.4,31.6,22.4,14967.9,7484.0,37419.8,10.07803662806356,5.039051979531376,25.195125235658498,51.13333333333333,0.05258681785967401
301,Company_301,Finance,Middle East,2020,1640.0,9.9,1760.7,10.4,51.3,100.0,31.8,22.1,16400.0,8200.0,40999.9,10.0,5.0,24.999939024390244,51.300000000000004,0.10422838674925927
301,Company_301,Finance,Middle East,2021,1535.7,11.0,2390.4,-6.4,51.2,100.0,30.6,22.9,15356.9,7678.4,38392.1,9.999934883115191,4.999934883115191,24.999739532460765,51.166666666666664,-0.06359756097560976
301,Company_301,Finance,Middle East,2022,1617.2,11.0,1606.9,5.3,52.3,97.2,31.4,28.1,16796.2,8398.1,41990.6,10.385975760573832,5.192987880286916,25.965001236705415,52.23333333333333,0.05307026111870816
301,Company_301,Finance,Middle East,2023,1826.6,13.2,3056.4,13.0,52.9,98.7,31.3,28.7,18590.2,9295.1,46475.5,10.177488229497428,5.088744114748714,25.44372057374357,52.9,0.12948305713579011
301,Company_301,Finance,Middle East,2024,1797.7,14.8,4747.8,-1.6,52.7,98.3,31.2,28.4,18397.1,9198.5,45992.6,10.233687489570006,5.116815931467987,25.584135283973964,52.63333333333333,-0.01582174531917213
301,Company_301,Finance,Middle East,2025,1764.3,14.9,2771.0,-1.9,52.2,98.2,29.4,29.1,18083.9,9042.0,45209.9,10.249900810519755,5.124978745111376,25.62483704585388,52.23333333333333,-0.018579295766813164
302,Company_302,Energy,Latin America,2015,2106.1,11.4,3078.8,0.6,14.5,15.7,25.5,2.2,2295518.9,688655.7,22955188.7,1089.9382270547458,326.9814823607616,10899.382128104078,14.466666666666669,
302,Company_302,Energy,Latin America,2016,2151.1,16.2,3091.1,2.1,13.1,16.0,23.0,0.4,2339811.9,701943.6,23398119.1,1087.728092603784,326.3184417274883,10877.280972525687,13.133333333333333,0.021366506813541575
302,Company_302,Energy,Latin America,2017,2374.1,10.4,3546.6,10.4,13.4,16.5,22.9,0.8,2575112.8,772533.8,25751128.3,1084.6690535360767,325.4006992123331,10846.690661724444,13.399999999999999,0.1036678908465436
302,Company_302,Energy,Latin America,2018,2570.2,8.9,2555.2,8.3,12.5,16.7,19.2,1.6,2784000.2,835200.1,27840002.2,1083.18426581589,324.95529530775815,10831.842735973854,12.5,0.08259972199991572
302,Company_302,Energy,Latin America,2019,2423.2,8.0,2316.5,-5.7,12.9,18.9,18.2,1.4,2586477.5,775943.3,25864775.3,1067.3809425552988,320.21430340046226,10673.809549356225,12.83333333333333,-0.05719399268539416
302,Company_302,Energy,Latin America,2020,2082.0,13.1,4958.0,-14.1,11.6,17.8,16.8,0.3,2239472.4,671841.7,22394724.3,1075.6351585014409,322.6905379442843,10756.35172910663,11.633333333333333,-0.14080554638494547
302,Company_302,Energy,Latin America,2021,2009.4,16.1,5080.6,-3.5,11.7,19.2,15.7,0.0,2140680.4,642204.1,21406804.4,1065.333134268936,319.5999303274609,10653.331541753756,11.633333333333333,-0.03487031700288179
302,Company_302,Energy,Latin America,2022,2133.4,12.5,2830.5,6.2,13.4,24.3,16.0,0.0,2197650.6,659295.2,21976505.9,1030.1165276085123,309.03496765726067,10301.165229211587,13.433333333333332,0.06170996317308641
302,Company_302,Energy,Latin America,2023,2116.9,14.0,5296.2,-0.8,14.2,27.1,13.1,2.4,2138809.0,641642.7,21388089.7,1010.3495677641835,303.104870329255,10103.495535925173,14.200000000000001,-0.007734133308334168
302,Company_302,Energy,Latin America,2024,2061.3,16.0,3593.0,-2.6,14.6,31.5,12.3,0.1,2018467.1,605540.1,20184671.4,979.2204434094988,293.76611846892735,9792.204628147285,14.633333333333333,-0.026264821200812416
302,Company_302,Energy,Latin America,2025,2102.7,11.5,3913.4,2.0,16.1,31.5,14.8,1.8,2058834.0,617650.2,20588340.1,979.1382508203739,293.74147524611215,9791.382555761642,16.03333333333333,0.02008441274923567
303,Company_303,Energy,Oceania,2015,2426.8,6.2,2455.7,-12.7,55.9,25.1,72.4,70.3,2486352.0,745905.6,24863519.6,1024.5393110268665,307.36179330806,10245.392945442558,55.93333333333334,
303,Company_303,Energy,Oceania,2016,2139.2,7.6,1435.8,-11.9,54.9,24.3,72.2,68.0,2202884.7,660865.4,22028846.7,1029.7703347045626,308.93109573672405,10297.703206806284,54.833333333333336,-0.1185099719795617
303,Company_303,Energy,Oceania,2017,1897.9,8.8,2360.9,-11.3,54.9,23.3,70.5,70.7,1967816.3,590344.9,19678163.4,1036.8387691659202,311.05163601875756,10368.38790241846,54.833333333333336,-0.11279917726252797
303,Company_303,Energy,Oceania,2018,1642.2,8.5,2146.8,-13.5,55.1,25.9,70.7,68.8,1673175.1,501952.5,16731751.1,1018.861953477043,305.65856777493605,10188.619595664351,55.133333333333326,-0.13472785710522162
303,Company_303,Energy,Oceania,2019,1653.9,10.7,1451.7,0.7,55.8,26.4,72.0,69.0,1679439.9,503832.0,16794399.1,1015.4422274623615,304.6326863776528,10154.422335086765,55.800000000000004,0.007124588966021195
303,Company_303,Energy,Oceania,2020,1519.9,21.2,3368.7,-8.1,56.0,26.5,73.6,68.0,1542300.7,462690.2,15423007.4,1014.7382722547535,304.42147509704586,10147.382985722745,56.03333333333333,-0.08102061793336957
303,Company_303,Energy,Oceania,2021,1281.7,29.5,7364.2,-15.7,59.3,29.9,74.5,73.6,1269469.5,380840.9,12694695.4,990.4575953811344,297.13731762502925,9904.576265896856,59.333333333333336,-0.15672083689716432
303,Company_303,Energy,Oceania,2022,1069.9,29.4,4225.1,-16.5,58.2,28.9,73.1,72.8,1067296.7,320189.0,10672966.6,997.5667819422374,299.27002523600333,9975.667445555659,58.26666666666667,-0.16524927830225478
303,Company_303,Energy,Oceania,2023,861.9,22.6,3843.0,-19.4,58.8,27.8,73.8,74.7,866340.9,259902.3,8663408.8,1005.1524538809607,301.54577097111036,10051.524306764128,58.76666666666667,-0.1944106925880924
303,Company_303,Energy,Oceania,2024,716.4,12.4,1739.1,-16.9,58.2,26.2,75.3,73.2,728212.0,218463.6,7282120.0,1016.4879955332217,304.9463986599665,10164.879955332217,58.23333333333333,-0.16881308736512357
303,Company_303,Energy,Oceania,2025,668.7,6.6,483.8,-6.7,57.9,25.8,74.8,73.2,681451.1,204435.3,6814510.7,1019.0684911021384,305.72050246747415,10190.68446238971,57.93333333333334,-0.06658291457286425
304,Company_304,Technology,Asia,2015,5962.2,20.1,21451.9,13.75,51.7,90.7,26.0,38.5,168435.4,101061.3,336870.9,28.250545100801716,16.95033712388045,56.5011069739358,51.73333333333333,
304,Company_304,Technology,Asia,2016,6535.9,15.8,21618.3,9.6,52.4,90.8,24.9,41.5,184476.5,110685.9,368952.9,28.22511054330697,16.93506632598418,56.450205786502245,52.4,0.09622287075240687
304,Company_304,Technology,Asia,2017,7472.2,12.3,22340.2,14.3,53.5,89.3,28.0,43.4,214896.3,128937.8,429792.7,28.759441663767028,17.255667674848105,57.51889671047349,53.56666666666666,0.1432549457611041
304,Company_304,Technology,Asia,2018,8857.3,7.9,15972.8,18.5,53.7,88.7,29.5,43.0,256579.2,153947.5,513158.3,28.968105404581536,17.380860984724467,57.9361995190408,53.73333333333333,0.18536709402853235
304,Company_304,Technology,Asia,2019,8894.5,8.4,25510.8,0.4,54.3,91.6,29.8,41.6,248642.2,149185.3,497284.4,27.954601158019003,16.772758446230817,55.909202316038005,54.333333333333336,0.00419992548519299
304,Company_304,Technology,Asia,2020,11165.0,4.7,16398.3,25.5,56.2,93.5,32.2,43.0,304578.0,182746.8,609156.0,27.279713390058216,16.36782803403493,54.55942678011643,56.23333333333333,0.25527011074259365
304,Company_304,Technology,Asia,2021,12637.1,7.5,31650.2,13.2,57.8,93.7,36.2,43.4,343764.9,206258.9,687529.7,27.202831345799275,16.32169564219639,54.405654778390605,57.76666666666667,0.1318495297805642
304,Company_304,Technology,Asia,2022,13166.1,6.5,22983.5,4.2,57.4,94.3,33.9,44.0,355329.3,213197.6,710658.6,26.988196960375507,16.192919695278025,53.976393920751015,57.4,0.04186086997808047
304,Company_304,Technology,Asia,2023,14388.3,4.4,14530.0,9.3,57.0,91.8,34.1,45.1,401209.4,240725.7,802418.9,27.884419980122743,16.730656158128483,55.768846910336876,57.0,0.0928293116412604
304,Company_304,Technology,Asia,2024,16578.5,4.2,21976.8,15.2,57.6,92.8,32.6,47.4,456231.6,273739.0,912463.2,27.519474017552852,16.511686823295232,55.038948035105705,57.6,0.15222090170485747
304,Company_304,Technology,Asia,2025,19897.3,3.6,13120.7,20.0,60.4,97.0,37.3,46.9,518644.0,311186.4,1037288.0,26.06604916244918,15.639629497469508,52.13209832489836,60.400000000000006,0.2001869891727237
305,Company_305,Manufacturing,Latin America,2015,3324.0,4.2,1908.8,13.25,56.6,59.2,39.2,71.5,783624.2,1044832.3,13060403.9,235.74735258724428,314.3298134777377,3929.122713598075,56.63333333333333,
305,Company_305,Manufacturing,Latin America,2016,3789.9,3.1,1293.3,14.0,58.0,59.6,39.7,74.8,890244.1,1186992.1,14837401.4,234.89910024011186,313.19879152484236,3914.98493363941,58.03333333333334,0.1401624548736462
305,Company_305,Manufacturing,Latin America,2017,4391.9,2.8,1635.0,15.9,57.8,59.5,38.7,75.3,1032080.9,1376107.8,17201347.8,234.99644800655756,313.3285821626176,3916.607345340286,57.833333333333336,0.15884324124647087
305,Company_305,Manufacturing,Latin America,2018,4415.3,3.2,2438.9,0.5,58.4,56.8,40.6,77.7,1062831.6,1417108.8,17713859.5,240.7156025638122,320.9541367517496,4011.9265961542815,58.366666666666674,0.005327990163710661
305,Company_305,Manufacturing,Latin America,2019,4858.4,2.6,1993.1,10.0,57.4,53.8,41.7,76.7,1200573.8,1600765.1,20009563.2,247.1130001646633,329.48400708052037,4118.549975300511,57.4,0.10035558172717574
305,Company_305,Manufacturing,Latin America,2020,5827.2,2.7,2466.3,19.9,58.9,53.4,42.2,81.0,1444866.8,1926489.1,24081113.6,247.95215540911587,330.60287959912137,4132.535969247667,58.86666666666667,0.19940721225094693
305,Company_305,Manufacturing,Latin America,2021,5578.1,2.0,1283.7,-4.3,59.8,54.1,43.4,82.1,1374770.8,1833027.8,22912846.9,246.45861494057115,328.611498538929,4107.643624173105,59.86666666666667,-0.04274780340472262
305,Company_305,Manufacturing,Latin America,2022,6683.6,3.5,4622.0,19.8,60.2,56.2,41.3,83.0,1617061.8,2156082.4,26951030.2,241.94473038482255,322.59297384643,4032.4122030043686,60.166666666666664,0.19818576217708528
305,Company_305,Manufacturing,Latin America,2023,7605.0,0.7,730.0,13.8,62.5,57.1,47.7,82.6,1826487.2,2435316.3,30441453.4,240.1692570677186,320.22568047337273,4002.820959894806,62.46666666666667,0.13785983601651797
305,Company_305,Manufacturing,Latin America,2024,8572.9,2.1,2814.2,12.7,62.7,55.9,51.8,80.5,2080606.6,2774142.2,34676777.5,242.69577389214854,323.59437296597423,4044.9296620746773,62.73333333333333,0.12727153188691642
305,Company_305,Manufacturing,Latin America,2025,9443.5,-0.2,35908.9,10.2,65.1,56.3,57.0,81.9,2283847.4,3045129.9,38064123.5,241.8433208026685,322.4577645999894,4030.722031026632,65.06666666666666,0.10155256680936442
306,Company_306,Healthcare,Latin America,2015,1334.0,17.7,3827.4,-3.05,44.7,78.6,30.4,25.1,86655.6,86655.6,173311.2,64.9592203898051,64.9592203898051,129.9184407796102,44.699999999999996,
306,Company_306,Healthcare,Latin America,2016,1412.3,16.0,5453.0,5.9,45.5,80.1,29.7,26.8,90270.1,90270.1,180540.2,63.91708560504143,63.91708560504143,127.83417121008286,45.53333333333333,0.05869565217391304
306,Company_306,Healthcare,Latin America,2017,1552.3,17.7,3609.7,9.9,45.7,80.6,28.7,27.7,98696.5,98696.5,197392.9,63.5808155640018,63.5808155640018,127.16156670746633,45.666666666666664,0.09912908022374856
306,Company_306,Healthcare,Latin America,2018,1420.5,14.7,3798.3,-8.5,44.7,76.8,26.4,30.9,94071.2,94071.2,188142.4,66.22400563181978,66.22400563181978,132.44801126363956,44.699999999999996,-0.08490626811827606
306,Company_306,Healthcare,Latin America,2019,1332.3,18.2,3641.6,-6.2,47.1,77.7,28.9,34.6,87377.3,87377.3,174754.7,65.58380244689634,65.58380244689634,131.16767995196278,47.06666666666666,-0.06209081309398101
306,Company_306,Healthcare,Latin America,2020,1301.4,18.6,4675.1,-2.3,50.7,82.5,32.0,37.6,81029.6,81029.6,162059.3,62.26340863685262,62.26340863685262,124.52689411403102,50.699999999999996,-0.023192974555280244
306,Company_306,Healthcare,Latin America,2021,1369.2,17.3,4616.9,5.2,51.7,84.5,34.5,36.2,83343.9,83343.9,166687.8,60.87050832602979,60.87050832602979,121.74101665205959,51.73333333333333,0.05209774089442143
306,Company_306,Healthcare,Latin America,2022,1304.3,17.7,3289.2,-4.7,51.6,84.0,33.9,37.1,79851.0,79851.0,159702.0,61.221344782642035,61.221344782642035,122.44268956528407,51.666666666666664,-0.04739994157172078
306,Company_306,Healthcare,Latin America,2023,1161.7,15.9,2868.4,-10.9,53.6,85.1,34.2,41.4,70238.5,70238.5,140476.9,60.46182319015236,60.46182319015236,120.92356029956098,53.56666666666666,-0.10933067545810005
306,Company_306,Healthcare,Latin America,2024,1384.8,13.2,3150.6,19.2,52.0,82.2,34.0,39.9,86448.0,86448.0,172895.9,62.426343154246105,62.426343154246105,124.85261409589832,52.03333333333333,0.19204613927864322
306,Company_306,Healthcare,Latin America,2025,1332.8,14.4,4012.4,-3.8,52.5,82.3,34.8,40.3,83178.6,83178.6,166357.3,62.408913565426175,62.408913565426175,124.81790216086434,52.46666666666666,-0.037550548815713514
307,Company_307,Finance,Middle East,2015,2904.2,19.2,5135.1,12.4,59.0,99.9,73.7,3.5,29071.2,14535.6,72678.0,10.01005440396667,5.005027201983335,25.025136009916675,59.03333333333334,
307,Company_307,Finance,Middle East,2016,3213.3,18.4,8688.8,10.6,58.6,100.0,72.0,3.6,32133.2,16066.6,80333.0,10.000062241309557,5.0000311206547785,25.000155603273893,58.53333333333333,0.10643206390744453
307,Company_307,Finance,Middle East,2017,3790.0,18.0,12584.7,17.9,59.1,100.0,72.7,4.5,37899.6,18949.8,94749.0,9.999894459102903,4.999947229551451,24.999736147757257,59.06666666666666,0.17947281610805077
307,Company_307,Finance,Middle East,2018,4614.7,17.7,13670.2,21.8,59.2,98.8,72.9,5.9,46952.4,23476.2,117381.1,10.174529221834574,5.087264610917287,25.436344724467464,59.199999999999996,0.2175989445910289
307,Company_307,Finance,Middle East,2019,5564.4,19.8,9867.0,20.6,59.8,97.1,73.9,8.3,57871.4,28935.7,144678.5,10.400294730788586,5.200147365394293,26.000736826971462,59.76666666666667,0.20579886016425775
307,Company_307,Finance,Middle East,2020,7064.0,21.3,26518.8,27.0,61.2,100.0,75.8,7.8,70640.3,35320.1,176600.7,10.000042468856172,5.00001415628539,25.000099093997736,61.20000000000001,0.26949895765940624
307,Company_307,Finance,Middle East,2021,7363.7,20.5,12281.8,4.2,62.4,100.0,78.5,8.7,73637.1,36818.5,184092.7,10.000013580129556,5.0,25.000027160259112,62.4,0.04242638731596826
307,Company_307,Finance,Middle East,2022,8130.0,20.6,20437.6,10.4,64.5,100.0,80.2,13.4,81300.4,40650.2,203251.1,10.000049200492004,5.000024600246002,25.000135301353016,64.53333333333333,0.10406453277564265
307,Company_307,Finance,Middle East,2023,9007.9,19.6,22692.8,10.8,65.9,100.0,81.2,16.4,90079.1,45039.6,225197.8,10.00001110136658,5.000011101366578,25.000033304099734,65.86666666666666,0.10798277982779814
307,Company_307,Finance,Middle East,2024,9256.3,20.0,26212.4,2.8,66.4,100.0,80.2,19.0,92563.2,46281.6,231408.0,10.000021606905568,5.000010803452784,25.00005401726392,66.39999999999999,0.027575794580312785
307,Company_307,Finance,Middle East,2025,10552.8,18.6,19437.4,14.0,67.6,100.0,81.6,21.2,105527.6,52763.8,263818.9,9.999962095368055,4.999981047684027,24.999895762262152,67.6,0.14006676533820217
308,Company_308,Finance,Asia,2015,2715.8,19.0,4526.4,-0.55,69.7,97.5,62.3,49.2,28117.9,14058.9,70294.7,10.353450180425657,5.176706679431475,25.883607040282786,69.66666666666667,
308,Company_308,Finance,Asia,2016,2433.7,18.8,4877.8,-10.4,71.3,99.5,60.7,53.5,24495.9,12247.9,61239.6,10.065291531413076,5.032625220857131,25.16316719398447,71.23333333333333,-0.10387362839678926
308,Company_308,Finance,Asia,2017,2554.7,16.8,4432.8,5.0,72.8,98.5,65.1,54.8,26079.7,13039.9,65199.3,10.208517634164481,5.10427838885192,25.521313657180887,72.8,0.049718535563134436
308,Company_308,Finance,Asia,2018,2517.0,14.5,6754.4,-1.5,72.0,96.9,67.0,52.1,26273.7,13136.9,65684.3,10.43849821215733,5.219268970997219,26.09626539531188,72.0,-0.014757114338278421
308,Company_308,Finance,Asia,2019,2744.4,11.4,3108.5,9.0,71.6,98.8,64.2,51.8,27924.1,13962.0,69810.1,10.174938055677014,5.087450808919982,25.437290482436964,71.60000000000001,0.09034564958283675
308,Company_308,Finance,Asia,2020,2478.1,12.2,2716.6,-9.7,70.2,99.9,60.1,50.5,24824.1,12412.0,62060.2,10.017392357047738,5.008676001775554,25.04346071587103,70.16666666666667,-0.09703396006413068
308,Company_308,Finance,Asia,2021,2427.3,13.8,3895.9,-2.1,68.5,96.9,59.3,49.2,25339.4,12669.7,63348.6,10.43933588761175,5.219667943805875,26.098380917068344,68.46666666666665,-0.02049957628828525
308,Company_308,Finance,Asia,2022,2524.6,14.9,4277.0,4.0,69.0,98.3,58.1,50.6,25851.5,12925.7,64628.6,10.239839974649449,5.119900182207083,25.599540521270697,69.0,0.04008569192106437
308,Company_308,Finance,Asia,2023,2452.6,14.0,5066.3,-2.9,69.2,98.3,59.3,50.0,25097.7,12548.9,62744.3,10.233099567805596,5.116570170431379,25.582769306042568,69.2,-0.028519369405054285
308,Company_308,Finance,Asia,2024,2700.9,13.3,5971.0,10.1,70.0,100.0,60.1,49.9,27009.1,13504.5,67522.7,10.000037024695471,5.0,25.000074049390943,70.0,0.10123950093778045
308,Company_308,Finance,Asia,2025,2711.8,11.9,4899.0,0.4,70.2,100.0,60.1,50.5,27117.5,13558.8,67793.9,9.99981562062099,4.9999262482483955,24.999594365366175,70.2,0.004035691806434816
309,Company_309,Transportation,North America,2015,1254.0,-2.9,4634.8,12.55,53.0,41.8,45.0,72.2,682474.4,113745.7,2274914.7,544.2379585326954,90.70629984051037,1814.1265550239236,53.0,
309,Company_309,Transportation,North America,2016,1433.6,-0.5,4577.8,14.3,53.6,43.6,44.2,73.0,769487.1,128247.8,2564956.9,536.7516043526786,89.45856584821429,1789.1719447544642,53.6,0.14322169059011158
309,Company_309,Transportation,North America,2017,1874.8,-1.9,5357.1,30.8,56.1,48.3,47.8,72.1,969564.0,161594.0,3231880.1,517.1559633027523,86.19266055045871,1723.8532643481972,56.06666666666666,0.3077566964285714
309,Company_309,Transportation,North America,2018,2070.3,-0.8,9307.8,10.4,56.1,48.8,45.6,74.0,1066673.4,177778.9,3555578.2,515.22648891465,85.871081485775,1717.421726319857,56.13333333333333,0.10427778963089418
309,Company_309,Transportation,North America,2019,2521.0,3.6,1323.9,21.8,55.9,48.1,47.8,71.9,1305681.5,217613.6,4352271.8,517.9220547401825,86.32034906783022,1726.4069020230068,55.93333333333334,0.21769791817610962
309,Company_309,Transportation,North America,2020,2948.1,1.1,270.2,16.9,56.0,44.7,50.5,72.7,1569116.4,261519.4,5230388.0,532.2466673450697,88.70777789084495,1774.155557816899,55.96666666666667,0.16941689805632687
309,Company_309,Transportation,North America,2021,2891.4,1.9,988.9,-1.9,57.8,45.9,50.6,76.8,1524501.3,254083.6,5081671.1,527.2536833367918,87.8756311821263,1757.512312374628,57.76666666666667,-0.01923272616261318
309,Company_309,Transportation,North America,2022,3159.9,1.7,650.3,9.3,57.8,46.2,53.3,73.8,1662116.7,277019.5,5540389.1,526.0029431311117,87.66717301180417,1753.3431754169435,57.76666666666667,0.09286158954139867
309,Company_309,Transportation,North America,2023,3477.7,1.1,609.8,10.1,59.1,47.0,58.1,72.2,1817852.1,302975.3,6059506.9,522.7167668286512,87.11944676079018,1742.389194007534,59.1,0.1005728029368016
309,Company_309,Transportation,North America,2024,4259.9,1.7,1225.2,22.5,61.2,48.0,61.7,73.9,2208996.0,368166.0,7363320.0,518.5558346440058,86.42597244066764,1728.5194488133525,61.20000000000001,0.22491876815136447
309,Company_309,Transportation,North America,2025,4719.9,6.3,2410.7,10.8,62.4,46.4,63.1,77.8,2479335.7,413222.6,8264452.3,525.2941164007713,87.54901586898028,1750.9803809402742,62.43333333333334,0.10798375548721806
310,Company_310,Energy,Africa,2015,1150.9,10.7,1147.7,12.45,41.0,61.3,39.4,22.2,887205.9,266161.8,8872058.6,770.8800938396038,231.2640542184377,7708.800590841949,40.96666666666666,
310,Company_310,Energy,Africa,2016,1378.4,6.8,851.1,19.8,42.7,61.5,41.9,24.8,1061008.7,318302.6,10610086.7,769.7393354614045,230.92179338363317,7697.3931369704,42.73333333333334,0.1976713876096967
310,Company_310,Energy,Africa,2017,1543.4,8.0,1513.6,12.0,45.9,66.5,44.5,26.6,1133105.8,339931.7,11331058.1,734.1621096280938,220.2486069716211,7341.621161072955,45.86666666666667,0.11970400464306441
310,Company_310,Energy,Africa,2018,1824.4,16.5,5664.6,18.2,47.0,70.6,43.5,27.0,1287913.7,386374.1,12879137.1,705.9382262661696,211.78146239859677,7059.382317474237,47.03333333333333,0.18206556952183495
310,Company_310,Energy,Africa,2019,2060.1,19.2,7904.5,12.9,47.8,71.0,43.9,28.4,1448407.4,434522.2,14484073.9,703.0762584340566,210.9228678219504,7030.762535799234,47.76666666666667,0.12919315939486942
310,Company_310,Energy,Africa,2020,1985.8,21.1,6691.5,-3.6,48.1,70.6,45.8,27.8,1401517.0,420455.1,14015169.6,705.7694631886394,211.73083895659178,7057.694430456239,48.06666666666666,-0.036066210378136954
310,Company_310,Energy,Africa,2021,1975.8,18.3,5188.2,-0.5,49.2,71.4,50.3,25.9,1383328.5,414998.6,13833285.3,700.1358943212877,210.04079360259135,7001.359095050107,49.199999999999996,-0.005035753852351665
310,Company_310,Energy,Africa,2022,2356.2,28.8,6972.6,19.3,51.7,70.8,52.9,31.2,1659055.9,497716.8,16590558.6,704.1235463882523,211.23707664884137,7041.235294117648,51.633333333333326,0.19252960825994525
310,Company_310,Energy,Africa,2023,2461.4,27.0,11370.6,4.5,51.6,69.6,51.8,33.5,1754849.5,526454.8,17548494.6,712.9477126838384,213.8842934915089,7129.476964329244,51.633333333333326,0.04464816229522128
310,Company_310,Energy,Africa,2024,2831.9,30.2,13912.3,15.1,50.2,69.8,50.6,30.3,2014442.0,604332.6,20144420.1,711.3393834528055,213.40181503584165,7113.393869840037,50.23333333333334,0.1505240919801738
310,Company_310,Energy,Africa,2025,2858.9,33.7,13109.4,1.0,53.3,71.9,55.2,32.7,1992296.0,597688.8,19922960.1,696.8750218615551,209.06250655846657,6968.75025359404,53.26666666666667,0.009534234965923982
311,Company_311,Consumer Goods,Middle East,2015,5644.7,13.7,19058.5,2.8499999999999996,7.4,2.7,14.7,4.7,1333315.1,1666643.9,6666575.7,236.20654773504353,295.25818909773767,1181.0327741066842,7.366666666666666,
311,Company_311,Consumer Goods,Middle East,2016,5933.8,16.9,19235.8,5.1,6.3,0.0,14.5,4.4,1424114.4,1780143.0,7120571.9,240.00040446257034,300.00050557821294,1200.0020054602446,6.3,0.05121618509398207
311,Company_311,Consumer Goods,Middle East,2017,5494.2,19.4,18140.1,-7.4,7.2,2.7,12.6,6.1,1297656.4,1622070.5,6488282.2,236.18659677478067,295.23324596847584,1180.9330202759274,7.133333333333333,-0.07408406080420649
311,Company_311,Consumer Goods,Middle East,2018,5858.3,15.5,17380.5,6.6,8.9,5.5,13.0,8.3,1361054.2,1701317.8,6805271.2,232.32920813205195,290.4115186999642,1161.6460747998567,8.933333333333334,0.06626988460558403
311,Company_311,Consumer Goods,Middle East,2019,6623.1,13.8,10630.1,13.1,8.5,6.6,11.6,7.4,1528686.0,1910857.4,7643429.8,230.8112515287403,288.51404931225557,1154.0562274463618,8.533333333333333,0.1305498182066469
311,Company_311,Consumer Goods,Middle East,2020,6665.6,14.9,23032.9,0.6,9.7,8.5,13.0,7.4,1520326.8,1900408.5,7601633.9,228.08551368218914,285.1068921027364,1140.4275534085455,9.633333333333333,0.006416934668055818
311,Company_311,Consumer Goods,Middle East,2021,5845.2,14.2,12225.7,-12.3,9.6,10.6,10.0,8.4,1316367.6,1645459.5,6581837.9,225.20488606035724,281.50610757544655,1126.0244131937318,9.666666666666666,-0.12307969275084019
311,Company_311,Consumer Goods,Middle East,2022,6186.9,15.1,19491.8,5.8,12.5,12.5,14.3,10.9,1376525.6,1720657.0,6882628.2,222.4903586610419,278.1129483263024,1112.4518256315764,12.566666666666668,0.05845822213097929
311,Company_311,Consumer Goods,Middle East,2023,6022.5,14.4,19587.6,-2.7,12.9,13.4,15.8,9.4,1332769.6,1665962.0,6663848.1,221.298397675384,276.62299709422996,1106.49200498132,12.866666666666667,-0.026572273675023017
311,Company_311,Consumer Goods,Middle East,2024,6765.1,13.4,15997.0,12.3,12.7,12.0,13.9,12.1,1510068.4,1887585.5,7550342.1,223.2144979379462,279.0181224224328,1116.0725044714784,12.666666666666666,0.12330427563304291
311,Company_311,Consumer Goods,Middle East,2025,6459.0,11.4,12785.6,-4.5,14.3,15.3,15.5,11.9,1411633.8,1764542.3,7058169.2,218.55299581978636,273.19125251586934,1092.7650100634773,14.233333333333334,-0.045246929091957266
312,Company_312,Consumer Goods,Europe,2015,518.4,11.0,627.7,-1.6,53.4,7.0,62.4,90.7,119331.7,149164.6,596658.6,230.1923225308642,287.74035493827165,1150.9618055555557,53.366666666666674,
312,Company_312,Consumer Goods,Europe,2016,462.7,8.3,782.6,-10.8,52.9,6.4,59.6,92.8,106896.8,133620.9,534483.8,231.02831208126216,288.78517397881996,1155.1411281607955,52.93333333333334,-0.107445987654321
312,Company_312,Consumer Goods,Europe,2017,457.4,6.7,481.9,-1.1,51.7,4.3,57.5,93.2,106984.4,133730.5,534922.2,233.89680804547442,292.37101005684303,1169.4844774814167,51.666666666666664,-0.011454506159498612
312,Company_312,Consumer Goods,Europe,2018,444.3,5.9,322.0,-2.9,50.8,6.1,53.5,92.7,102809.3,128511.6,514046.4,231.3961287418411,289.2451046590142,1156.9804186360568,50.76666666666667,-0.028640139921294216
312,Company_312,Consumer Goods,Europe,2019,472.7,6.1,619.7,6.4,52.3,5.6,57.5,93.9,109750.1,137187.6,548750.3,232.17706790776393,290.2212819970383,1160.884916437487,52.333333333333336,0.06392077425163167
312,Company_312,Consumer Goods,Europe,2020,418.6,3.0,165.6,-11.4,51.3,5.9,56.4,91.7,97013.0,121266.3,485065.2,231.75585284280936,289.6949354992833,1158.7797419971332,51.333333333333336,-0.11444891051406803
312,Company_312,Consumer Goods,Europe,2021,419.2,3.3,235.2,0.1,51.2,6.6,54.8,92.3,96729.7,120912.1,483648.3,230.74833015267174,288.4353530534351,1153.7411736641222,51.23333333333333,0.0014333492594360564
312,Company_312,Consumer Goods,Europe,2022,407.2,4.6,328.1,-2.8,52.7,9.7,54.3,94.0,92210.5,115263.2,461052.7,226.45014734774068,283.0628683693517,1132.251227897839,52.666666666666664,-0.028625954198473247
312,Company_312,Consumer Goods,Europe,2023,398.5,6.1,377.7,-2.1,52.8,11.4,50.7,96.2,89272.7,111590.8,446363.3,224.02183186951066,280.0271016311167,1120.1086574654955,52.76666666666667,-0.02136542239685657
312,Company_312,Consumer Goods,Europe,2024,395.0,5.6,249.7,-0.9,52.8,13.8,51.0,93.8,87185.7,108982.1,435928.5,220.7232911392405,275.90405063291144,1103.6164556962026,52.86666666666667,-0.008782936010037656
312,Company_312,Consumer Goods,Europe,2025,390.5,2.0,165.4,-1.1,53.3,12.1,50.8,96.9,87096.9,108871.1,435484.3,223.0394366197183,278.7992317541613,1115.1966709346991,53.26666666666667,-0.011392405063291089
313,Company_313,Utilities,Europe,2015,585.3,7.5,444.5,1.65,69.3,70.8,61.6,75.6,329826.6,206141.6,3298266.0,563.5171706817017,352.19818896292503,5635.171706817017,69.33333333333333,
313,Company_313,Utilities,Europe,2016,550.7,6.8,350.8,-5.9,67.6,66.9,59.7,76.2,322262.2,201413.9,3222622.4,585.1864899219175,365.74160159796617,5851.865625567459,67.60000000000001,-0.059114983769007146
313,Company_313,Utilities,Europe,2017,583.2,9.0,451.1,5.9,68.8,68.4,61.9,76.1,336324.7,210202.9,3363247.0,576.6884430727023,360.4302126200274,5766.884430727023,68.8,0.059015798075177095
313,Company_313,Utilities,Europe,2018,591.5,7.0,591.6,1.4,70.3,72.3,63.9,74.6,328244.4,205152.8,3282444.4,554.9355874894337,346.83482671174977,5549.356551141166,70.26666666666667,0.014231824417009431
313,Company_313,Utilities,Europe,2019,579.7,8.4,556.5,-2.0,71.8,73.3,67.3,74.7,318574.6,199109.2,3185746.4,549.5508021390374,343.46938071416247,5495.508711402449,71.76666666666667,-0.019949281487742998
313,Company_313,Utilities,Europe,2020,590.7,6.8,540.1,1.9,72.3,74.7,69.5,72.9,320131.6,200082.2,3201316.0,541.9529371931606,338.72050110038936,5419.529371931606,72.36666666666666,0.018975332068311257
313,Company_313,Utilities,Europe,2021,651.0,9.2,589.3,10.2,74.0,77.0,69.2,75.7,344443.6,215277.2,3444436.0,529.0992319508448,330.68694316436256,5290.992319508448,73.96666666666665,0.10208227526663283
313,Company_313,Utilities,Europe,2022,682.5,11.2,912.2,4.8,73.5,75.4,70.0,75.0,366962.6,229351.6,3669626.1,537.6741391941391,336.0463003663004,5376.741538461539,73.46666666666667,0.048387096774193505
313,Company_313,Utilities,Europe,2023,699.3,11.0,839.1,2.5,72.8,75.8,68.7,74.0,374387.3,233992.1,3743873.4,535.3743743743744,334.6090376090376,5353.744315744316,72.83333333333333,0.024615384615384484
313,Company_313,Utilities,Europe,2024,653.3,7.6,592.0,-6.6,73.0,76.6,70.5,71.9,346959.6,216849.7,3469595.6,531.087708556559,331.92974131333233,5310.876473289454,73.0,-0.06578006578006579
313,Company_313,Utilities,Europe,2025,649.9,8.4,631.9,-0.5,76.5,79.3,74.9,75.2,335362.0,209601.2,3353619.5,516.0209262963533,322.5130020003078,5160.208493614402,76.46666666666665,-0.005204347160569389
314,Company_314,Consumer Goods,Latin America,2015,472.8,12.2,596.2,3.0,50.1,5.5,86.2,58.5,109807.7,137259.7,549038.7,232.24978849407782,290.3123942470389,1161.2493654822333,50.06666666666666,
314,Company_314,Consumer Goods,Latin America,2016,471.9,9.1,611.1,-0.2,50.7,4.7,89.5,58.0,110174.6,137718.3,550873.0,233.47022674295403,291.8378893833439,1167.3511337147702,50.73333333333333,-0.0019035532994924331
314,Company_314,Consumer Goods,Latin America,2017,473.9,10.0,708.3,0.4,53.6,7.0,92.1,61.8,109100.4,136375.5,545501.9,230.2181894914539,287.7727368643174,1151.0907364422876,53.633333333333326,0.004238186056367832
314,Company_314,Consumer Goods,Latin America,2018,565.2,12.1,1456.6,19.3,54.2,9.0,90.1,63.6,128508.3,160635.4,642541.7,227.36783439490443,284.20983722576074,1136.8395258315638,54.23333333333333,0.19265667862418256
314,Company_314,Consumer Goods,Latin America,2019,621.7,14.6,1292.9,10.0,55.1,11.6,89.3,64.3,139078.0,173847.4,695389.8,223.70596750844456,279.6322985362715,1118.5295158436545,55.06666666666666,0.09996461429582437
314,Company_314,Consumer Goods,Latin America,2020,637.5,14.3,1926.9,2.5,55.6,12.1,90.7,64.0,142212.4,177765.5,711061.9,223.07827450980392,278.8478431372549,1115.3912156862746,55.6,0.025414186906868252
314,Company_314,Consumer Goods,Latin America,2021,701.5,11.2,1058.9,10.1,55.3,11.4,89.4,65.2,157158.6,196448.3,785793.2,224.03221667854598,280.04034212401996,1120.1613684960798,55.333333333333336,0.10039215686274505
314,Company_314,Consumer Goods,Latin America,2022,786.7,13.0,2111.5,12.1,58.6,11.9,95.9,68.1,175724.9,219656.1,878624.5,223.3696453540104,279.21202491419854,1116.848226770052,58.63333333333333,0.12145402708481834
314,Company_314,Consumer Goods,Latin America,2023,802.6,14.5,1578.5,2.0,57.8,13.0,94.2,66.3,178009.8,222512.3,890049.2,221.79142785945675,277.23934712185394,1108.9573884874158,57.833333333333336,0.020211008008135245
314,Company_314,Consumer Goods,Latin America,2024,739.4,11.7,960.1,-7.9,57.1,14.8,89.5,66.9,162139.1,202673.9,810695.4,219.28469028942388,274.1058966729781,1096.4233162023263,57.06666666666666,-0.07874408173436342
314,Company_314,Consumer Goods,Latin America,2025,765.6,14.5,1586.2,3.5,59.6,21.7,89.8,67.4,160509.8,200637.3,802549.1,209.65229885057468,262.0654388714733,1048.2616248693835,59.63333333333333,0.03543413578577237
315,Company_315,Utilities,Asia,2015,1432.8,12.4,1752.5,-7.8999999999999995,54.7,62.4,75.4,26.3,874579.1,546611.9,8745791.1,610.3985901730877,381.4990926856505,6103.985971524288,54.70000000000001,
315,Company_315,Utilities,Asia,2016,1326.0,14.0,1702.8,-7.5,58.8,64.8,79.1,32.5,791656.1,494785.0,7916560.7,597.0257164404223,373.14102564102564,5970.25693815988,58.79999999999999,-0.07453936348408707
315,Company_315,Utilities,Asia,2017,1180.6,14.9,1423.9,-11.0,57.8,64.3,79.4,29.7,708356.4,442722.8,7083564.1,599.9969507030324,374.998136540742,5999.969591733017,57.79999999999999,-0.10965309200603324
315,Company_315,Utilities,Asia,2018,1002.8,17.1,1943.2,-15.1,58.3,65.8,80.4,28.8,592987.5,370617.2,5929874.9,591.331771041085,369.58236936577583,5913.317610690068,58.333333333333336,-0.1506013891241741
315,Company_315,Utilities,Asia,2019,944.6,18.5,1943.1,-5.8,59.9,64.8,82.4,32.5,563876.2,352422.6,5638762.0,596.9470675418165,373.0918907474063,5969.470675418166,59.9,-0.05803749501396083
315,Company_315,Utilities,Asia,2020,872.7,16.9,1716.9,-7.6,60.4,65.0,81.0,35.3,520313.5,325195.9,5203134.6,596.2111836828234,372.6319468316718,5962.111378480577,60.43333333333334,-0.07611687486766883
315,Company_315,Utilities,Asia,2021,867.5,14.4,1604.3,-0.6,62.5,68.1,78.8,40.5,501706.4,313566.5,5017063.6,578.3359077809798,361.4599423631124,5783.358616714697,62.46666666666666,-0.00595851953706894
315,Company_315,Utilities,Asia,2022,772.4,16.2,1578.1,-11.0,63.3,69.8,79.2,40.9,439474.0,274671.3,4394740.1,568.9720352149145,355.6075867426204,5689.720481615743,63.300000000000004,-0.10962536023054759
315,Company_315,Utilities,Asia,2023,695.6,16.2,1645.3,-9.9,62.6,70.8,76.4,40.5,391774.2,244858.9,3917742.1,563.2176538240368,352.0110695802185,5632.17668200115,62.56666666666666,-0.09943034697048159
315,Company_315,Utilities,Asia,2024,638.3,15.9,1108.8,-8.2,61.4,68.4,75.5,40.3,368303.6,230189.7,3683035.9,577.0070499765001,360.6293279022404,5770.070343098857,61.4,-0.08237492811960911
315,Company_315,Utilities,Asia,2025,685.6,15.8,1420.6,7.4,62.2,67.7,78.8,40.2,398267.2,248917.0,3982672.5,580.9031505250875,363.0644690781797,5809.03223453909,62.23333333333333,0.07410308632304563
316,Company_316,Healthcare,Africa,2015,8657.0,13.0,25582.7,12.6,49.2,67.7,32.6,47.4,628483.0,628483.0,1256965.9,72.59824419544877,72.59824419544877,145.1964768395518,49.23333333333334,
316,Company_316,Healthcare,Africa,2016,9836.1,10.9,18171.5,13.6,50.6,70.1,33.2,48.6,697751.6,697751.6,1395503.3,70.93783105092464,70.93783105092464,141.8756722684804,50.63333333333333,0.1362019175233915
316,Company_316,Healthcare,Africa,2017,9981.5,14.2,20617.9,1.5,52.4,69.3,37.5,50.4,713825.7,713825.7,1427651.4,71.51487251415118,71.51487251415118,143.02974502830236,52.4,0.01478228159534778
316,Company_316,Healthcare,Africa,2018,11581.4,17.0,34305.7,16.0,50.6,68.2,36.3,47.4,837111.1,837111.1,1674222.1,72.28064828086414,72.28064828086414,144.5612879271936,50.63333333333333,0.16028653008064908
316,Company_316,Healthcare,Africa,2019,12558.7,19.0,34110.3,8.4,49.3,66.8,35.6,45.6,919687.2,919687.2,1839374.5,73.2310828350068,73.2310828350068,146.46217363262122,49.333333333333336,0.08438530747578032
316,Company_316,Healthcare,Africa,2020,14022.8,17.6,46846.8,11.7,51.2,69.1,38.7,45.7,1004655.7,1004655.7,2009311.5,71.64444333513991,71.64444333513991,143.28889380152324,51.166666666666664,0.11658053779451683
316,Company_316,Healthcare,Africa,2021,16309.6,20.0,73136.4,16.3,52.2,70.7,37.9,47.9,1150272.9,1150272.9,2300545.7,70.5273519890126,70.5273519890126,141.054697846667,52.166666666666664,0.16307727415352158
316,Company_316,Healthcare,Africa,2022,17173.7,19.3,51205.2,5.3,54.3,70.0,42.3,50.7,1219914.2,1219914.2,2439828.5,71.03385991370526,71.03385991370526,142.06772565026756,54.333333333333336,0.05298106636582145
316,Company_316,Healthcare,Africa,2023,21670.5,18.4,96851.3,26.2,54.8,69.6,43.1,51.7,1544675.0,1544675.0,3089349.9,71.28008121640018,71.28008121640018,142.56015781823214,54.79999999999999,0.26184223551127594
316,Company_316,Healthcare,Africa,2024,23951.4,21.9,60846.6,10.5,52.9,67.2,41.4,50.0,1747549.5,1747549.5,3495098.9,72.96231118013978,72.96231118013978,145.92461818515827,52.86666666666667,0.10525368588634332
316,Company_316,Healthcare,Africa,2025,27189.4,21.7,66356.5,13.5,53.3,67.2,44.0,48.7,1984515.1,1984515.1,3969030.3,72.98855804100127,72.98855804100127,145.97711975990643,53.300000000000004,0.13519042728191244
317,Company_317,Technology,Middle East,2015,3500.9,17.1,12093.3,0.05,66.1,91.2,83.9,23.1,98340.0,59004.0,196680.0,28.089919734925303,16.853951840955183,56.179839469850606,66.06666666666668,
317,Company_317,Technology,Middle East,2016,3343.1,18.0,13356.6,-4.5,64.7,88.8,79.8,25.6,96711.9,58027.1,193423.8,28.928808590828872,17.357273189554604,57.857617181657744,64.73333333333333,-0.04507412379673803
317,Company_317,Technology,Middle East,2017,3863.1,22.3,19545.4,15.6,66.5,92.4,79.6,27.4,106791.7,64075.0,213583.4,27.644042349408505,16.5864202324558,55.28808469881701,66.46666666666667,0.15554425533187755
317,Company_317,Technology,Middle East,2018,3894.8,23.0,27325.0,0.8,69.6,95.0,81.1,32.6,104234.2,62540.5,208468.4,26.762401150251616,16.057435555099104,53.52480230050323,69.56666666666666,0.00820584504672417
317,Company_317,Technology,Middle East,2019,3904.0,21.1,22471.2,0.2,70.2,98.2,81.1,31.5,100091.9,60055.2,200183.9,25.63829405737705,15.382991803278689,51.27661372950819,70.26666666666667,0.0023621238574509373
317,Company_317,Technology,Middle East,2020,3750.9,22.8,19459.4,-3.9,71.5,99.1,79.6,35.8,94893.3,56936.0,189786.6,25.298808286011358,15.179290303660455,50.597616572022716,71.5,-0.03921618852459019
317,Company_317,Technology,Middle East,2021,3881.1,21.2,13432.1,3.5,73.5,100.0,81.0,39.3,97027.4,58216.4,194054.8,24.999974234108887,14.999974234108887,49.999948468217774,73.43333333333334,0.03471166919939206
317,Company_317,Technology,Middle East,2022,3675.7,22.1,25497.6,-5.3,73.9,99.7,80.4,41.5,92270.9,55362.6,184541.9,25.102946377560738,15.061784149957832,50.20591996082379,73.86666666666667,-0.052923140346808895
317,Company_317,Technology,Middle East,2023,3840.4,17.8,23423.7,4.5,75.2,100.0,82.2,43.5,96010.4,57606.2,192020.7,25.0001041558171,15.00005207790855,50.00018227267993,75.23333333333333,0.044807791713143086
317,Company_317,Technology,Middle East,2024,3836.2,15.6,11373.3,-0.1,75.9,98.5,85.2,44.0,97951.3,58770.8,195902.7,25.53341848704447,15.320056305719202,51.06686304155154,75.89999999999999,-0.0010936360795751332
317,Company_317,Technology,Middle East,2025,3696.6,15.8,11716.8,-3.6,77.2,100.0,88.7,43.0,92414.4,55448.6,184828.8,24.9998376886869,14.999891792457934,49.9996753773738,77.23333333333333,-0.0363901777800949
318,Company_318,Transportation,Europe,2015,881.8,10.6,892.0,-3.65,67.8,61.7,69.2,72.5,406515.8,67752.6,1355052.7,461.00680426400544,76.83442957586756,1536.6893853481515,67.8,
318,Company_318,Transportation,Europe,2016,841.4,11.0,1100.3,-4.6,68.6,62.1,71.0,72.9,386491.2,64415.2,1288304.1,459.34299976230096,76.55716662705015,1531.1434513905397,68.66666666666667,-0.04581537763665233
318,Company_318,Transportation,Europe,2017,702.3,11.6,1312.8,-16.5,71.1,64.1,73.3,75.9,316729.0,52788.2,1055763.5,450.98818168873703,75.16474441122028,1503.294176277944,71.1,-0.16531970525314954
318,Company_318,Transportation,Europe,2018,635.9,13.1,843.1,-9.5,72.5,67.0,73.0,77.5,278793.1,46465.5,929310.3,438.4228652303821,73.07045132882529,1461.4094983487971,72.5,-0.09454649010394411
318,Company_318,Transportation,Europe,2019,677.4,11.5,1311.4,6.5,73.1,69.5,74.3,75.5,290035.7,48339.3,966785.6,428.16017124298793,71.36005314437556,1427.2004723944494,73.10000000000001,0.06526183362163862
318,Company_318,Transportation,Europe,2020,705.5,13.3,1240.4,4.1,75.2,70.0,79.4,76.1,300405.0,50067.5,1001350.0,425.8043940467753,70.96739900779589,1419.3479801559179,75.16666666666667,0.041482137584883505
318,Company_318,Transportation,Europe,2021,702.8,14.8,1520.9,-0.4,75.1,68.9,78.9,77.6,302773.8,50462.3,1009245.9,430.81075697211156,71.80179282868527,1436.0357142857144,75.13333333333334,-0.0038270729978738816
318,Company_318,Transportation,Europe,2022,683.6,14.4,1886.9,-2.7,74.6,68.6,79.2,75.9,295091.7,49181.9,983639.0,431.6730544177882,71.94543592744294,1438.9101813926272,74.56666666666668,-0.027319294251565096
318,Company_318,Transportation,Europe,2023,614.2,10.1,1111.8,-10.2,76.4,68.0,82.2,78.9,266713.4,44452.2,889044.5,434.24519700423315,72.3741452295669,1447.4837186584173,76.36666666666666,-0.10152135751901692
318,Company_318,Transportation,Europe,2024,682.3,11.2,1354.2,11.1,76.6,70.1,82.9,76.9,290321.1,48386.8,967736.9,425.5035907958376,70.9171918510919,1418.3451560896967,76.63333333333334,0.11087593617714075
318,Company_318,Transportation,Europe,2025,637.8,4.7,426.8,-6.5,77.7,68.9,84.5,79.6,274569.7,45761.6,915232.2,430.49498275321423,71.74913766070868,1434.9830667920978,77.66666666666667,-0.06522057745859589
319,Company_319,Finance,Africa,2015,12065.1,22.3,43341.7,2.1,59.6,73.7,78.3,26.8,165106.5,82553.3,412766.3,13.684635850510977,6.842322069439955,34.21159377046191,59.6,
319,Company_319,Finance,Africa,2016,12806.8,25.7,37013.4,6.1,61.2,74.5,79.1,30.1,173722.2,86861.1,434305.4,13.564840553455978,6.782420276727989,33.91209357528813,61.23333333333333,0.06147483236773832
319,Company_319,Finance,Africa,2017,13274.9,26.8,64603.3,3.7,62.2,75.6,79.2,32.0,178149.7,89074.9,445374.3,13.4200408289328,6.7100241809731145,33.55010583883871,62.26666666666667,0.03655089483711782
319,Company_319,Finance,Africa,2018,14656.4,27.2,75095.3,10.4,61.8,75.0,78.9,31.5,197815.7,98907.8,494539.2,13.496881908244863,6.7484375426434875,33.74220135913321,61.800000000000004,0.10406858055427914
319,Company_319,Finance,Africa,2019,14119.4,27.0,74357.0,-3.7,61.5,75.8,77.7,31.0,189128.3,94564.2,472820.8,13.394924713514738,6.697465897984333,33.48731532501381,61.5,-0.036639283862340055
319,Company_319,Finance,Africa,2020,15190.8,28.1,50248.1,7.6,60.5,74.9,76.6,30.0,205359.1,102679.5,513397.7,13.518649445717145,6.759321431392685,33.796620322826975,60.5,0.0758814113914188
319,Company_319,Finance,Africa,2021,15265.3,30.1,73361.8,0.5,60.0,76.9,73.7,29.2,201989.4,100994.7,504973.4,13.231931242753172,6.615965621376586,33.079821556078166,59.93333333333334,0.004904284171998841
319,Company_319,Finance,Africa,2022,13898.2,26.4,58741.4,-9.0,60.8,77.7,73.9,30.9,182386.6,91193.3,455966.5,13.123037515649509,6.5615187578247545,32.80759378912377,60.83333333333334,-0.08955605196098326
319,Company_319,Finance,Africa,2023,12369.2,25.8,60161.6,-11.0,60.5,78.0,74.0,29.6,161859.7,80929.8,404649.2,13.085704815186107,6.542848365294441,32.71425799566666,60.53333333333333,-0.11001424644918045
319,Company_319,Finance,Africa,2024,12965.9,26.4,41175.4,4.8,61.3,80.0,73.0,31.0,165996.0,82998.0,414990.1,12.802505032431224,6.401252516215612,32.00627029361633,61.333333333333336,0.04824079164376016
319,Company_319,Finance,Africa,2025,12540.3,28.0,45272.4,-3.3,61.1,80.7,71.4,31.2,159353.6,79676.8,398384.1,12.707319601604429,6.353659800802214,31.768306978301954,61.1,-0.032824562891893394
320,Company_320,Technology,Middle East,2015,2424.6,16.3,13712.7,17.35,55.1,56.2,38.5,70.5,97750.4,58650.2,195500.7,40.31609337622701,24.189639528169593,80.6321455085375,55.06666666666666,
320,Company_320,Technology,Middle East,2016,2851.5,16.2,8237.1,17.6,55.8,55.5,37.9,73.8,115682.7,69409.6,231365.4,40.56906891109942,24.341434332807296,81.13813782219884,55.73333333333333,0.1760702796337541
320,Company_320,Technology,Middle East,2017,3286.4,17.9,15246.7,15.3,57.1,56.0,41.4,74.0,132795.3,79677.2,265590.7,40.40752799415774,24.24452288218111,80.8150864167478,57.13333333333333,0.15251621953357875
320,Company_320,Technology,Middle East,2018,3865.5,17.2,13173.2,17.6,57.3,58.4,38.8,74.8,152931.9,91759.1,305863.7,39.56329064804036,23.737964040874402,79.12655542620618,57.333333333333336,0.1762110516066211
320,Company_320,Technology,Middle East,2019,4734.3,20.2,19268.1,22.5,59.0,60.7,38.6,77.7,183505.4,110103.3,367010.9,38.76083053460913,23.256510994233572,77.52168219166508,59.0,0.22475746992627088
320,Company_320,Technology,Middle East,2020,5330.6,17.5,18617.2,12.6,58.9,60.2,37.3,79.3,207566.1,124539.6,415132.1,38.93859978238847,23.363148613664503,77.87718080516264,58.93333333333334,0.12595315041294386
320,Company_320,Technology,Middle East,2021,5798.6,22.1,28056.8,8.8,60.2,63.2,36.8,80.5,219746.8,131848.1,439493.6,37.89652674783568,22.737919497809816,75.79305349567136,60.166666666666664,0.08779499493490417
320,Company_320,Technology,Middle East,2022,6038.3,23.4,36149.5,4.1,61.3,66.3,36.0,81.6,222223.6,133334.2,444447.2,36.80234503088618,22.081413642912743,73.60469006177236,61.29999999999999,0.041337564239644076
320,Company_320,Technology,Middle East,2023,7225.4,22.0,53178.9,19.7,61.8,65.7,37.9,81.9,267420.4,160452.3,534840.9,37.01115509175963,22.206701359094307,74.02232402358348,61.833333333333336,0.19659506814831973
320,Company_320,Technology,Middle East,2024,8666.9,21.7,63118.8,20.0,62.8,68.3,38.0,82.2,312924.2,187754.5,625848.5,36.105666385904996,21.663397523912817,72.2113443099609,62.833333333333336,0.1995045257009993
320,Company_320,Technology,Middle East,2025,10151.2,24.6,66281.3,17.1,63.7,68.6,39.1,83.3,365400.8,219240.5,730801.5,35.99582315391284,21.59749586255812,71.99163645677358,63.666666666666664,0.17126077374839932
321,Company_321,Energy,Africa,2015,1914.9,9.6,2175.4,9.85,51.4,54.9,69.5,29.8,1562235.1,468670.5,15622351.0,815.8311661183352,244.7493341688861,8158.311661183351,51.400000000000006,
321,Company_321,Energy,Africa,2016,2054.4,8.7,2346.4,7.3,52.0,55.4,69.0,31.6,1668590.3,500577.1,16685903.2,812.2032223520249,243.6609715732087,8122.032320872273,52.0,0.07284975716747621
321,Company_321,Energy,Africa,2017,2131.8,7.3,2523.1,3.8,51.9,57.7,66.9,31.1,1696554.5,508966.4,16965545.3,795.8319260718641,238.74960127591706,7958.319401444788,51.900000000000006,0.03767523364485981
321,Company_321,Energy,Africa,2018,2149.0,9.5,2011.1,0.8,54.9,60.0,70.6,34.2,1675644.5,502693.4,16756445.0,779.7322010237319,233.91968357375524,7797.32201023732,54.93333333333334,0.008068299089970754
321,Company_321,Energy,Africa,2019,2367.0,5.1,1338.0,10.1,55.5,64.1,70.7,31.8,1778786.3,533635.9,17787862.9,751.4940008449514,225.4482044782425,7514.939966201943,55.53333333333334,0.10144253140995807
321,Company_321,Energy,Africa,2020,2513.2,1.9,947.7,6.2,57.0,69.4,72.1,29.5,1795789.8,538736.9,17957897.9,714.5431322616586,214.36292376253385,7145.431282826675,57.0,0.06176594845796357
321,Company_321,Energy,Africa,2021,2946.8,4.6,1762.3,17.3,58.2,68.1,74.7,31.8,2131766.6,639530.0,21317665.5,723.4174697977467,217.0252477263472,7234.174528301886,58.20000000000001,0.17252904663377389
321,Company_321,Energy,Africa,2022,3228.8,10.3,2773.8,9.6,58.3,68.2,75.8,30.9,2333336.2,700000.8,23333361.6,722.6635901883053,216.79905847373638,7226.635777998018,58.300000000000004,0.09569702728383334
321,Company_321,Energy,Africa,2023,3605.9,10.0,4785.9,11.7,59.6,72.8,74.9,31.1,2488729.7,746618.9,24887296.6,690.1826728417317,207.05479907928674,6901.826617488006,59.599999999999994,0.11679261645193262
321,Company_321,Energy,Africa,2024,4412.0,13.4,6988.6,22.4,59.4,72.4,76.3,29.4,3057445.5,917233.7,30574455.2,692.9840208522212,207.89521758839527,6929.840253853127,59.36666666666667,0.22355029257605596
321,Company_321,Energy,Africa,2025,4923.2,13.2,6318.7,11.6,58.0,71.8,76.6,25.8,3435158.0,1030547.4,34351580.4,697.7490250243744,209.32470750731233,6977.490331491713,58.06666666666666,0.11586582048957395
322,Company_322,Consumer Goods,Middle East,2015,1328.2,5.8,1657.2,6.9,44.8,60.7,39.4,34.2,205958.3,257447.8,1029791.3,155.06572805300405,193.83210359885558,775.3284896852883,44.76666666666667,
322,Company_322,Consumer Goods,Middle East,2016,1429.1,6.1,1949.7,7.6,44.8,63.3,37.2,34.0,216311.6,270389.5,1081558.1,151.3621160170737,189.2026450213421,756.8106500594781,44.833333333333336,0.0759674747778949
322,Company_322,Consumer Goods,Middle East,2017,1469.7,5.9,1282.3,2.8,45.5,66.8,34.4,35.3,215278.5,269098.2,1076392.7,146.47785262298427,183.09736680955297,732.389399197115,45.5,0.02840948848925917
322,Company_322,Consumer Goods,Middle East,2018,1432.5,3.9,1235.3,-2.5,46.5,68.0,35.2,36.2,207512.2,259390.3,1037561.2,144.86017452006982,181.0752530541012,724.3010122164048,46.46666666666667,-0.025311288017962896
322,Company_322,Consumer Goods,Middle East,2019,1260.7,4.6,1106.1,-12.0,48.0,67.9,37.2,38.9,182793.2,228491.5,913965.9,144.9934163559927,181.24177044499086,724.9670024589514,48.0,-0.11993019197207677
322,Company_322,Consumer Goods,Middle East,2020,1477.1,2.2,780.0,17.2,48.2,69.3,38.6,36.8,211189.5,263986.9,1055947.5,142.97576332001896,178.71972107507958,714.8788166000949,48.23333333333333,0.17165067026255243
322,Company_322,Consumer Goods,Middle East,2021,1754.8,1.9,359.4,18.8,48.8,70.0,37.5,38.9,249064.0,311330.0,1245320.2,141.93298381581948,177.41622976977433,709.6650330521996,48.800000000000004,0.1880035204116175
322,Company_322,Consumer Goods,Middle East,2022,1928.9,1.3,419.9,9.9,49.3,72.2,36.0,39.6,267962.9,334953.6,1339814.6,138.92005806418166,173.65005961947222,694.6003421639276,49.26666666666667,0.09921358559379989
322,Company_322,Consumer Goods,Middle East,2023,2007.8,0.6,183.8,4.1,48.0,72.4,33.8,37.7,278358.9,347948.6,1391794.4,138.63875884052197,173.29843609921306,693.1937443968523,47.96666666666667,0.040904142257244924
322,Company_322,Consumer Goods,Middle East,2024,2185.6,0.8,409.4,8.9,50.1,74.5,35.6,40.1,296508.7,370635.9,1482543.7,135.6646687408492,169.5808473645681,678.3234352122987,50.06666666666666,0.0885546369160275
322,Company_322,Consumer Goods,Middle East,2025,2321.6,0.4,104.2,6.2,50.8,75.2,35.8,41.3,312802.7,391003.4,1564013.5,134.73582873880085,168.41979669193663,673.6791436940042,50.76666666666667,0.0622254758418741
323,Company_323,Healthcare,Europe,2015,1988.2,19.1,8716.0,7.85,75.6,53.4,91.7,81.6,164276.4,164276.4,328552.7,82.6256915803239,82.6256915803239,165.251332863897,75.56666666666666,
323,Company_323,Healthcare,Europe,2016,2095.0,19.1,5392.5,5.4,76.0,57.3,91.8,79.0,167361.3,167361.3,334722.6,79.88606205250596,79.88606205250596,159.77212410501193,76.03333333333333,0.05371692988632937
323,Company_323,Healthcare,Europe,2017,2278.4,18.4,10199.8,8.8,76.3,58.8,90.0,80.1,179629.3,179629.3,359258.5,78.84010709269663,78.84010709269663,157.68017029494382,76.3,0.08754176610978526
323,Company_323,Healthcare,Europe,2018,2522.0,20.1,12232.1,10.7,75.2,59.1,86.1,80.5,198232.3,198232.3,396464.6,78.60122918318794,78.60122918318794,157.20245836637588,75.23333333333333,0.10691713483146059
323,Company_323,Healthcare,Europe,2019,2463.5,17.8,5791.2,-2.3,77.4,62.3,90.6,79.2,188210.1,188210.1,376420.3,76.39947229551451,76.39947229551451,152.79898518368174,77.36666666666666,-0.023195876288659822
323,Company_323,Healthcare,Europe,2020,2663.7,16.5,5153.7,8.1,78.5,64.2,88.4,83.0,199847.3,199847.3,399694.5,75.02620415211923,75.02620415211923,150.05237076247326,78.53333333333335,0.08126649076517145
323,Company_323,Healthcare,Europe,2021,2865.6,15.2,9397.3,7.6,79.4,62.1,91.5,84.5,219212.7,219212.7,438425.5,76.4980108877722,76.4980108877722,152.99605667225015,79.36666666666666,0.07579682396666287
323,Company_323,Healthcare,Europe,2022,2906.2,16.0,10296.8,1.4,81.9,64.8,95.6,85.3,216978.9,216978.9,433957.8,74.66069093661827,74.66069093661827,149.32138187323653,81.89999999999999,0.014168062534896775
323,Company_323,Healthcare,Europe,2023,3197.7,16.8,12680.3,10.0,83.7,67.5,95.8,87.7,232575.1,232575.1,465150.2,72.73199487131376,72.73199487131376,145.46398974262752,83.66666666666667,0.10030280090840282
323,Company_323,Healthcare,Europe,2024,3536.4,17.0,13685.0,10.6,83.8,67.9,97.3,86.2,256258.9,256258.9,512517.8,72.46321117520642,72.46321117520642,144.92642235041285,83.8,0.10591987991368801
323,Company_323,Healthcare,Europe,2025,3721.2,19.1,11452.6,5.2,85.5,70.4,100.0,86.1,263194.0,263194.0,526388.0,70.72825970117167,70.72825970117167,141.45651940234333,85.5,0.052256532066508266
324,Company_324,Energy,Middle East,2015,2516.0,14.7,6370.8,3.3,60.5,83.6,31.1,66.6,1546360.0,463908.0,15463599.9,614.610492845787,184.3831478537361,6146.1048887122415,60.43333333333333,
324,Company_324,Energy,Middle East,2016,2760.0,12.9,6957.2,9.7,61.6,84.0,32.8,67.9,1689091.7,506727.5,16890916.7,611.9897463768116,183.59692028985506,6119.897355072463,61.56666666666666,0.09697933227345001
324,Company_324,Energy,Middle East,2017,2667.3,8.2,3541.9,-3.4,63.1,84.9,35.5,68.8,1614703.7,484411.1,16147037.2,605.3701120983766,181.61102988040338,6053.701195965958,63.06666666666666,-0.03358695652173904
324,Company_324,Energy,Middle East,2018,3003.7,17.8,7101.5,12.6,64.0,87.2,35.9,69.0,1771880.5,531564.1,17718804.7,589.899290874588,176.96977061623997,5898.992808869061,64.03333333333333,0.1261200464889587
324,Company_324,Energy,Middle East,2019,2879.2,13.7,4491.1,-4.1,64.8,92.0,34.4,67.9,1601269.4,480380.8,16012694.1,556.1508057793832,166.84523478744097,5561.508092525702,64.76666666666667,-0.041448879715018094
324,Company_324,Energy,Middle East,2020,3154.2,11.9,5272.9,9.6,64.3,91.8,32.2,69.0,1759077.9,527723.4,17590779.2,557.6938367890432,167.308160547841,5576.938431297952,64.33333333333333,0.09551264240066693
324,Company_324,Energy,Middle East,2021,3254.8,16.9,6093.3,3.2,64.2,91.8,29.5,71.3,1813131.6,543939.5,18131315.7,557.0639056163205,167.11917782966694,5570.638963991642,64.2,0.03189398262633958
324,Company_324,Energy,Middle East,2022,3666.3,15.8,6338.8,12.6,66.0,94.5,29.1,74.4,1973054.9,591916.5,19730548.9,538.1596977879606,161.44791751902463,5381.596950604151,66.0,0.12642865921101132
324,Company_324,Energy,Middle East,2023,3790.2,9.1,3436.2,3.4,65.7,92.2,29.5,75.3,2100884.1,630265.2,21008840.6,554.2937312015198,166.2881114453063,5542.93720647987,65.66666666666667,0.03379428851976107
324,Company_324,Energy,Middle East,2024,3837.9,15.3,7895.7,1.3,65.9,92.5,30.8,74.4,2121712.1,636513.6,21217121.0,552.8315224471717,165.8494489173767,5528.315224471716,65.89999999999999,0.012585087858160593
324,Company_324,Energy,Middle East,2025,3693.2,12.5,5698.9,-3.8,66.9,95.9,32.6,72.2,1951615.5,585484.7,19516155.3,528.4348261670096,158.53046138849777,5284.348342900466,66.89999999999999,-0.03770291044581675
325,Company_325,Finance,Europe,2015,1528.7,13.3,3322.3,6.35,63.5,100.0,38.9,51.6,15292.8,7646.4,38232.1,10.003794073395694,5.001897036697847,25.009550598547783,63.5,
325,Company_325,Finance,Europe,2016,1631.6,13.0,4152.0,6.7,63.5,100.0,37.3,53.0,16316.3,8158.2,40790.8,10.000183868595244,5.000122579063496,25.000490316253988,63.43333333333334,0.06731209524432513
325,Company_325,Finance,Europe,2017,1761.3,13.4,2507.8,7.9,62.1,100.0,35.8,50.5,17612.9,8806.4,44032.2,9.999943223755182,4.999943223755181,24.99982967126554,62.1,0.07949252267712681
325,Company_325,Finance,Europe,2018,2039.2,6.7,1434.0,15.8,63.2,100.0,38.5,51.2,20391.7,10195.9,50979.3,9.999852883483719,4.99995096116124,24.999656728128677,63.23333333333333,0.15778118435246702
325,Company_325,Finance,Europe,2019,1976.1,4.3,1591.3,-3.1,62.9,100.0,36.9,51.7,19761.0,9880.5,49402.6,10.0,5.0,25.000050604726482,62.866666666666674,-0.030943507257748193
325,Company_325,Finance,Europe,2020,2030.6,0.2,25.1,2.8,62.6,96.9,38.4,52.4,21177.2,10588.6,52943.1,10.429035752979416,5.214517876489708,26.07263862897666,62.56666666666667,0.02757957593239202
325,Company_325,Finance,Europe,2021,2257.8,1.7,550.6,11.2,65.2,100.0,39.5,56.2,22578.2,11289.1,56445.5,10.000088581805297,5.000044290902649,25.00022145451324,65.23333333333333,0.1118881118881121
325,Company_325,Finance,Europe,2022,2190.2,-2.3,9359.5,-3.0,65.2,97.0,42.1,56.7,22832.5,11416.3,57081.3,10.424847045931878,5.21244635193133,26.06214044379509,65.26666666666667,-0.029940650190451
325,Company_325,Finance,Europe,2023,2094.2,-2.9,1922.4,-4.4,65.4,98.0,41.6,56.7,21541.0,10770.5,53852.5,10.286028077547513,5.143014038773757,25.715070193868783,65.43333333333334,-0.04383161355127385
325,Company_325,Finance,Europe,2024,2283.0,-2.4,10864.2,9.0,66.6,100.0,40.1,59.8,22829.8,11414.9,57074.6,9.999912395970215,4.9999561979851075,24.99982479194043,66.63333333333333,0.09015375799828096
325,Company_325,Finance,Europe,2025,2420.6,-1.7,1449.9,6.0,65.7,100.0,38.0,59.0,24206.3,12103.1,60515.7,10.000123936214163,5.000041312071388,25.00028918449971,65.66666666666667,0.06027157249233461
326,Company_326,Finance,Asia,2015,1698.0,15.7,2201.6,12.9,55.2,86.5,35.7,43.3,20196.3,10098.1,50490.7,11.89416961130742,5.947055359246172,29.735394581861012,55.166666666666664,
326,Company_326,Finance,Asia,2016,1923.9,16.7,4441.3,13.3,56.5,89.8,33.8,45.8,21992.5,10996.2,54981.1,11.431207443214303,5.715577732730392,28.577940641405476,56.46666666666666,0.1330388692579505
326,Company_326,Finance,Asia,2017,2058.9,16.1,3118.8,7.0,58.5,92.2,32.7,50.6,22839.1,11419.5,57097.6,11.092865122152604,5.5464082762640246,27.732089950944676,58.5,0.07016996725401525
326,Company_326,Finance,Asia,2018,2204.0,17.7,7478.8,7.0,61.1,94.8,35.1,53.5,23643.9,11821.9,59109.7,10.727722323049003,5.363838475499092,26.819283121597095,61.13333333333333,0.07047452523191988
326,Company_326,Finance,Asia,2019,2264.3,21.4,7084.9,2.7,62.0,95.5,36.8,53.6,24064.1,12032.0,60160.1,10.627611182263832,5.313783509252307,26.568961710020755,61.96666666666667,0.02735934664246842
326,Company_326,Finance,Asia,2020,2656.9,21.7,8584.6,17.3,63.0,96.3,38.2,54.6,27954.4,13977.2,69885.9,10.521434754789416,5.260717377394708,26.303549249124917,63.03333333333333,0.17338691869451917
326,Company_326,Finance,Asia,2021,3205.0,19.6,8677.9,20.6,65.1,96.1,40.4,58.7,33779.4,16889.7,84448.4,10.539594383775352,5.269797191887676,26.348954758190327,65.06666666666666,0.20629304828935968
326,Company_326,Finance,Asia,2022,3778.3,15.0,5258.3,17.9,66.5,99.3,42.7,57.5,38152.9,19076.4,95382.2,10.09790117248498,5.048937352777704,25.24473969774766,66.5,0.17887675507020284
326,Company_326,Finance,Asia,2023,4701.7,16.0,11994.2,24.4,66.1,100.0,42.8,55.5,47016.5,23508.3,117541.4,9.999893655486314,4.9999574621945255,24.99976604206989,66.10000000000001,0.24439562766323464
326,Company_326,Finance,Asia,2024,4900.6,18.9,10859.8,4.2,65.8,100.0,40.3,57.0,49006.4,24503.2,122516.1,10.000081622658449,5.0000408113292245,25.000224462310737,65.76666666666667,0.042303847544505224
326,Company_326,Finance,Asia,2025,5512.2,17.5,11012.0,12.5,64.5,100.0,38.1,55.5,55121.8,27560.9,137804.4,9.999963716846269,4.999981858423134,24.999891150538804,64.53333333333333,0.12480104477002807
327,Company_327,Retail,Latin America,2015,1960.7,0.5,204.9,-7.5,45.6,76.4,10.2,50.3,130457.4,65228.7,260914.9,66.53613505380731,33.26806752690366,133.07232110980772,45.63333333333333,
327,Company_327,Retail,Latin America,2016,1849.3,-0.9,6014.5,-5.7,45.2,74.4,11.7,49.6,125608.5,62804.3,251217.0,67.92218677337371,33.961120423944195,135.84437354674742,45.23333333333334,-0.056816443107053693
327,Company_327,Retail,Latin America,2017,1524.6,-0.1,4200.6,-17.6,44.0,74.9,9.5,47.7,102996.4,51498.2,205992.8,67.55634264725174,33.77817132362587,135.11268529450348,44.03333333333334,-0.17557994916995623
327,Company_327,Retail,Latin America,2018,1515.4,0.2,59.3,-0.6,45.4,77.1,11.9,47.2,100067.1,50033.6,200134.2,66.03345651313185,33.016761251154804,132.0669130262637,45.4,-0.006034369670733231
327,Company_327,Retail,Latin America,2019,1276.4,-0.9,5874.6,-15.8,47.3,78.5,12.4,50.9,83013.3,41506.7,166026.7,65.03705734879348,32.51856784706988,130.07419304293325,47.26666666666667,-0.15771413488187935
327,Company_327,Retail,Latin America,2020,1235.7,-0.9,4718.5,-3.2,47.7,79.0,11.8,52.3,79912.6,39956.3,159825.3,64.66990369830866,32.33495184915433,129.33988832240834,47.699999999999996,-0.031886555938577255
327,Company_327,Retail,Latin America,2021,1009.2,-3.4,975.3,-18.3,48.7,82.7,11.8,51.6,62655.2,31327.6,125310.3,62.084026952041214,31.042013476020607,124.1679548156956,48.699999999999996,-0.18329691672736104
327,Company_327,Retail,Latin America,2022,820.8,-1.2,3220.7,-18.7,51.0,84.9,14.3,54.0,49727.2,24863.6,99454.4,60.583820662768034,30.291910331384017,121.16764132553607,51.06666666666666,-0.1866825208085613
327,Company_327,Retail,Latin America,2023,782.5,-2.2,3148.2,-4.7,53.1,87.1,16.5,55.7,46215.0,23107.5,92429.9,59.06070287539936,29.53035143769968,118.12127795527155,53.1,-0.04666179337231968
327,Company_327,Retail,Latin America,2024,734.9,-2.3,2863.5,-6.1,55.4,89.6,19.1,57.4,42093.5,21046.7,84186.9,57.27786093346034,28.638862430262623,114.55558579398557,55.36666666666667,-0.060830670926517616
327,Company_327,Retail,Latin America,2025,669.4,-1.6,1038.8,-8.9,56.1,92.2,18.4,57.8,37139.8,18569.9,74279.5,55.482222886166724,27.741111443083362,110.96429638482223,56.133333333333326,-0.08912777248605253
328,Company_328,Retail,Asia,2015,2625.6,3.4,963.6,-2.35,73.4,73.0,62.3,85.0,180845.7,90422.8,361691.4,68.87785648994516,34.43890920170628,137.75571297989032,73.43333333333334,
328,Company_328,Retail,Asia,2016,2438.3,5.0,1246.7,-7.1,73.5,74.7,60.2,85.7,165032.6,82516.3,330065.2,67.68346798999302,33.84173399499651,135.36693597998604,73.53333333333335,-0.0713360755636806
328,Company_328,Retail,Asia,2017,2283.8,8.7,2958.7,-6.3,75.0,76.3,60.4,88.3,152057.0,76028.5,304113.9,66.58069883527453,33.290349417637266,133.16135388387775,75.0,-0.06336381905425914
328,Company_328,Retail,Asia,2018,2475.0,10.8,3143.5,8.4,78.7,79.1,65.2,92.0,160003.6,80001.8,320007.2,64.6479191919192,32.3239595959596,129.2958383838384,78.76666666666667,0.08372011559681214
328,Company_328,Retail,Asia,2019,2719.4,9.8,4375.2,9.9,78.5,78.7,66.0,90.8,176590.9,88295.5,353181.9,64.93744943737589,32.46874310509671,129.87493564756932,78.5,0.0987474747474748
328,Company_328,Retail,Asia,2020,2510.8,8.6,3183.0,-7.7,78.4,78.8,63.8,92.6,162714.2,81357.1,325428.4,64.80571929265572,32.40285964632786,129.61143858531145,78.39999999999999,-0.07670809737442075
328,Company_328,Retail,Asia,2021,2415.4,9.4,5351.4,-3.8,79.4,81.7,63.8,92.6,151713.3,75856.7,303426.7,62.810838784466334,31.40544009273826,125.62171896994286,79.36666666666666,-0.037995857893898366
328,Company_328,Retail,Asia,2022,2343.3,8.1,2795.1,-3.0,78.9,81.9,64.5,90.3,146925.4,73462.7,293850.9,62.700209106815166,31.350104553407583,125.40046088849058,78.89999999999999,-0.0298501283431315
328,Company_328,Retail,Asia,2023,2302.4,8.4,3424.0,-1.7,77.6,82.9,61.1,88.7,142632.0,71316.0,285264.1,61.949270326615704,30.974635163307852,123.89858408617094,77.56666666666666,-0.01745401783809164
328,Company_328,Retail,Asia,2024,2342.2,9.1,3149.1,1.7,77.8,82.3,64.0,87.0,146066.8,73033.4,292133.7,62.363077448552644,31.181538724276322,124.72619759200752,77.76666666666667,0.0172863099374565
328,Company_328,Retail,Asia,2025,2343.4,11.7,3851.3,0.0,78.3,83.7,64.9,86.4,143968.1,71984.0,287936.1,61.43556371084749,30.717760518904154,122.87108474865579,78.33333333333334,0.0005123388267442852
329,Company_329,Finance,Oceania,2015,15907.7,22.9,48383.4,5.75,80.3,72.1,92.9,76.1,221279.9,110640.0,553199.9,13.910238437989149,6.9551223621265175,34.7756055243687,80.36666666666666,
329,Company_329,Finance,Oceania,2016,15718.9,23.4,32881.6,-1.2,82.6,73.0,96.9,77.8,216522.4,108261.2,541306.0,13.774653442670925,6.887326721335462,34.43663360667731,82.56666666666666,-0.011868466214474793
329,Company_329,Finance,Oceania,2017,17970.9,21.5,43203.3,14.3,83.4,76.2,94.8,79.1,239512.3,119756.1,598780.7,13.327785475407463,6.663889955427941,33.31946090624287,83.36666666666666,0.14326702250157464
329,Company_329,Finance,Oceania,2018,19476.3,24.2,50635.1,8.4,84.5,78.3,95.6,79.4,253909.7,126954.9,634774.4,13.036855049470383,6.518430091957918,32.59214532534414,84.43333333333332,0.08376875949451601
329,Company_329,Finance,Oceania,2019,20608.3,29.2,84705.7,5.8,84.6,76.9,96.4,80.3,272605.5,136302.7,681513.7,13.227946992231287,6.613971069908727,33.0698650543713,84.53333333333335,0.058121922541755966
329,Company_329,Finance,Oceania,2020,22192.3,29.9,59775.3,7.7,83.9,75.2,95.7,80.7,299107.3,149553.7,747768.4,13.477976595485822,6.738990550776622,33.69494824781569,83.86666666666667,0.07686223511885992
329,Company_329,Finance,Oceania,2021,21861.5,30.9,83903.7,-1.5,82.3,74.2,95.3,77.3,297487.0,148743.5,743717.6,13.607803673123986,6.803901836561993,34.0195137570615,82.26666666666667,-0.014906071024634593
329,Company_329,Finance,Oceania,2022,22079.3,31.2,113511.7,1.0,83.5,74.5,97.0,78.9,299524.6,149762.3,748811.5,13.565855801587912,6.782927900793956,33.91463950396978,83.46666666666667,0.009962719849964552
329,Company_329,Finance,Oceania,2023,22900.0,28.5,65565.2,3.7,85.5,76.8,97.6,82.1,303463.2,151731.6,758658.0,13.251668122270743,6.625834061135372,33.12917030567686,85.5,0.037170562472542246
329,Company_329,Finance,Oceania,2024,24939.6,27.8,129601.7,8.9,87.0,78.8,96.5,85.8,323443.7,161721.9,808609.3,12.96908130042182,6.484542655054612,32.42270525589825,87.03333333333335,0.08906550218340614
329,Company_329,Finance,Oceania,2025,26371.5,27.5,139488.7,5.7,86.6,77.2,99.4,83.3,348058.8,174029.4,870147.0,13.198293612422502,6.599146806211251,32.99573403105625,86.63333333333334,0.05741471394890052
330,Company_330,Transportation,Asia,2015,1364.3,12.8,2898.3,3.95,39.6,47.0,49.4,22.4,713032.3,118838.7,2376774.2,522.6360038114784,87.10598841896943,1742.1199149747124,39.6,
330,Company_330,Transportation,Asia,2016,1492.6,14.4,3396.3,9.4,40.6,48.2,49.0,24.7,772773.7,128795.6,2575912.5,517.7366340613694,86.28942784403056,1725.7888918665417,40.63333333333333,0.09404090009528687
330,Company_330,Transportation,Asia,2017,1596.6,15.1,2722.5,7.0,42.1,52.3,48.2,25.7,798826.1,133137.7,2662753.6,500.3295127145184,83.38826255793562,1667.7650006263311,42.06666666666667,0.06967707356291042
330,Company_330,Transportation,Asia,2018,1613.1,16.5,2508.7,1.0,40.2,50.0,47.5,23.1,822572.7,137095.4,2741908.9,509.9328621908127,84.988779368917,1699.776145310272,40.199999999999996,0.0103344607290492
330,Company_330,Transportation,Asia,2019,1657.5,20.4,4824.6,2.7,39.5,52.0,45.4,21.1,831580.9,138596.8,2771936.4,501.70793363499246,83.61797888386123,1672.3598190045248,39.5,0.02752464199367677
330,Company_330,Transportation,Asia,2020,1743.3,22.1,4544.7,5.2,38.6,50.8,44.1,20.9,883077.7,147179.6,2943592.3,506.5552113807147,84.42585900304022,1688.5173521482245,38.6,0.051764705882352935
330,Company_330,Transportation,Asia,2021,1555.8,24.3,6095.8,-10.8,40.7,52.9,47.7,21.5,774458.5,129076.4,2581528.3,497.78795474996787,82.96464841239234,1659.2931610746882,40.699999999999996,-0.10755463775598006
330,Company_330,Transportation,Asia,2022,1395.7,25.3,6075.4,-10.3,41.6,53.4,49.3,22.0,691804.1,115300.7,2306013.6,495.668195170882,82.61137780325285,1652.2272694705166,41.56666666666666,-0.10290525774521142
330,Company_330,Transportation,Asia,2023,1232.8,26.7,3004.9,-11.7,43.3,56.7,50.1,23.1,594270.3,99045.1,1980901.0,482.0492375081117,80.34158014276444,1606.8307916937054,43.300000000000004,-0.11671562656731393
330,Company_330,Transportation,Asia,2024,1382.0,30.7,7280.8,12.1,41.0,55.3,49.2,18.6,673803.4,112300.6,2246011.4,487.55672937771345,81.25947901591896,1625.1891461649782,41.03333333333333,0.12102530824140167
330,Company_330,Transportation,Asia,2025,1523.1,31.6,8430.3,10.2,42.9,56.8,50.2,21.8,733175.5,122195.9,2443918.5,481.3705600420196,80.22841573107478,1604.5686428993502,42.93333333333334,0.10209840810419668
331,Company_331,Consumer Goods,Africa,2015,340.2,10.7,428.1,4.8,26.2,13.2,59.3,6.0,75359.0,94198.7,376794.8,221.5138154027043,276.89212228101115,1107.5684891240446,26.166666666666668,
331,Company_331,Consumer Goods,Africa,2016,320.7,8.7,345.4,-5.7,27.8,14.9,61.9,6.5,70280.1,87850.1,351400.6,219.14593077642658,273.93233551605863,1095.7299657000312,27.766666666666666,-0.05731922398589062
331,Company_331,Consumer Goods,Africa,2017,362.2,13.4,756.0,13.0,30.6,16.7,68.6,6.5,78480.7,98100.8,392403.3,216.6778023191607,270.8470458310326,1083.388459414688,30.599999999999998,0.12940442781415662
331,Company_331,Consumer Goods,Africa,2018,359.3,13.7,535.5,-0.8,30.8,16.8,67.1,8.6,77783.2,97229.0,388915.8,216.48538825494015,270.6067353186752,1082.4263846367937,30.83333333333333,-0.008006626173384768
331,Company_331,Consumer Goods,Africa,2019,281.8,14.6,542.3,-21.6,30.6,14.8,67.5,9.5,61796.2,77245.3,308981.0,219.29098651525902,274.1139105748758,1096.4549325762953,30.599999999999998,-0.2156971889785695
331,Company_331,Consumer Goods,Africa,2020,300.0,16.7,1205.8,6.5,34.0,18.2,71.7,12.3,64375.9,80469.9,321879.6,214.58633333333333,268.233,1072.932,34.06666666666667,0.06458481192334986
331,Company_331,Consumer Goods,Africa,2021,322.0,16.2,677.9,7.3,34.7,20.1,72.0,12.1,68210.6,85263.3,341053.1,211.83416149068324,264.79285714285714,1059.1711180124223,34.73333333333333,0.07333333333333325
331,Company_331,Consumer Goods,Africa,2022,381.1,16.9,1454.5,18.3,34.7,18.6,73.2,12.2,81547.7,101934.6,407738.4,213.97979532930987,267.4746785620572,1069.8987142482288,34.66666666666667,0.18354037267080758
331,Company_331,Consumer Goods,Africa,2023,392.8,15.5,1193.9,3.1,35.7,22.2,72.2,12.5,82048.5,102560.6,410242.6,208.8811099796334,261.10132382892056,1044.4058044806516,35.63333333333333,0.03070060351613746
331,Company_331,Consumer Goods,Africa,2024,432.5,17.1,1718.0,10.1,36.7,27.2,73.6,9.3,87337.4,109171.7,436686.9,201.93618497109824,252.4201156069364,1009.6806936416185,36.699999999999996,0.10106924643584514
331,Company_331,Consumer Goods,Africa,2025,417.1,18.7,973.0,-3.6,36.7,27.8,75.3,7.0,83853.2,104816.4,419265.8,201.03859985614957,251.29801006952766,1005.1925197794293,36.699999999999996,-0.03560693641618495
332,Company_332,Utilities,Africa,2015,627.8,14.0,736.4,9.5,22.5,32.6,27.4,7.6,488226.8,305141.8,4882268.2,777.6788786237655,486.04937878305196,7776.78910481045,22.53333333333333,
332,Company_332,Utilities,Africa,2016,746.3,12.8,812.9,18.9,25.1,32.4,31.0,12.0,580983.7,363114.8,5809837.4,778.4854616106123,486.5533967573362,7784.855152083614,25.133333333333336,0.18875438037591596
332,Company_332,Utilities,Africa,2017,800.7,12.8,1204.2,7.3,24.9,32.2,32.2,10.4,624081.8,390051.1,6240817.8,779.4202572748845,487.13762957412257,7794.202322967403,24.933333333333337,0.07289293849658329
332,Company_332,Utilities,Africa,2018,768.4,10.1,969.7,-4.0,25.8,34.9,31.0,11.5,587568.2,367230.1,5875682.0,764.6644976574701,477.9152785007808,7646.644976574701,25.8,-0.04033970276008503
332,Company_332,Utilities,Africa,2019,921.1,9.7,1155.0,19.9,24.2,33.8,29.6,9.3,710141.8,443838.6,7101418.3,770.9714471827164,481.85712734773637,7709.714797524698,24.233333333333334,0.19872462259239976
332,Company_332,Utilities,Africa,2020,940.7,9.7,1315.4,2.1,25.3,34.9,29.6,11.3,719275.9,449547.4,7192758.6,764.61773147656,477.8860423089189,7646.176889550334,25.266666666666666,0.021278905656280545
332,Company_332,Utilities,Africa,2021,1051.0,8.5,862.5,11.7,24.8,33.9,30.2,10.4,809478.2,505923.9,8094782.1,770.1980970504281,481.3738344433873,7701.98106565176,24.833333333333332,0.11725310938662692
332,Company_332,Utilities,Africa,2022,1079.2,10.0,1606.0,2.7,23.4,32.4,30.3,7.5,840144.6,525090.4,8401446.2,778.4883246849517,486.5552260934025,7784.883432171978,23.400000000000002,0.026831588962892505
332,Company_332,Utilities,Africa,2023,1000.3,9.6,1182.8,-7.3,24.5,32.0,31.8,9.7,781122.0,488201.2,7811220.0,780.8877336798961,488.0547835649306,7808.877336798961,24.5,-0.07310971089696083
332,Company_332,Utilities,Africa,2024,1135.9,10.5,1278.8,13.5,25.7,30.7,32.2,14.2,894908.8,559318.0,8949087.8,787.8411832027467,492.40073950171666,7878.41165595563,25.700000000000003,0.1355593322003401
332,Company_332,Utilities,Africa,2025,1357.3,11.1,1338.2,19.5,27.3,30.5,35.9,15.5,1071338.8,669586.8,10713388.2,789.3161423414132,493.32262580122307,7893.16157076549,27.3,0.19491152390175182
333,Company_333,Technology,Africa,2015,18150.6,22.7,108102.0,2.1,47.9,85.5,44.7,13.5,545618.0,327370.8,1091236.0,30.060604057166156,18.036362434299694,60.12120811433231,47.9,
333,Company_333,Technology,Africa,2016,18433.0,25.3,76166.5,1.6,47.8,84.8,47.3,11.3,559130.9,335478.5,1118261.8,30.333147073183966,18.19988607388922,60.66629414636793,47.800000000000004,0.015558714312474686
333,Company_333,Technology,Africa,2017,18906.2,21.8,86822.3,2.6,49.0,84.9,49.8,12.2,572562.3,343537.4,1145124.7,30.284367033036784,18.17062127767611,60.568739355343745,48.96666666666666,0.025671350295665363
333,Company_333,Technology,Africa,2018,16667.6,22.6,107756.9,-11.8,50.0,85.1,49.3,15.5,503401.4,302040.9,1006802.9,30.202392666010706,18.121439199404836,60.40479133168543,49.96666666666666,-0.11840560239498166
333,Company_333,Technology,Africa,2019,16628.2,25.8,72385.3,-0.2,50.7,87.6,47.8,16.6,487861.0,292716.6,975721.9,29.33937527814195,17.60362516688517,58.67874454240387,50.66666666666666,-0.0023638676234130074
333,Company_333,Technology,Africa,2020,17095.3,29.2,93561.0,2.8,51.7,86.5,49.4,19.2,508054.5,304832.7,1016109.0,29.718957842213943,17.831374705328365,59.437915684427885,51.699999999999996,0.028090833644050406
333,Company_333,Technology,Africa,2021,18496.3,28.8,94576.8,8.2,53.2,88.4,53.0,18.2,537450.6,322470.4,1074901.3,29.057195222828348,17.434319296291694,58.1143958521434,53.199999999999996,0.0819523494761718
333,Company_333,Technology,Africa,2022,20845.4,27.7,118502.3,12.7,54.6,91.0,55.5,17.2,586812.6,352087.5,1173625.1,28.150699914609454,16.890417070432804,56.301395031997465,54.56666666666666,0.12700377913420535
333,Company_333,Technology,Africa,2023,25900.4,26.7,218902.1,24.2,54.5,91.4,56.6,15.6,725905.9,435543.5,1451811.8,28.026821979583325,16.816091643372303,56.05364395916665,54.53333333333333,0.24249954426396236
333,Company_333,Technology,Africa,2024,26163.1,26.8,224585.8,1.0,56.3,92.5,56.6,19.8,723163.0,433897.8,1446326.0,27.640570115926632,16.584342069555976,55.281140231853264,56.300000000000004,0.010142700498833923
333,Company_333,Technology,Africa,2025,22843.0,23.1,85981.9,-12.7,57.5,93.3,58.3,21.0,624521.6,374713.0,1249043.2,27.33973646193582,16.403843628244978,54.67947292387164,57.53333333333333,-0.12690009975882055
334,Company_334,Technology,Africa,2015,16571.5,24.8,62744.0,-1.8,30.7,54.3,31.0,6.6,679213.4,407528.0,1358426.7,40.986838849832544,24.592100896116825,81.97367166520834,30.63333333333333,
334,Company_334,Technology,Africa,2016,18404.9,23.9,105079.3,11.1,31.9,56.4,34.1,5.2,741079.1,444647.5,1482158.2,40.265315214969924,24.15919130231623,80.53063042993985,31.900000000000002,0.1106357300184051
334,Company_334,Technology,Africa,2017,17911.1,25.3,153654.5,-2.7,31.7,55.2,35.9,4.1,728467.0,437080.2,1456933.9,40.67125972162514,24.402755832975085,81.34251386012026,31.73333333333333,-0.026829811626251865
334,Company_334,Technology,Africa,2018,17753.7,22.3,114505.6,-0.9,33.7,56.9,36.1,8.0,711584.4,426950.6,1423168.8,40.080907078524476,24.048541994063207,80.16181415704895,33.666666666666664,-0.008787846642584696
334,Company_334,Technology,Africa,2019,18325.8,20.3,83689.0,3.2,34.9,57.9,37.9,8.9,727858.4,436715.1,1455716.9,39.717687631645006,23.83061585305962,79.4353807200777,34.9,0.03222426874397999
334,Company_334,Technology,Africa,2020,17606.1,19.0,80062.2,-3.9,36.7,59.9,39.9,10.3,687494.4,412496.7,1374988.9,39.0486479118033,23.42919215499174,78.0973015034562,36.699999999999996,-0.03927250106407365
334,Company_334,Technology,Africa,2021,15423.5,15.3,61300.5,-12.4,37.9,62.3,43.0,8.5,589292.1,353575.3,1178584.3,38.20741725289331,22.924452945181056,76.4148409893993,37.93333333333333,-0.12396839731683895
334,Company_334,Technology,Africa,2022,13919.9,15.8,37249.2,-9.7,39.6,66.4,43.8,8.7,511588.7,306953.2,1023177.4,36.75232580693827,22.05139404737103,73.50465161387655,39.63333333333333,-0.09748760009077062
334,Company_334,Technology,Africa,2023,12847.0,14.9,37735.5,-7.7,39.0,64.1,43.1,9.9,482691.1,289614.6,965382.1,37.57228146649023,22.543364209543082,75.14455514906203,39.03333333333333,-0.07707670313723514
334,Company_334,Technology,Africa,2024,15042.7,16.3,43070.3,17.1,41.0,66.7,43.4,13.0,551435.1,330861.1,1102870.3,36.65798693053773,21.99479481741974,73.31598050881823,41.03333333333333,0.17091149684751317
334,Company_334,Technology,Africa,2025,17950.9,17.3,93662.5,19.3,42.9,68.9,43.8,16.0,643993.3,386396.0,1287986.7,35.87526530703196,21.52516029836944,71.75053618481523,42.9,0.19332965491567333
335,Company_335,Utilities,Latin America,2015,414.8,13.3,653.0,-0.6499999999999999,72.9,95.9,87.7,35.0,175381.7,109613.6,1753817.1,422.8102700096432,264.2565091610415,4228.10294117647,72.86666666666667,
335,Company_335,Utilities,Latin America,2016,398.4,14.4,709.1,-3.9,75.1,99.0,89.9,36.4,161632.4,101020.2,1616323.7,405.7038152610442,253.56475903614458,4057.0373995983937,75.10000000000001,-0.03953712632594031
335,Company_335,Utilities,Latin America,2017,392.7,12.3,569.0,-1.4,74.8,99.2,89.9,35.3,158826.0,99266.2,1588259.7,404.44614209320093,252.77871148459383,4044.460656990069,74.80000000000001,-0.014307228915662606
335,Company_335,Utilities,Latin America,2018,377.5,11.8,631.0,-3.9,74.9,100.0,91.4,33.3,150992.2,94370.1,1509922.2,399.9793377483444,249.9870198675497,3999.793907284768,74.89999999999999,-0.03870639164756806
335,Company_335,Utilities,Latin America,2019,339.1,10.9,451.8,-10.2,75.2,97.3,94.4,33.8,140778.4,87986.5,1407783.8,415.153052196992,259.47065762312,4151.5299321734,75.16666666666667,-0.10172185430463565
335,Company_335,Utilities,Latin America,2020,341.2,12.3,404.8,0.6,76.8,100.0,96.4,34.0,136474.5,85296.5,1364744.8,399.9838804220399,249.98974208675264,3999.8382180539274,76.8,0.006192863462105569
335,Company_335,Utilities,Latin America,2021,341.6,10.5,502.7,0.1,76.6,100.0,93.2,36.7,136653.3,85408.3,1366533.1,400.03893442622945,250.0242974238876,4000.3896370023417,76.63333333333333,0.0011723329425556983
335,Company_335,Utilities,Latin America,2022,348.5,9.5,291.0,2.0,76.6,100.0,94.9,34.9,139390.2,87118.9,1393902.1,399.97187948350074,249.9824964131994,3999.7190817790533,76.60000000000001,0.020199063231850056
335,Company_335,Utilities,Latin America,2023,355.4,8.5,287.3,2.0,77.4,100.0,97.0,35.2,142170.9,88856.8,1421709.4,400.03066966797974,250.01913337084977,4000.3078221722003,77.39999999999999,0.019799139167862245
335,Company_335,Utilities,Latin America,2024,371.8,8.0,250.3,4.6,77.0,100.0,96.5,34.6,148738.6,92961.7,1487386.5,400.0500268961807,250.0314685314685,4000.5016137708444,77.03333333333333,0.04614518851997751
335,Company_335,Utilities,Latin America,2025,352.5,7.4,261.5,-5.2,78.4,99.3,98.8,37.2,142384.4,88990.3,1423844.1,403.9273758865248,252.45475177304965,4039.274042553192,78.43333333333334,-0.05190962883270578
336,Company_336,Retail,North America,2015,2146.9,8.3,4134.4,1.85,55.4,50.5,47.7,68.0,181809.0,90904.5,363618.0,84.68442871116493,42.34221435558246,169.36885742232985,55.4,
336,Company_336,Retail,North America,2016,2157.5,10.1,2772.9,0.5,56.8,51.6,50.2,68.5,181038.5,90519.3,362077.0,83.91123986095018,41.95564310544612,167.82247972190035,56.76666666666667,0.00493735153011321
336,Company_336,Retail,North America,2017,2393.0,10.9,5750.3,10.9,57.5,51.7,51.4,69.4,200503.3,100251.6,401006.6,83.78742164646886,41.89368992895947,167.57484329293771,57.5,0.10915411355735816
336,Company_336,Retail,North America,2018,2490.5,10.9,5596.3,4.1,58.6,52.9,51.7,71.1,206717.9,103358.9,413435.7,83.00256976510741,41.5012648062638,166.00509937763502,58.56666666666666,0.04074383618888433
336,Company_336,Retail,North America,2019,2670.7,9.6,6260.3,7.2,59.7,55.8,53.5,69.9,216238.1,108119.0,432476.1,80.96682517691991,40.4833938667765,161.9336129104729,59.73333333333333,0.07235494880546067
336,Company_336,Retail,North America,2020,2755.0,9.1,6126.0,3.2,61.2,56.8,56.5,70.3,221150.9,110575.5,442301.9,80.27255898366606,40.13629764065336,160.54515426497278,61.199999999999996,0.03156475830306671
336,Company_336,Retail,North America,2021,2689.6,9.3,4815.6,-2.4,60.9,56.8,58.2,67.6,215777.3,107888.6,431554.5,80.22653926234383,40.113251041047,160.45304134443785,60.86666666666667,-0.023738656987295825
336,Company_336,Retail,North America,2022,2545.1,9.3,3965.3,-5.4,63.7,59.7,59.2,72.0,199016.0,99508.0,398032.0,78.19574869356804,39.09787434678402,156.39149738713607,63.63333333333333,-0.05372546103509812
336,Company_336,Retail,North America,2023,2655.3,10.9,3866.7,4.3,64.5,59.5,61.6,72.5,208077.3,104038.6,416154.6,78.3630098293978,39.1814860844349,156.7260196587956,64.53333333333333,0.04329888805940829
336,Company_336,Retail,North America,2024,2525.7,8.7,2222.3,-4.9,63.8,60.4,61.7,69.2,196228.4,98114.2,392456.8,77.69267925723562,38.84633962861781,155.38535851447125,63.76666666666667,-0.04880804428878105
336,Company_336,Retail,North America,2025,2451.7,8.2,3776.0,-2.9,65.2,63.4,64.5,67.7,185347.6,92673.8,370695.1,75.59962475017336,37.79981237508668,151.19920871232208,65.2,-0.02929880825117792
337,Company_337,Finance,Africa,2015,2294.2,18.1,3399.5,10.25,68.0,97.3,68.3,38.3,23807.5,11903.8,59518.9,10.377255688257346,5.1886496382181155,25.943204602911692,67.96666666666665,
337,Company_337,Finance,Africa,2016,2727.5,16.2,7286.2,18.9,67.8,96.8,67.2,39.5,28488.1,14244.1,71220.3,10.444766269477544,5.222401466544455,26.111934005499542,67.83333333333333,0.1888675791125447
337,Company_337,Finance,Africa,2017,2954.9,18.9,5505.3,8.3,66.2,93.6,67.7,37.2,32176.7,16088.3,80441.7,10.8892686723747,5.444617415140952,27.22315475989035,66.16666666666667,0.08337305224564617
337,Company_337,Finance,Africa,2018,3181.4,21.1,9443.7,7.7,65.6,95.4,66.7,34.8,33849.9,16924.9,84624.7,10.639938391902936,5.319953479600176,26.599830263406044,65.63333333333334,0.07665234018071687
337,Company_337,Finance,Africa,2019,3745.5,22.6,16018.6,17.7,66.7,95.7,71.5,32.9,39693.3,19846.7,99233.3,10.597597116539848,5.298811907622481,26.494006140702176,66.7,0.17731187527503622
337,Company_337,Finance,Africa,2020,3756.5,22.8,12202.4,0.3,67.4,95.5,74.0,32.6,39918.2,19959.1,99795.5,10.62643418075336,5.31321709037668,26.566085451883403,67.36666666666666,0.002936857562408246
337,Company_337,Finance,Africa,2021,3787.8,24.2,12239.6,0.8,67.2,94.6,70.7,36.1,40716.2,20358.1,101790.5,10.749300385448016,5.374650192724008,26.87325096362004,67.13333333333334,0.008332224144815603
337,Company_337,Finance,Africa,2022,4512.7,26.8,23376.1,19.1,68.8,97.0,70.7,38.8,47033.6,23516.8,117584.1,10.42249650984998,5.21124825492499,26.056263434307624,68.83333333333333,0.1913775806536775
337,Company_337,Finance,Africa,2023,4870.9,24.7,18137.2,7.9,71.8,98.9,72.7,43.8,49484.6,24742.3,123711.4,10.159231353548625,5.079615676774313,25.39805785378472,71.80000000000001,0.07937598333591867
337,Company_337,Finance,Africa,2024,5786.8,25.7,26448.5,18.8,73.6,99.9,73.4,47.3,57933.3,28966.6,144833.1,10.011284302205018,5.005633510748599,25.02818483445082,73.53333333333335,0.1880350653883267
337,Company_337,Finance,Africa,2025,6490.4,23.4,20905.1,12.2,73.4,100.0,74.9,45.2,64903.9,32452.0,162259.8,9.999984592629115,5.0,24.999969185258227,73.36666666666667,0.12158706020598586
338,Company_338,Energy,Africa,2015,11942.7,9.7,22351.9,-0.19999999999999996,28.1,47.8,24.7,11.9,10336365.7,3100909.7,103363656.6,865.4965543805001,259.6489654768185,8654.965510311738,28.133333333333336,
338,Company_338,Energy,Africa,2016,12039.6,4.9,9654.9,0.8,30.5,50.1,27.2,14.1,10222409.8,3066722.9,102224097.6,849.0655669623576,254.71966676633772,8490.655636399879,30.466666666666665,0.008113743123414174
338,Company_338,Energy,Africa,2017,9972.5,4.0,4449.6,-17.2,30.5,52.5,23.9,14.9,8302837.3,2490851.2,83028372.7,832.5733065931311,249.77199298069692,8325.733035848583,30.433333333333337,-0.17169175055649688
338,Company_338,Energy,Africa,2018,10729.7,0.4,859.5,7.6,32.3,56.5,24.4,15.8,8629250.2,2588775.1,86292502.3,804.2396525531933,241.27189949392806,8042.396553491709,32.233333333333334,0.07592880421158199
338,Company_338,Energy,Africa,2019,9530.8,-0.4,9778.2,-11.2,35.3,62.1,26.4,17.3,7294945.4,2188483.6,72949454.1,765.4074579258825,229.62223527930502,7654.074589751122,35.266666666666666,-0.1117365816378838
338,Company_338,Energy,Africa,2020,8682.2,1.8,1422.3,-8.9,37.5,64.1,28.6,19.8,6524189.4,1957256.8,65241894.0,751.4442652783856,225.43327727995208,7514.442652783856,37.49999999999999,-0.08903764636756606
338,Company_338,Energy,Africa,2021,8826.6,3.5,3003.8,1.7,38.1,63.9,28.9,21.5,6644847.6,1993454.3,66448475.7,752.8207463802596,225.84622617995603,7528.207429814424,38.1,0.016631729285204067
338,Company_338,Energy,Africa,2022,8935.7,0.6,557.2,1.2,38.7,63.3,29.8,23.0,6764040.1,2029212.0,67640400.8,756.968127846727,227.0904349966986,7569.68125608514,38.699999999999996,0.012360365259556305
338,Company_338,Energy,Africa,2023,7952.8,2.7,3708.1,-11.0,39.1,60.2,31.6,25.5,6194253.7,1858276.1,61942537.1,778.8770873151594,233.66312493712906,7788.770885725782,39.1,-0.10999697841243561
338,Company_338,Energy,Africa,2024,7854.4,3.8,3030.6,-1.2,41.1,59.9,34.1,29.4,6130399.9,1839120.0,61303999.1,780.5051818089224,234.1515583621919,7805.051830820942,41.13333333333333,-0.01237300070415459
338,Company_338,Energy,Africa,2025,7936.2,-1.1,28233.4,1.0,42.5,60.4,32.2,34.9,6169574.5,1850872.4,61695745.5,777.3965499861395,233.2189712960863,7773.965562863839,42.5,0.010414544713791107
339,Company_339,Finance,Europe,2015,2116.5,13.3,4706.2,5.9,70.5,62.6,67.4,81.4,32248.0,16124.0,80620.0,15.236475313016774,7.618237656508387,38.091188282541935,70.46666666666667,
339,Company_339,Finance,Europe,2016,2313.1,13.8,3475.5,9.3,70.6,62.4,69.1,80.3,35303.1,17651.6,88257.9,15.262245471445247,7.631144351735766,38.155678526652544,70.60000000000001,0.09288920387432076
339,Company_339,Finance,Europe,2017,2364.5,11.2,3111.2,2.2,68.7,60.0,64.9,81.3,36894.4,18447.2,92236.0,15.603467963628674,7.801733981814337,39.008669909071685,68.73333333333333,0.022221261510527057
339,Company_339,Finance,Europe,2018,2543.7,12.7,5220.4,7.6,68.9,62.0,64.0,80.7,38971.8,19485.9,97429.5,15.320910484726975,7.660455242363487,38.302276211817436,68.89999999999999,0.07578769295834209
339,Company_339,Finance,Europe,2019,2651.0,12.6,3835.2,4.2,69.4,61.8,63.7,82.8,40677.5,20338.7,101693.7,15.344209732176537,7.6720860052810265,38.3605054696341,69.43333333333334,0.04218264732476329
339,Company_339,Finance,Europe,2020,2969.3,15.1,6601.6,12.0,71.5,66.4,62.5,85.6,43675.8,21837.9,109189.4,14.709123362408649,7.354561681204324,36.77277472805038,71.5,0.12006789890607328
339,Company_339,Finance,Europe,2021,2748.1,12.0,3972.6,-7.4,72.5,68.6,61.6,87.2,39575.9,19788.0,98939.8,14.401186274153051,7.200611331465376,36.00298387977148,72.46666666666665,-0.07449567238069588
339,Company_339,Finance,Europe,2022,2749.6,8.3,2725.9,0.1,74.3,70.9,63.8,88.3,38711.8,19355.9,96779.4,14.079066045970324,7.039533022985162,35.19762874599942,74.33333333333333,0.0005458316655142514
339,Company_339,Finance,Europe,2023,2975.4,11.6,5770.6,8.2,76.7,74.7,65.9,89.6,40302.0,20151.0,100755.1,13.545069570477919,6.7725347852389595,33.86270753512133,76.73333333333333,0.08212103578702368
339,Company_339,Finance,Europe,2024,3098.5,12.3,7268.3,4.1,76.7,74.1,67.1,88.8,42206.0,21103.0,105514.9,13.621429724060029,6.810714862030014,34.05354203646926,76.66666666666667,0.041372588559521306
339,Company_339,Finance,Europe,2025,3562.5,13.5,8315.5,15.0,77.4,74.3,65.5,92.4,48455.1,24227.6,121137.9,13.601431578947368,6.800729824561403,34.00362105263158,77.4,0.14974987897369685
340,Company_340,Consumer Goods,Oceania,2015,633.6,9.6,1308.1,4.9,59.6,35.1,75.8,68.0,120967.4,151209.2,604836.9,190.92077020202018,238.65088383838386,954.6036931818181,59.63333333333333,
340,Company_340,Consumer Goods,Oceania,2016,718.4,11.2,1918.8,13.4,60.4,35.3,76.7,69.3,136907.0,171133.7,684534.8,190.57210467706014,238.21506124721606,952.8602449888642,60.43333333333334,0.13383838383838387
340,Company_340,Consumer Goods,Oceania,2017,750.4,9.1,708.6,4.4,62.0,38.3,79.0,68.7,139800.3,174750.4,699001.6,186.301039445629,232.87633262260127,931.5053304904051,62.0,0.04454342984409809
340,Company_340,Consumer Goods,Oceania,2018,791.2,6.8,1307.5,5.4,62.8,40.3,78.2,69.8,145307.6,181634.4,726537.8,183.65470171890797,229.56825075834175,918.2732558139535,62.76666666666667,0.054371002132196145
340,Company_340,Consumer Goods,Oceania,2019,837.6,4.7,680.6,5.9,62.8,39.4,80.7,68.2,154774.4,193468.0,773871.9,184.78319006685768,230.9789875835721,923.9158309455587,62.76666666666667,0.058645096056622714
340,Company_340,Consumer Goods,Oceania,2020,884.3,5.9,1011.5,5.6,63.3,40.6,82.2,67.2,162027.3,202534.2,810136.7,183.2266199253647,229.0333597195522,916.1333257944136,63.333333333333336,0.0557545367717287
340,Company_340,Consumer Goods,Oceania,2021,787.6,6.5,645.5,-10.9,63.9,42.1,82.2,67.5,142564.2,178205.3,712821.1,181.01091924834944,226.2637125444388,905.054723209751,63.93333333333334,-0.10935202985412185
340,Company_340,Consumer Goods,Oceania,2022,862.7,0.8,115.8,9.5,63.0,41.9,83.5,63.5,156411.1,195513.9,782055.7,181.30416135388896,226.6302306711487,906.5210385997449,62.96666666666667,0.09535297105129503
340,Company_340,Consumer Goods,Oceania,2023,834.7,5.5,1081.0,-3.3,63.7,44.4,80.5,66.1,148385.9,185482.3,741929.4,177.77153468311965,222.2143285012579,888.8575536120762,63.666666666666664,-0.032456242030833415
340,Company_340,Consumer Goods,Oceania,2024,803.6,4.5,694.8,-3.7,65.0,46.5,81.0,67.6,140603.6,175754.5,703017.8,174.96714783474366,218.70893479342956,874.8354902936785,65.03333333333333,-0.03725889541152516
340,Company_340,Consumer Goods,Oceania,2025,787.9,2.5,435.8,-2.0,66.0,50.1,79.8,68.1,133840.0,167300.0,669199.8,169.86927275034904,212.33659093793628,849.3461099124255,66.0,-0.019537083125933385
341,Company_341,Finance,Middle East,2015,11946.1,15.7,30463.3,9.149999999999999,45.9,94.5,16.3,27.0,128710.8,64355.4,321776.9,10.774294539640552,5.387147269820276,26.935727978168607,45.93333333333334,
341,Company_341,Finance,Middle East,2016,13171.3,15.8,19645.5,10.3,45.6,92.8,18.7,25.3,144961.1,72480.5,362402.7,11.005830859520321,5.502911633627661,27.514573352668304,45.6,0.10256066833527244
341,Company_341,Finance,Middle East,2017,14440.8,14.6,39776.7,9.6,46.3,94.2,19.4,25.4,156125.2,78062.6,390313.0,10.811395490554542,5.405697745277271,27.02848872638635,46.333333333333336,0.09638380418030112
341,Company_341,Finance,Middle East,2018,14656.0,14.7,19868.6,1.5,45.8,96.7,16.0,24.8,153333.5,76666.7,383333.7,10.462165665938864,5.2310794213973795,26.15541075327511,45.833333333333336,0.01490222148357434
341,Company_341,Finance,Middle East,2019,16193.2,11.2,25020.6,10.5,45.8,95.9,16.5,25.1,171129.2,85564.6,427822.9,10.567966800879383,5.283983400439691,26.41991082676679,45.833333333333336,0.1048853711790394
341,Company_341,Finance,Middle East,2020,19234.0,12.1,27368.1,18.8,46.7,97.8,16.1,26.2,198284.3,99142.2,495710.9,10.309051679317873,5.154528439222211,25.77263699698451,46.699999999999996,0.18778252599856726
341,Company_341,Finance,Middle East,2021,20789.6,11.1,21141.2,8.1,46.4,97.7,17.0,24.5,214536.6,107268.3,536341.5,10.31941932504714,5.15970966252357,25.79854831261785,46.4,0.08087761256108972
341,Company_341,Finance,Middle East,2022,20069.5,8.6,25625.6,-3.5,47.4,98.6,18.8,24.8,204710.4,102355.2,511776.1,10.200074740277536,5.100037370138768,25.500191833379006,47.4,-0.03463751106322388
341,Company_341,Finance,Middle East,2023,21815.4,10.0,34158.4,8.7,47.7,98.8,18.3,25.9,221721.5,110860.7,554303.6,10.163531266903195,5.081763341492707,25.408821291381315,47.666666666666664,0.08699270036622742
341,Company_341,Finance,Middle East,2024,24539.2,10.5,49729.0,12.5,46.4,97.2,16.7,25.4,254974.2,127487.1,637435.5,10.390485427397797,5.195242713698899,25.97621356849449,46.43333333333334,0.12485675256928586
341,Company_341,Finance,Middle East,2025,26361.2,11.9,40879.0,7.4,47.0,99.3,16.5,25.2,266333.5,133166.8,665833.8,10.103238851038647,5.051621322246331,25.258099024323627,47.0,0.0742485492599596
342,Company_342,Energy,Africa,2015,12118.5,5.3,8356.6,-5.699999999999999,39.5,66.9,33.6,17.9,8867426.1,2660227.8,88674260.6,731.7263770268597,219.517910632504,7317.263737261212,39.46666666666667,
342,Company_342,Energy,Africa,2016,11746.3,10.4,22592.0,-3.1,39.7,70.4,31.5,17.2,8307232.5,2492169.7,83072324.5,707.2212100831752,212.16635876829304,7072.212058265156,39.7,-0.030713372117011195
342,Company_342,Energy,Africa,2017,11225.1,5.8,10051.5,-4.4,41.1,70.3,32.2,20.7,7944423.6,2383327.1,79444236.3,707.7374455461421,212.32123544556396,7077.374482187241,41.06666666666667,-0.044371419085158625
342,Company_342,Energy,Africa,2018,10457.1,8.0,11306.4,-6.8,42.4,73.4,32.3,21.6,7174304.7,2152291.4,71743047.0,686.0702011073815,205.82105937592638,6860.702011073816,42.43333333333334,-0.06841809872517834
342,Company_342,Energy,Africa,2019,9641.5,22.2,18328.0,-7.8,43.2,74.7,31.4,23.5,6530598.8,1959179.6,65305987.7,677.3426126640045,203.20277965046932,6773.426095524555,43.199999999999996,-0.07799485517017146
342,Company_342,Energy,Africa,2020,8432.0,18.7,30553.4,-12.5,43.4,76.7,30.4,23.1,5590023.3,1677007.0,55900233.2,662.9534274193549,198.8860294117647,6629.534297912714,43.4,-0.12544728517346881
342,Company_342,Energy,Africa,2021,7118.9,19.1,26826.8,-15.6,44.8,77.8,30.5,26.1,4664014.9,1399204.5,46640148.7,655.159490932588,196.5478514939106,6551.594867184538,44.800000000000004,-0.15572817836812147
342,Company_342,Energy,Africa,2022,6794.6,28.9,24016.6,-4.6,47.5,81.4,32.2,28.7,4280089.4,1284026.8,42800893.7,629.9251464398199,188.977540988432,6299.2514202454895,47.43333333333334,-0.04555479076823654
342,Company_342,Energy,Africa,2023,6816.2,26.7,21380.1,0.3,46.3,80.2,32.2,26.5,4353231.0,1305969.3,43532309.9,638.6595170329509,191.59785510988527,6386.595155658578,46.300000000000004,0.003178995084331504
342,Company_342,Energy,Africa,2024,6620.7,29.9,22674.1,-2.9,47.1,83.6,29.6,28.1,4068702.2,1220610.7,40687021.7,614.542601235519,184.3627864123129,6145.42596704276,47.099999999999994,-0.028681670138786974
342,Company_342,Energy,Africa,2025,5279.7,25.6,22229.7,-20.3,46.5,82.1,28.4,29.0,3302557.2,990767.2,33025572.4,625.5198590829025,187.65596530105876,6255.198666590904,46.5,-0.20254655852100234
343,Company_343,Finance,Asia,2015,7803.1,19.1,12270.1,4.35,53.9,86.5,26.3,48.9,92798.0,46399.0,231995.1,11.892452999448937,5.946226499724468,29.731145314041854,53.9,
343,Company_343,Finance,Asia,2016,9163.0,18.6,15706.8,17.4,55.3,89.0,25.6,51.2,105678.2,52839.1,264195.5,11.533144166757612,5.766572083378806,28.83286041689403,55.26666666666667,0.1742768899539926
343,Company_343,Finance,Asia,2017,9502.2,18.0,21013.1,3.7,55.7,88.9,26.6,51.7,109805.2,54902.6,274513.1,11.555766033129169,5.7778830165645845,28.8894256067016,55.73333333333333,0.037018443741132945
343,Company_343,Finance,Asia,2018,9981.7,14.1,20334.4,5.0,58.4,90.1,30.2,55.0,113661.0,56830.5,284152.5,11.38693809671699,5.693469048358495,28.46734524179248,58.43333333333334,0.05046199827408393
343,Company_343,Finance,Asia,2019,10779.7,13.4,24226.7,8.0,60.5,93.2,31.9,56.4,117995.7,58997.8,294989.2,10.946102396170579,5.473046559737284,27.36525135207844,60.5,0.07994630173216977
343,Company_343,Finance,Asia,2020,11639.4,11.6,11348.3,8.0,61.3,94.8,31.6,57.6,124886.2,62443.1,312215.6,10.729608055398044,5.364804027699022,26.824028730003263,61.333333333333336,0.07975175561472025
343,Company_343,Finance,Asia,2021,13127.9,14.7,36317.0,12.8,61.6,96.8,30.2,57.7,137183.1,68591.5,342957.7,10.449736820054998,5.224864601345227,26.124338241455224,61.56666666666666,0.12788459886248438
343,Company_343,Finance,Asia,2022,13168.1,16.6,21008.3,0.3,65.0,100.0,34.4,60.5,131680.7,65840.3,329201.7,9.999977217669976,4.999984811779983,24.999939247119933,64.96666666666667,0.00306218054677454
343,Company_343,Finance,Asia,2023,13568.3,12.2,29483.2,3.0,66.0,100.0,34.3,63.8,135683.4,67841.7,339208.4,10.000029480480237,5.000014740240118,25.000066331080536,66.03333333333335,0.03039162825312669
343,Company_343,Finance,Asia,2024,13680.3,9.4,20222.4,0.8,66.3,100.0,33.5,65.3,136803.2,68401.6,342008.0,10.000014619562437,5.0000073097812185,25.000036548906092,66.26666666666667,0.008254534466366481
343,Company_343,Finance,Asia,2025,13978.9,11.8,25453.5,2.2,68.2,100.0,37.8,66.9,139788.6,69894.3,349471.4,9.999971385445207,4.999985692722603,24.999921309974322,68.23333333333333,0.02182700671768889
344,Company_344,Technology,Africa,2015,2844.8,22.7,13275.5,8.35,48.4,76.4,57.6,11.2,94586.9,56752.2,189173.9,33.24905089988751,19.949451631046117,66.49813695163104,48.4,
344,Company_344,Technology,Africa,2016,3328.2,22.5,12540.9,17.0,46.3,74.5,54.7,9.8,112906.4,67743.9,225812.9,33.92416321134547,20.354515954570036,67.84835646896221,46.333333333333336,0.1699240719910009
344,Company_344,Technology,Africa,2017,3588.3,22.0,12354.2,7.8,45.5,73.7,53.7,9.0,122716.9,73630.1,245433.7,34.19917509684251,20.519493910765544,68.39832232533512,45.46666666666667,0.07815035154137373
344,Company_344,Technology,Africa,2018,3790.3,22.0,23742.8,5.6,47.3,75.6,55.7,10.5,127118.4,76271.0,254236.7,33.537820225311975,20.122681581932827,67.07561406748806,47.26666666666667,0.05629406682830318
344,Company_344,Technology,Africa,2019,4403.7,18.2,16481.6,16.2,47.8,76.7,55.9,10.8,146028.5,87617.1,292057.0,33.16041056384404,19.896246338306426,66.32082112768808,47.800000000000004,0.1618341556077354
344,Company_344,Technology,Africa,2020,4797.4,15.8,18446.1,8.9,50.4,79.5,59.6,12.0,154342.3,92605.4,308684.6,32.172072372535126,19.30324759244591,64.34414474507025,50.36666666666667,0.08940209369393926
344,Company_344,Technology,Africa,2021,4875.0,17.5,19627.6,1.6,53.4,85.2,63.7,11.3,147138.8,88283.3,294277.6,30.182317948717948,18.109394871794873,60.364635897435896,53.400000000000006,0.01617542835702679
344,Company_344,Technology,Africa,2022,5174.2,15.1,14712.6,6.1,53.3,85.9,62.0,11.8,154823.7,92894.2,309647.4,29.92224885006378,17.95334544470643,59.84449770012756,53.23333333333334,0.061374358974358945
344,Company_344,Technology,Africa,2023,5956.6,18.7,22703.0,15.1,53.7,86.5,62.4,12.1,177135.7,106281.4,354271.3,29.73771950441527,17.84262834502904,59.47542222072994,53.666666666666664,0.15121178153144466
344,Company_344,Technology,Africa,2024,6717.0,21.4,24156.6,12.8,54.9,88.5,63.3,12.9,194959.2,116975.5,389918.5,29.02474318892363,17.41484293583445,58.04950126544588,54.900000000000006,0.12765671691904767
344,Company_344,Technology,Africa,2025,7000.5,21.4,38330.6,4.2,55.2,84.7,64.4,16.4,212417.8,127450.7,424835.5,30.34323262624098,18.20594243268338,60.68645096778801,55.16666666666668,0.04220634211701646
345,Company_345,Consumer Goods,Oceania,2015,678.2,8.5,1172.9,1.0,79.4,66.5,94.1,77.4,99645.1,124556.4,498225.5,146.92583308758478,183.65732822176346,734.6291654379239,79.33333333333333,
345,Company_345,Consumer Goods,Oceania,2016,640.8,10.7,787.1,-5.5,80.4,66.8,96.8,77.7,93905.9,117382.3,469529.3,146.5447877652934,183.18086766541825,732.7236267166043,80.43333333333334,-0.055145974638749706
345,Company_345,Consumer Goods,Oceania,2017,649.7,8.6,821.1,1.4,82.2,70.9,95.7,80.0,91423.9,114279.9,457119.4,140.71710020009232,175.89641372941355,703.5853470832692,82.2,0.013888888888889062
345,Company_345,Consumer Goods,Oceania,2018,679.2,9.7,695.2,4.5,82.1,73.2,92.1,80.9,93419.1,116773.9,467095.5,137.5428445229682,171.92859246171966,687.714222614841,82.06666666666668,0.04540557180237026
345,Company_345,Consumer Goods,Oceania,2019,683.6,8.1,1088.6,0.6,81.1,73.6,89.6,80.2,93664.6,117080.7,468322.8,137.01667641895847,171.27077238150966,685.0830895260386,81.13333333333333,0.006478209658421719
345,Company_345,Consumer Goods,Oceania,2020,696.0,10.9,1855.9,1.8,81.2,77.6,88.7,77.3,91467.7,114334.7,457338.7,131.41910919540229,164.27399425287356,657.0958333333333,81.2,0.018139262726740712
345,Company_345,Consumer Goods,Oceania,2021,745.6,10.5,1267.4,7.1,81.2,75.4,88.5,79.9,100278.3,125347.8,501391.3,134.49342811158797,168.11668454935622,672.4668723175965,81.26666666666667,0.07126436781609202
345,Company_345,Consumer Goods,Oceania,2022,816.8,9.9,1172.9,9.6,81.4,72.4,90.4,81.4,113289.9,141612.3,566449.4,138.69968168462293,173.37451028403527,693.4982859941234,81.4,0.09549356223175964
345,Company_345,Consumer Goods,Oceania,2023,773.6,12.6,1899.2,-5.3,82.7,71.6,94.1,82.3,108122.7,135153.4,540613.7,139.76564115822129,174.70708376421922,698.8284643226473,82.66666666666667,-0.05288932419196857
345,Company_345,Consumer Goods,Oceania,2024,753.3,14.0,1099.9,-2.6,82.1,70.6,93.4,82.4,106349.9,132937.4,531749.5,141.17868047258727,176.47338377804329,705.8934023629364,82.13333333333334,-0.02624095139607041
345,Company_345,Consumer Goods,Oceania,2025,703.4,16.3,2408.6,-6.6,80.3,66.3,93.0,81.6,103545.8,129432.3,517729.1,147.2075632641456,184.00952516349162,736.0379584873472,80.3,-0.06624186910925256
346,Company_346,Transportation,Asia,2015,674.3,4.7,282.3,4.75,59.5,64.1,25.3,89.2,303965.5,50660.9,1013218.2,450.7867418063177,75.13109891739583,1502.622274951802,59.53333333333333,
346,Company_346,Transportation,Asia,2016,719.6,5.5,607.6,6.7,61.7,68.1,24.3,92.6,312193.4,52032.2,1040644.5,433.84296831573096,72.3071150639244,1446.1429961089493,61.666666666666664,0.06718078006821893
346,Company_346,Transportation,Asia,2017,814.0,4.1,527.0,13.1,63.5,67.2,28.7,94.6,356223.1,59370.5,1187410.2,437.62051597051595,72.93673218673219,1458.7348894348893,63.5,0.13118399110617007
346,Company_346,Transportation,Asia,2018,723.5,0.4,24.6,-11.1,63.8,66.0,30.1,95.4,320456.7,53409.5,1068189.0,442.9256392536282,73.82100898410505,1476.418797512094,63.833333333333336,-0.11117936117936122
346,Company_346,Transportation,Asia,2019,744.9,-1.2,453.5,3.0,63.0,66.1,28.0,94.8,329459.3,54909.9,1098197.8,442.2866156531078,73.71445831655257,1474.288897838636,62.96666666666666,0.029578438147892072
346,Company_346,Transportation,Asia,2020,935.2,-3.9,1937.8,25.6,64.4,67.9,29.0,96.4,406752.3,67792.1,1355841.1,434.93616338751065,72.48941402908468,1449.7873182207015,64.43333333333334,0.25547053295744404
346,Company_346,Transportation,Asia,2021,929.8,-4.8,2814.0,-0.6,64.6,67.9,29.2,96.8,404235.1,67372.5,1347450.4,434.75489352548936,72.4591309959131,1449.183050118305,64.63333333333334,-0.005774165953806754
346,Company_346,Transportation,Asia,2022,990.3,-5.5,1271.5,6.5,66.2,70.5,31.6,96.6,419821.2,69970.2,1399403.9,423.9333535292336,70.65555892153893,1413.1110774512774,66.23333333333333,0.06506775650677565
346,Company_346,Transportation,Asia,2023,966.1,-6.7,1204.7,-2.4,66.0,70.5,32.2,95.4,409717.7,68286.3,1365725.8,424.0945036745679,70.6824345305869,1413.6484835938309,66.03333333333335,-0.02443703928102592
346,Company_346,Transportation,Asia,2024,1033.7,-7.4,1387.7,7.0,67.4,73.1,33.2,95.9,426711.7,71118.6,1422372.3,412.8003289155461,68.8000386959466,1376.0010641385315,67.39999999999999,0.06997205258254846
346,Company_346,Transportation,Asia,2025,1015.1,-5.5,3539.6,-1.8,68.3,74.0,36.3,94.5,415504.0,69250.7,1385013.3,409.3232193872525,68.22056940202935,1364.4106984533544,68.26666666666667,-0.01799361516881104
347,Company_347,Technology,Asia,2015,15994.6,16.9,76600.3,20.35,42.1,78.6,28.0,19.7,519446.4,311667.9,1038892.9,32.47636077176047,19.485820214322334,64.95272779563102,42.1,
347,Company_347,Technology,Asia,2016,19282.1,19.1,121086.8,20.6,43.1,77.3,30.8,21.2,635133.2,381079.9,1270266.4,32.93900560623584,19.763402326510082,65.87801121247168,43.099999999999994,0.20553811911520126
347,Company_347,Technology,Asia,2017,23791.7,20.0,90419.9,23.4,44.7,78.6,32.0,23.3,773123.5,463874.1,1546246.9,32.49551314113746,19.49730788468247,64.99102207912843,44.63333333333333,0.23387494100746298
347,Company_347,Technology,Asia,2018,30408.3,20.5,172333.7,27.8,45.4,77.2,34.2,24.9,1002630.2,601578.1,2005260.5,32.972254285836435,19.783351913786696,65.94451186024868,45.43333333333334,0.2781053896947254
347,Company_347,Technology,Asia,2019,38334.1,19.4,161135.8,26.1,45.1,80.2,32.2,23.0,1224114.3,734468.6,2448228.7,31.93277786618181,19.15966724143778,63.8655583410071,45.13333333333333,0.2606459420618712
347,Company_347,Technology,Asia,2020,41754.5,21.5,298158.8,8.9,46.0,82.2,32.8,23.0,1304486.1,782691.7,2608972.3,31.241808667329273,18.745086158378136,62.48361972960998,46.0,0.08922604156612524
347,Company_347,Technology,Asia,2021,47174.1,25.1,228277.1,13.0,46.5,81.7,34.8,23.1,1481786.0,889071.6,2963572.0,31.411007311215265,18.846604386729158,62.82201462243053,46.53333333333333,0.12979678837011566
347,Company_347,Technology,Asia,2022,56664.9,23.9,392747.4,20.1,45.8,83.5,33.8,20.2,1744487.4,1046692.4,3488974.8,30.78603156451348,18.471618232803728,61.57206312902696,45.833333333333336,0.20118666810813557
347,Company_347,Technology,Asia,2023,69126.9,26.1,354084.0,22.0,47.6,83.4,38.3,20.9,2128621.4,1277172.8,4257242.7,30.792953249747928,18.475771371202818,61.58590505288101,47.53333333333333,0.21992450352863924
347,Company_347,Technology,Asia,2024,76569.4,23.3,504402.7,10.8,47.8,84.9,37.4,21.1,2319968.6,1391981.2,4639937.3,30.298900082800703,18.17934057208232,60.597801471606154,47.800000000000004,0.10766431013107769
347,Company_347,Technology,Asia,2025,91780.1,20.1,578679.3,19.9,47.0,84.6,37.0,19.6,2790655.2,1674393.1,5581310.4,30.405885371665537,18.24353100508716,60.811770743331074,47.06666666666666,0.19865246430036043
348,Company_348,Healthcare,Latin America,2015,2757.6,21.9,8379.4,6.05,48.1,61.4,65.0,18.0,212442.1,212442.1,424884.3,77.03876559326952,77.03876559326952,154.0775674499565,48.13333333333333,
348,Company_348,Healthcare,Latin America,2016,2732.0,19.6,12085.0,-0.9,47.8,64.0,61.5,17.8,205470.4,205470.4,410940.8,75.20878477306003,75.20878477306003,150.41756954612006,47.76666666666667,-0.009283434870902219
348,Company_348,Healthcare,Latin America,2017,3184.7,17.9,10131.0,16.6,51.2,66.0,68.5,19.0,234921.2,234921.2,469842.5,73.7655666153798,73.7655666153798,147.53116463089145,51.166666666666664,0.16570278184480225
348,Company_348,Healthcare,Latin America,2018,3373.0,12.5,4606.9,5.9,52.0,67.9,66.7,21.4,244425.9,244425.9,488851.8,72.46543136673584,72.46543136673584,144.93086273347168,52.00000000000001,0.05912644833108316
348,Company_348,Healthcare,Latin America,2019,3552.6,11.5,7042.6,5.3,52.3,68.2,67.5,21.1,256803.0,256803.0,513605.9,72.2859314305016,72.2859314305016,144.57183471260487,52.26666666666666,0.05324636821820339
348,Company_348,Healthcare,Latin America,2020,3910.4,11.9,8320.9,10.1,51.1,68.6,66.4,18.3,281461.0,281461.0,562922.0,71.97754705400982,71.97754705400982,143.95509410801964,51.1,0.10071496931824586
348,Company_348,Healthcare,Latin America,2021,4487.3,9.7,8467.3,14.8,52.2,71.9,68.1,16.5,312635.7,312635.7,625271.3,69.67122768702784,69.67122768702784,139.3424330889399,52.166666666666664,0.1475296644844517
348,Company_348,Healthcare,Latin America,2022,5300.4,7.4,8503.6,18.1,52.7,72.4,67.0,18.6,367564.3,367564.3,735128.6,69.34652101728172,69.34652101728172,138.69304203456343,52.666666666666664,0.18120027633543545
348,Company_348,Healthcare,Latin America,2023,5622.5,10.0,9678.4,6.1,52.7,73.3,67.2,17.7,386278.0,386278.0,772556.0,68.70217874610938,68.70217874610938,137.40435749221876,52.73333333333333,0.060768998566145926
348,Company_348,Healthcare,Latin America,2024,5958.7,10.5,12999.3,6.0,56.1,74.3,71.1,23.0,405343.2,405343.2,810686.3,68.02544179099469,68.02544179099469,136.05086679980533,56.133333333333326,0.059795464650955976
348,Company_348,Healthcare,Latin America,2025,6299.4,11.7,8498.2,5.7,55.1,74.1,70.5,20.6,429117.0,429117.0,858234.0,68.12029717115917,68.12029717115917,136.24059434231833,55.06666666666666,0.05717690100189632
349,Company_349,Utilities,Europe,2015,1070.9,2.8,424.2,6.85,57.5,41.6,86.8,44.0,778663.7,486664.8,7786637.1,727.111495004202,454.4446727052012,7271.1150434214205,57.46666666666667,
349,Company_349,Utilities,Europe,2016,1168.7,3.2,373.8,9.1,56.9,41.3,87.4,42.2,851730.0,532331.2,8517299.8,728.7841191066997,455.49003165910835,7287.841019936682,56.96666666666666,0.09132505369315513
349,Company_349,Utilities,Europe,2017,1381.3,-0.6,5812.2,18.2,58.5,44.2,87.8,43.5,984407.2,615254.5,9844072.3,712.6671975675089,445.41699847969306,7126.672192861798,58.5,0.18191152562676471
349,Company_349,Utilities,Europe,2018,1498.1,-1.0,4296.1,8.5,58.9,46.7,86.1,43.9,1046257.4,653910.9,10462574.3,698.3895601094721,436.4934917562246,6983.895801348375,58.900000000000006,0.08455802504886689
349,Company_349,Utilities,Europe,2019,1510.6,-3.0,6649.4,0.8,61.2,53.4,84.7,45.5,998812.9,624258.0,9988128.6,661.2027671124057,413.2516880709652,6612.0274063286115,61.199999999999996,0.00834390227621662
349,Company_349,Utilities,Europe,2020,1628.5,-3.6,7623.1,7.8,60.5,51.9,84.5,45.1,1089717.9,681073.7,10897179.0,669.1543751918944,418.2214921707092,6691.543751918944,60.5,0.0780484575665299
349,Company_349,Utilities,Europe,2021,1724.3,-3.8,1745.3,5.9,62.6,51.3,85.8,50.8,1160132.6,725082.9,11601326.2,672.8136635156296,420.5085541959056,6728.136751145392,62.633333333333326,0.058827141541295536
349,Company_349,Utilities,Europe,2022,1962.1,-4.7,2134.4,13.8,64.2,54.2,87.8,50.7,1288346.8,805216.8,12883468.5,656.6162784771419,410.38519953111467,6566.163039600428,64.23333333333333,0.13791103636258195
349,Company_349,Utilities,Europe,2023,1939.0,-6.1,5282.6,-1.2,65.3,51.8,90.1,53.9,1298822.1,811763.8,12988220.6,669.8412068076328,418.65074780814854,6698.411861784425,65.26666666666667,-0.011773100249732438
349,Company_349,Utilities,Europe,2024,1622.5,-3.9,1273.1,-16.3,66.1,55.1,91.4,51.6,1056641.8,660401.2,10566418.5,651.2430200308166,407.0269337442219,6512.4305084745765,66.03333333333333,-0.16322846828261994
349,Company_349,Utilities,Europe,2025,1520.2,-3.3,5970.1,-6.3,67.3,55.3,93.3,53.2,988503.8,617814.9,9885037.9,650.2458886988554,406.4036968819892,6502.458821207736,67.26666666666667,-0.06305084745762712
350,Company_350,Utilities,Latin America,2015,2255.4,11.3,2472.6,2.55,32.4,39.3,30.3,27.6,1668550.9,1042844.3,16685508.5,739.8026514143831,462.37665159173537,7398.026292453666,32.4,
350,Company_350,Utilities,Latin America,2016,2610.7,10.7,3495.7,15.8,32.8,41.2,31.0,26.2,1903282.3,1189551.4,19032823.1,729.0314092005976,455.6446163864098,7290.31413030988,32.800000000000004,0.15753303183470768
350,Company_350,Utilities,Latin America,2017,2419.3,11.4,2953.5,-7.3,34.0,41.7,32.1,28.1,1758166.2,1098853.9,17581661.7,726.7251684371512,454.203240606787,7267.251560368701,33.96666666666667,-0.0733136706630404
350,Company_350,Utilities,Latin America,2018,2501.4,14.0,4843.7,3.4,33.8,42.7,31.3,27.3,1802908.0,1126817.5,18029080.1,720.7595746382026,450.4747341488766,7207.595786359639,33.766666666666666,0.03393543586987957
350,Company_350,Utilities,Latin America,2019,2775.9,15.3,3567.8,11.0,32.6,41.8,28.6,27.3,2014400.8,1259000.5,20144007.7,725.6748441946756,453.5467776216722,7256.748333873698,32.56666666666667,0.10973854641400815
350,Company_350,Utilities,Latin America,2020,3178.5,16.3,5552.9,14.5,33.6,45.1,29.3,26.3,2248786.3,1405491.4,22487863.0,707.4992291961617,442.1870064495831,7074.992291961617,33.56666666666667,0.14503404301307676
350,Company_350,Utilities,Latin America,2021,2945.0,14.3,5406.4,-7.3,34.5,49.3,29.3,24.7,2013464.7,1258415.4,20134647.1,683.6892020373514,427.3057385398981,6836.8920543293725,34.43333333333333,-0.07346232499606731
350,Company_350,Utilities,Latin America,2022,2993.9,15.3,6222.1,1.7,33.9,50.2,28.9,22.6,2031949.8,1269968.7,20319498.4,678.6966164534554,424.1854103343465,6786.9662981395495,33.9,0.016604414261460088
350,Company_350,Utilities,Latin America,2023,2908.2,13.9,4863.6,-2.9,33.4,49.7,29.1,21.5,1982300.9,1238938.1,19823008.9,681.6246819338422,426.01543910322545,6816.246784952892,33.43333333333334,-0.02862487057015939
350,Company_350,Utilities,Latin America,2024,3095.4,14.2,5030.1,6.4,35.5,55.7,29.9,20.9,2006567.8,1254104.9,20065678.2,648.24184273438,405.1511597854881,6482.418491955805,35.5,0.06436971322467522
350,Company_350,Utilities,Latin America,2025,2727.1,11.9,3965.8,-11.9,35.8,56.3,30.5,20.7,1757583.4,1098489.6,17575834.4,644.4880642440688,402.8050309852958,6444.880789116643,35.833333333333336,-0.11898300704270859
351,Company_351,Utilities,Europe,2015,712.7,11.3,717.8,-6.15,57.5,21.4,73.3,77.7,598861.6,374288.5,5988615.5,840.2716430475655,525.1697769047285,8402.715728918198,57.46666666666666,
351,Company_351,Utilities,Europe,2016,629.3,11.3,806.6,-11.7,55.6,19.0,72.4,75.5,537312.7,335820.5,5373127.4,853.825997139679,533.6413475290005,8538.260607023678,55.63333333333333,-0.11701978392030321
351,Company_351,Utilities,Europe,2017,513.1,12.0,681.1,-18.5,57.3,21.9,73.3,76.7,429691.3,268557.0,4296912.5,837.4416293120249,523.4008965114012,8374.415318651334,57.29999999999999,-0.18464961067853158
351,Company_351,Utilities,Europe,2018,505.6,11.2,625.4,-1.5,58.8,25.3,73.9,77.1,413802.7,258626.7,4138026.8,818.4388844936709,511.52432753164555,8184.388449367088,58.76666666666667,-0.014617033716624483
351,Company_351,Utilities,Europe,2019,495.4,12.1,580.0,-2.0,58.0,26.0,69.5,78.5,403369.2,252105.8,4033692.2,814.2293096487688,508.893419459023,8142.293500201858,58.0,-0.020174050632911444
351,Company_351,Utilities,Europe,2020,468.7,13.8,575.0,-5.4,59.9,28.9,69.5,81.4,374237.4,233898.4,3742373.9,798.4582888841477,499.0364838916151,7984.582675485385,59.93333333333334,-0.05389584174404516
351,Company_351,Utilities,Europe,2021,458.9,11.7,718.2,-2.1,59.1,28.2,68.7,80.4,368093.4,230058.4,3680933.9,802.121159293964,501.3257790368272,8021.211375027239,59.1,-0.020908896949007882
351,Company_351,Utilities,Europe,2022,415.1,9.2,416.9,-9.5,61.3,34.5,67.7,81.8,318349.3,198968.3,3183493.0,766.921946518911,479.32618646109364,7669.21946518911,61.333333333333336,-0.09544563085639568
351,Company_351,Utilities,Europe,2023,380.5,11.0,498.8,-8.4,63.0,33.8,71.9,83.4,293282.5,183301.6,2932824.9,770.7818659658344,481.73876478318005,7707.8183968462545,63.03333333333334,-0.08335340881715259
351,Company_351,Utilities,Europe,2024,360.1,8.2,358.2,-5.4,60.7,31.8,68.2,82.0,281563.3,175977.1,2815633.5,781.9030824770896,488.68953068592054,7819.03221327409,60.666666666666664,-0.053613666228646495
351,Company_351,Utilities,Europe,2025,335.2,7.7,361.6,-6.9,60.2,30.2,68.8,81.6,264998.6,165624.1,2649986.2,790.5686157517899,494.1053102625299,7905.686754176611,60.199999999999996,-0.06914745903915587
352,Company_352,Finance,Asia,2015,4395.4,19.1,8593.1,-4.9,58.5,84.1,55.0,36.6,53759.3,26879.6,134398.2,12.230809482640945,6.115393365791509,30.5770123310734,58.56666666666666,
352,Company_352,Finance,Asia,2016,4449.5,19.3,16134.0,1.2,58.6,84.7,54.3,36.8,54008.4,27004.2,135021.1,12.138082930666368,6.069041465333184,30.345229801101247,58.6,0.012308322336988864
352,Company_352,Finance,Asia,2017,3735.3,20.3,9196.9,-16.1,60.0,87.2,57.9,34.9,44060.4,22030.2,110151.1,11.795679061922737,5.8978395309613685,29.489224426418225,60.0,-0.16051241712551967
352,Company_352,Finance,Asia,2018,3462.6,19.6,8301.7,-7.3,60.9,88.5,61.1,33.3,40219.8,20109.9,100549.5,11.6154912493502,5.8077456246751,29.0387281233755,60.96666666666666,-0.0730061842422296
352,Company_352,Finance,Asia,2019,3439.9,19.1,10531.4,-0.7,61.7,89.0,62.1,34.1,39715.3,19857.6,99288.2,11.545480973284107,5.7727259513357945,28.863687897904008,61.73333333333333,-0.006555767342459329
352,Company_352,Finance,Asia,2020,3100.9,14.5,6130.6,-9.9,60.7,88.2,60.2,33.7,36140.3,18070.1,90350.7,11.65477764519978,5.827372698248895,29.136927988648456,60.70000000000001,-0.09854937643536144
352,Company_352,Finance,Asia,2021,3193.9,13.7,5287.6,3.0,61.3,90.7,58.9,34.5,36105.4,18052.7,90263.6,11.304486677729422,5.652243338864711,28.26124800400764,61.36666666666667,0.02999129285046287
352,Company_352,Finance,Asia,2022,3064.1,13.2,7407.3,-4.1,61.8,91.5,59.3,34.5,34274.1,17137.1,85685.3,11.185698900166443,5.592865768088509,27.964263568421398,61.76666666666667,-0.04063996994270336
352,Company_352,Finance,Asia,2023,2693.8,11.3,4073.9,-12.1,62.6,93.5,59.8,34.4,29397.4,14698.7,73493.4,10.912985373821368,5.456492686910684,27.282426312272623,62.56666666666667,-0.12085114715577161
352,Company_352,Finance,Asia,2024,2634.0,13.1,4571.7,-2.2,62.7,93.6,59.3,35.2,28691.2,14345.6,71728.0,10.892634776006075,5.446317388003037,27.231586940015188,62.69999999999999,-0.022199123914173335
352,Company_352,Finance,Asia,2025,2484.9,12.7,5355.4,-5.7,64.4,93.2,61.0,39.1,27206.2,13603.1,68015.6,10.948609601996056,5.474304800998028,27.371564248058274,64.43333333333332,-0.05660592255125285
353,Company_353,Finance,Europe,2015,1351.4,20.6,2545.7,15.7,90.2,98.9,83.3,88.4,13726.5,6863.2,34316.2,10.157244339203787,5.078585170933846,25.39307384934142,90.2,
353,Company_353,Finance,Europe,2016,1552.8,23.1,6613.6,14.9,90.9,100.0,83.9,88.9,15527.8,7763.9,38819.4,9.999871200412159,4.999935600206079,24.99961360123648,90.93333333333334,0.14903063489714352
353,Company_353,Finance,Europe,2017,1809.5,26.2,8245.7,16.5,92.3,100.0,86.1,90.8,18095.4,9047.7,45238.5,10.000221055540205,5.000110527770103,25.00055263885051,92.3,0.16531427099433293
353,Company_353,Finance,Europe,2018,2151.6,28.2,5159.8,18.9,93.4,100.0,86.1,94.0,21516.1,10758.0,53790.2,10.000046477040343,5.0,25.000092954080685,93.36666666666667,0.1890577507598783
353,Company_353,Finance,Europe,2019,2472.9,29.5,6004.7,14.9,94.8,100.0,88.5,96.0,24728.7,12364.4,61821.8,9.999878684944802,4.999959561648267,24.999716931537872,94.83333333333333,0.14933073061907431
353,Company_353,Finance,Europe,2020,2921.4,31.1,11958.5,18.1,96.0,100.0,89.2,98.7,29213.7,14606.8,73034.2,9.999897309509139,4.999931539672759,24.999726158691036,95.96666666666665,0.1813660075215333
353,Company_353,Finance,Europe,2021,3717.6,28.7,15117.4,27.3,95.4,99.4,86.7,100.0,37492.4,18746.2,93731.1,10.085108672261676,5.042554336130838,25.212798579728858,95.36666666666667,0.27254056274388994
353,Company_353,Finance,Europe,2022,4224.6,30.3,18341.3,13.6,95.3,99.1,87.0,99.8,42800.4,21400.2,107001.0,10.131231359181934,5.065615679590967,25.328078397954833,95.3,0.13637830858618472
353,Company_353,Finance,Europe,2023,4945.8,32.8,24331.3,17.1,94.9,100.0,84.8,100.0,49457.8,24728.9,123644.6,9.999959561648268,4.999979780824134,24.999919123296536,94.93333333333334,0.1707143871609147
353,Company_353,Finance,Europe,2024,5644.9,29.2,28771.9,14.1,94.3,98.2,84.7,100.0,57833.8,28916.9,144584.6,10.245318783326544,5.122659391663272,25.61331467342203,94.3,0.14135225848194422
353,Company_353,Finance,Europe,2025,6181.2,27.1,27000.8,9.5,93.9,98.8,85.3,97.6,62822.0,31411.0,157055.0,10.163398692810457,5.0816993464052285,25.408496732026144,93.89999999999999,0.09500611171145645
354,Company_354,Manufacturing,Oceania,2015,1406.0,9.0,2160.3,8.65,49.4,29.7,92.7,25.9,418348.8,557798.3,6972479.4,297.54537695590324,396.7270981507824,4959.08918918919,49.43333333333334,
354,Company_354,Manufacturing,Oceania,2016,1536.3,6.0,1058.3,9.3,51.8,31.9,95.7,27.8,450199.0,600265.3,7503316.5,293.04107270715355,390.7214085790536,4884.017769966804,51.800000000000004,0.09267425320056888
354,Company_354,Manufacturing,Oceania,2017,1340.1,4.8,1335.9,-12.8,53.0,33.7,94.8,30.5,387532.7,516710.3,6458878.6,289.18192672188644,385.5759271696142,4819.698977688232,53.0,-0.1277094317516111
354,Company_354,Manufacturing,Oceania,2018,1485.9,5.1,927.7,10.9,51.9,35.2,92.9,27.8,425145.7,566860.9,7085761.1,286.1199946160576,381.4933037216502,4768.666195571707,51.966666666666676,0.10879785090664895
354,Company_354,Manufacturing,Oceania,2019,1546.3,4.0,1127.1,4.1,52.9,36.6,95.8,26.4,437977.5,583970.0,7299624.9,283.242255707172,377.65634094289595,4720.704197115696,52.93333333333334,0.04064876505821369
354,Company_354,Manufacturing,Oceania,2020,1710.4,2.0,714.5,10.6,53.5,40.0,95.3,25.1,471958.4,629277.9,7865973.2,275.93451824134706,367.91271047708136,4598.9085594013095,53.46666666666667,0.10612429670827139
354,Company_354,Manufacturing,Oceania,2021,1951.8,2.0,723.9,14.1,53.5,40.1,95.0,25.2,538210.9,717614.5,8970181.1,275.751050312532,367.66805000512346,4595.850548211907,53.43333333333333,0.14113657623947606
354,Company_354,Manufacturing,Oceania,2022,1717.7,-3.9,5984.3,-12.0,55.4,43.7,96.8,25.5,460663.7,614218.3,7677728.7,268.18635384525817,357.5818245328055,4469.772777551377,55.333333333333336,-0.11994056768111483
354,Company_354,Manufacturing,Oceania,2023,1855.9,-7.4,6033.9,8.0,53.8,43.4,94.1,23.9,498896.8,665195.7,8314945.8,268.81663882752304,358.42216714262617,4480.276846812867,53.800000000000004,0.08045642428829258
354,Company_354,Manufacturing,Oceania,2024,1839.9,-13.3,2396.4,-0.9,51.7,43.5,90.2,21.6,494414.1,659218.9,8240235.7,268.7179194521441,358.29061362030546,4478.632371324528,51.76666666666666,-0.008621154157012811
354,Company_354,Manufacturing,Oceania,2025,2071.6,-10.9,9809.5,12.6,51.1,44.6,89.4,19.4,551905.5,735874.0,9198424.5,266.41508978567293,355.2201197142306,4440.251255068546,51.13333333333333,0.12593075710636437
355,Company_355,Technology,North America,2015,27272.8,19.1,135437.1,12.600000000000001,82.0,94.1,92.8,59.0,737949.2,442769.5,1475898.4,27.058065178492857,16.234838373764337,54.116130356985714,81.96666666666665,
355,Company_355,Technology,North America,2016,31560.9,18.6,204964.8,15.7,80.5,92.6,91.2,57.6,870596.9,522358.2,1741193.9,27.584666470221062,16.55080178321911,55.16933610891957,80.46666666666667,0.15722991405356268
355,Company_355,Technology,North America,2017,35299.5,16.2,96249.4,11.8,80.7,93.9,91.8,56.4,957872.2,574723.3,1915744.3,27.135574158274196,16.281343928384256,54.271145483647075,80.7,0.1184566980029087
355,Company_355,Technology,North America,2018,39250.6,19.5,196785.4,11.2,82.0,95.5,92.9,57.5,1043256.7,625954.0,2086513.5,26.57938222600419,15.947628826056162,53.15876699974013,81.96666666666667,0.11193076389183987
355,Company_355,Technology,North America,2019,45236.2,16.0,109344.1,15.2,81.2,93.7,92.3,57.7,1231077.5,738646.5,2462154.9,27.214432246740444,16.328659348044265,54.42886228286196,81.23333333333333,0.15249703189250607
355,Company_355,Technology,North America,2020,51695.5,19.1,301480.8,14.3,82.5,96.4,90.9,60.2,1358140.5,814884.3,2716281.0,26.27192889129615,15.76315733477769,52.5438577825923,82.5,0.14279050848656616
355,Company_355,Technology,North America,2021,58604.5,23.9,376937.1,13.4,82.4,97.0,92.2,58.1,1526565.8,915939.5,3053131.7,26.048610601574964,15.6291667022157,52.09722290950354,82.43333333333332,0.13364799644069603
355,Company_355,Technology,North America,2022,63816.7,23.0,382909.5,8.9,83.0,97.2,92.2,59.8,1658959.4,995375.6,3317918.8,25.99569391710947,15.597415723470503,51.99138783421894,83.06666666666666,0.08893856273835632
355,Company_355,Technology,North America,2023,73014.9,18.4,296783.9,14.4,86.2,97.7,94.2,66.5,1883996.3,1130397.8,3767992.7,25.80290187345323,15.481741397988632,51.605805116489925,86.13333333333333,0.14413468574840116
355,Company_355,Technology,North America,2024,76755.4,19.2,291252.9,5.1,88.3,100.0,95.4,69.5,1918885.1,1151331.1,3837770.2,25.000001302839934,15.000001302839934,50.00000260567987,88.3,0.05122926964222363
355,Company_355,Technology,North America,2025,83356.1,19.2,490286.1,8.6,87.6,100.0,94.2,68.5,2083903.0,1250341.8,4167806.0,25.000005998361246,15.000003599016749,50.00001199672249,87.56666666666666,0.08599655529122407
356,Company_356,Consumer Goods,Europe,2015,852.5,16.4,1862.3,3.6500000000000004,61.7,70.4,56.2,58.5,120587.1,150733.9,602935.4,141.45114369501468,176.81395894428152,707.2556011730205,61.70000000000001,
356,Company_356,Consumer Goods,Europe,2016,922.0,15.5,3356.0,8.2,62.6,71.6,54.9,61.3,128879.4,161099.2,644396.9,139.78242950108458,174.72798264642083,698.9120390455531,62.6,0.08152492668621703
356,Company_356,Consumer Goods,Europe,2017,1038.0,14.7,2359.7,12.6,62.9,72.3,53.3,63.1,143989.3,179986.6,719946.3,138.7180154142582,173.39749518304433,693.5898843930636,62.9,0.12581344902386116
356,Company_356,Consumer Goods,Europe,2018,1052.7,16.0,1708.0,1.4,65.6,76.9,53.9,66.1,139316.6,174145.7,696582.9,132.34216775909564,165.42766220195688,661.7107438016529,65.63333333333334,0.014161849710982777
356,Company_356,Consumer Goods,Europe,2019,1053.5,13.5,1614.0,0.1,66.6,77.4,52.7,69.6,138647.2,173309.0,693235.8,131.606264831514,164.5078310393925,658.0311343141908,66.56666666666668,0.0007599506032107683
356,Company_356,Consumer Goods,Europe,2020,1116.0,15.2,2584.4,5.9,67.5,76.7,52.5,73.2,148061.4,185076.7,740307.0,132.67150537634407,165.83933691756275,663.3575268817204,67.46666666666665,0.05932605600379692
356,Company_356,Consumer Goods,Europe,2021,1312.5,14.1,2649.9,17.6,67.9,78.8,52.4,72.6,170171.0,212713.7,850855.0,129.65409523809524,162.06758095238095,648.2704761904762,67.93333333333332,0.17607526881720426
356,Company_356,Consumer Goods,Europe,2022,1427.6,13.9,3929.6,8.8,68.6,78.5,55.1,72.2,185783.2,232229.0,928916.1,130.13673297842536,162.67091622303167,650.683734939759,68.60000000000001,0.08769523809523805
356,Company_356,Consumer Goods,Europe,2023,1441.1,15.0,3259.5,0.9,68.4,76.4,58.2,70.7,191737.8,239672.2,958688.9,133.0496148775241,166.3119839011866,665.2480049961836,68.43333333333334,0.009456430372653424
356,Company_356,Consumer Goods,Europe,2024,1409.7,16.1,5387.8,-2.2,68.2,78.7,57.1,68.7,183060.0,228825.1,915300.2,129.8574164715897,162.32184152656595,649.287224232106,68.16666666666667,-0.021788911248351805
356,Company_356,Consumer Goods,Europe,2025,1345.2,18.3,2977.3,-4.6,68.3,79.4,57.3,68.0,173317.9,216647.3,866589.3,128.84173357121617,161.05211121022896,644.2085191793042,68.23333333333333,-0.04575441583315598
357,Company_357,Transportation,North America,2015,1704.5,8.9,2767.6,8.5,58.7,30.7,86.0,59.4,1007834.6,167972.4,3359448.7,591.2787327662071,98.54643590495746,1970.9291287767676,58.699999999999996,
357,Company_357,Transportation,North America,2016,1784.1,10.4,2470.5,4.7,60.0,32.1,86.3,61.4,1043862.0,173977.0,3479540.1,585.091642845132,97.51527380752201,1950.30553220111,59.93333333333334,0.04669991199765322
357,Company_357,Transportation,North America,2017,1835.3,9.4,3438.1,2.9,59.7,31.2,85.9,62.1,1080723.4,180120.6,3602411.4,588.8538113659891,98.14232005666649,1962.8460742113007,59.73333333333334,0.028697942940418164
357,Company_357,Transportation,North America,2018,2075.5,11.1,3251.0,13.1,60.8,32.6,85.5,64.4,1209825.1,201637.5,4032750.4,582.9077812575283,97.15128884606119,1943.0259696458684,60.833333333333336,0.1308777856481229
357,Company_357,Transportation,North America,2019,2333.3,14.2,3412.8,12.4,60.0,30.5,84.1,65.3,1381012.3,230168.7,4603374.2,591.8708695838511,98.64513778768269,1972.9028414691638,59.96666666666666,0.12421103348590701
357,Company_357,Transportation,North America,2020,2335.5,14.2,4838.4,0.1,61.0,31.8,85.3,65.8,1369626.5,228271.1,4565421.7,586.4382359237851,97.73971312352816,1954.7941340184116,60.96666666666666,0.0009428706124372521
357,Company_357,Transportation,North America,2021,2420.1,16.3,5728.6,3.6,63.9,36.6,86.8,68.3,1370877.3,228479.6,4569591.0,566.4548159166977,94.40915664641958,1888.1827197223256,63.9,0.036223506743737977
357,Company_357,Transportation,North America,2022,2680.8,16.2,8266.3,10.8,63.6,36.0,85.9,68.8,1524634.6,254105.8,5082115.2,568.7237391823336,94.78730229782154,1895.7457475380484,63.56666666666666,0.10772282137101774
357,Company_357,Transportation,North America,2023,2924.1,12.6,3326.8,9.1,61.9,33.4,84.8,67.6,1695223.0,282537.2,5650743.4,579.7418008960022,96.62364488218599,1932.4726924523786,61.93333333333333,0.09075649059982083
357,Company_357,Transportation,North America,2024,3449.5,9.2,4872.2,18.0,62.6,35.2,84.2,68.5,1973763.2,328960.5,6579210.7,572.1882011885781,95.36469053486013,1907.2940136251632,62.63333333333333,0.17967921753701988
357,Company_357,Transportation,North America,2025,3721.9,9.8,3194.5,7.9,65.5,39.2,88.1,69.1,2066455.7,344409.3,6888185.6,555.2152663961955,92.53588221069883,1850.7175367419866,65.46666666666665,0.07896796637193804
358,Company_358,Utilities,Middle East,2015,1394.6,10.8,2087.5,-1.75,41.6,35.9,18.7,70.1,1058319.2,661449.5,10583192.0,758.8693532195612,474.2933457622258,7588.6935321956125,41.56666666666666,
358,Company_358,Utilities,Middle East,2016,1537.6,9.5,1573.9,10.3,41.1,33.1,18.0,72.2,1191278.4,744549.0,11912783.7,774.7648283038501,484.2280176899064,7747.64808792924,41.1,0.10253836225440982
358,Company_358,Utilities,Middle East,2017,1791.6,6.9,1018.4,16.5,41.1,33.1,17.1,73.2,1387990.1,867493.8,13879901.2,774.7209756642109,484.200602813128,7747.209868274168,41.13333333333333,0.16519250780437056
358,Company_358,Utilities,Middle East,2018,1829.5,8.4,1807.5,2.1,43.5,38.1,19.7,72.7,1365786.7,853616.7,13657866.6,746.5355015031429,466.5846952719322,7465.354796392457,43.5,0.021154275507925924
358,Company_358,Utilities,Middle East,2019,1628.6,8.8,1276.8,-11.0,44.1,36.5,22.2,73.5,1230254.8,768909.3,12302548.3,755.4063612919073,472.1290065086578,7554.063797126367,44.06666666666666,-0.10981142388630782
358,Company_358,Utilities,Middle East,2020,1793.6,8.1,1489.0,10.1,44.8,36.2,23.3,74.8,1358328.0,848955.0,13583279.8,757.3193577163247,473.324598572703,7573.193465655665,44.76666666666667,0.10131401203487655
358,Company_358,Utilities,Middle East,2021,1763.4,8.5,1915.2,-1.7,47.5,37.4,27.2,77.8,1323612.5,827257.8,13236124.8,750.602529204945,469.12657366451174,7506.025178632188,47.46666666666666,-0.01683764495985718
358,Company_358,Utilities,Middle East,2022,1713.7,8.9,1311.8,-2.8,49.5,37.3,30.8,80.4,1286997.8,804373.6,12869977.9,751.0053101476337,469.3783042539534,7510.053043123067,49.5,-0.028184189633662315
358,Company_358,Utilities,Middle East,2023,1654.8,8.8,1812.7,-3.4,50.3,34.1,31.6,85.2,1272926.9,795579.3,12729269.0,769.2330795262267,480.7706671501088,7692.330795262267,50.300000000000004,-0.03437007644278467
358,Company_358,Utilities,Middle East,2024,1600.0,8.2,1632.7,-3.3,52.0,35.2,35.8,85.1,1220965.6,763103.5,12209656.5,763.1035,476.9396875,7631.0353125,52.03333333333333,-0.03311578438481988
358,Company_358,Utilities,Middle East,2025,1570.5,8.3,1833.2,-1.8,52.4,36.3,35.8,85.0,1188277.6,742673.5,11882775.6,756.6237503979625,472.8898439987265,7566.237249283668,52.36666666666667,-0.018437499999999996
359,Company_359,Consumer Goods,Latin America,2015,821.1,7.0,977.8,6.199999999999999,26.8,9.7,59.8,11.0,185954.4,232443.0,929772.2,226.46985750822066,283.08732188527586,1132.3495311167944,26.833333333333332,
359,Company_359,Consumer Goods,Latin America,2016,903.0,6.7,667.0,10.0,27.4,6.2,61.2,14.8,208886.8,261108.5,1044433.8,231.32535991140642,289.15669988925805,1156.6265780730898,27.400000000000002,0.09974424552429673
359,Company_359,Consumer Goods,Latin America,2017,948.2,7.3,1201.4,5.0,29.1,10.8,59.8,16.6,213234.7,266543.4,1066173.5,224.88367433031007,281.1046192786332,1124.4183716515502,29.066666666666663,0.05005537098560353
359,Company_359,Consumer Goods,Latin America,2018,1017.5,8.7,2209.0,7.3,29.5,12.6,58.9,17.0,226230.4,282788.0,1131151.9,222.33945945945945,277.92432432432435,1111.697199017199,29.5,0.07308584686774933
359,Company_359,Consumer Goods,Latin America,2019,1077.2,12.4,1376.4,5.9,29.4,14.5,56.1,17.8,236686.9,295858.7,1183434.7,219.72419235053843,274.65531006312665,1098.621147419235,29.466666666666665,0.05867321867321862
359,Company_359,Consumer Goods,Latin America,2020,1140.8,11.0,1326.9,5.9,29.9,15.6,58.4,15.7,248935.8,311169.8,1244679.2,218.2116058906031,272.76455119214586,1091.0582047685834,29.900000000000002,0.059041960638692714
359,Company_359,Consumer Goods,Latin America,2021,1244.3,9.9,1653.7,9.1,30.6,15.2,59.6,17.1,272209.3,340261.7,1361046.7,218.76500843847947,273.4563208229527,1093.8252029253395,30.633333333333336,0.09072580645161299
359,Company_359,Consumer Goods,Latin America,2022,1323.1,11.2,2915.1,6.3,29.8,12.7,60.5,16.1,293979.8,367474.8,1469899.2,222.19015947396267,277.7377371324919,1110.9509485299675,29.76666666666667,0.06332877923330393
359,Company_359,Consumer Goods,Latin America,2023,1403.2,8.4,2070.9,6.1,30.2,13.8,60.5,16.4,309610.8,387013.5,1548054.1,220.64623717217788,275.80779646522234,1103.231257126568,30.23333333333333,0.06053964175043469
359,Company_359,Consumer Goods,Latin America,2024,1274.0,8.4,1333.6,-9.2,29.1,11.7,58.4,17.3,284840.3,356050.4,1424201.4,223.57951334379905,279.47441130298273,1117.8974882260595,29.13333333333333,-0.09207525655644244
359,Company_359,Consumer Goods,Latin America,2025,1422.8,10.0,1750.3,11.7,28.1,8.7,59.6,16.1,324210.8,405263.5,1621053.9,227.8681473151532,284.83518414394155,1139.340666291819,28.133333333333336,0.11679748822605962
360,Company_360,Retail,North America,2015,592.8,2.8,353.7,4.35,51.5,38.7,84.8,30.9,55079.6,27539.8,110159.3,92.91430499325237,46.457152496626186,185.8287786774629,51.46666666666667,
360,Company_360,Retail,North America,2016,619.3,2.5,328.5,4.5,51.0,37.4,84.6,31.0,58089.6,29044.8,116179.1,93.79880510253513,46.89940255126756,187.5974487324399,51.0,0.044703103913630304
360,Company_360,Retail,North America,2017,618.5,-0.1,1311.1,-0.1,51.5,36.9,86.8,30.7,58225.6,29112.8,116451.2,94.14001616814875,47.070008084074374,188.2800323362975,51.46666666666666,-0.001291781043113116
360,Company_360,Retail,North America,2018,664.7,-1.3,1203.5,7.5,51.4,33.8,86.3,34.1,64030.7,32015.4,128061.5,96.33022416127575,48.1651873025425,192.66059876636075,51.4,0.07469684721099434
360,Company_360,Retail,North America,2019,692.9,0.4,50.0,4.2,51.8,35.7,84.1,35.7,65828.2,32914.1,131656.3,95.0038966661856,47.5019483330928,190.00764901140136,51.833333333333336,0.042425154204904336
360,Company_360,Retail,North America,2020,737.9,-1.4,2989.0,6.5,51.3,35.4,83.7,34.9,70267.3,35133.6,140534.5,95.22604688982247,47.61295568505218,190.4519582599268,51.333333333333336,0.06494443642661274
360,Company_360,Retail,North America,2021,716.2,-3.6,1717.2,-2.9,53.0,37.6,84.4,36.9,67075.2,33537.6,134150.4,93.65428651214744,46.82714325607372,187.30857302429487,52.96666666666667,-0.029407778831819886
360,Company_360,Retail,North America,2022,704.7,-4.8,2922.4,-1.6,53.8,39.3,85.4,36.7,65168.3,32584.2,130336.7,92.47665673336171,46.23839931885909,184.95345537107988,53.800000000000004,-0.01605696732756212
360,Company_360,Retail,North America,2023,782.3,-3.1,1365.2,11.0,56.5,43.3,86.7,39.5,70142.9,35071.5,140285.9,89.66240572670331,44.831266777451106,179.32493928160554,56.5,0.11011778061586486
360,Company_360,Retail,North America,2024,841.7,-4.8,1000.5,7.6,59.1,46.2,89.8,41.3,73777.6,36888.8,147555.2,87.653083046216,43.826541523108,175.306166092432,59.1,0.07592995014700255
360,Company_360,Retail,North America,2025,857.4,-5.2,475.3,1.9,61.2,52.0,93.9,37.8,71677.3,35838.6,143354.5,83.59843713552601,41.79916025192442,167.19675763937485,61.23333333333333,0.018652726624688087
361,Company_361,Energy,Europe,2015,4003.3,-9.9,9748.5,7.8,51.3,9.5,55.4,88.9,4536709.3,1361012.8,45367092.8,1133.2424000199835,339.9727225039343,11332.42395024105,51.26666666666667,
361,Company_361,Energy,Europe,2016,4436.3,-5.9,19042.5,10.8,52.1,10.3,55.6,90.5,5002591.9,1500777.6,50025919.4,1127.6495953835404,338.2948853774542,11276.49604400063,52.13333333333333,0.10816076736692226
361,Company_361,Energy,Europe,2017,4930.8,-5.6,9361.0,11.1,55.5,13.6,60.0,92.9,5448469.8,1634540.9,54484697.6,1104.986979800438,331.49608582785754,11049.869716881642,55.5,0.11146676284290957
361,Company_361,Energy,Europe,2018,5614.4,-9.1,5150.6,13.9,56.9,16.9,60.5,93.5,6074926.4,1822477.9,60749264.3,1082.0259333143347,324.6077764320319,10820.259386577372,56.96666666666667,0.13863876044455248
361,Company_361,Energy,Europe,2019,5548.5,-7.2,7390.5,-1.2,56.7,19.0,60.9,90.1,5919176.4,1775752.9,59191763.9,1066.8065963773993,320.04197530864195,10668.065945751103,56.666666666666664,-0.011737674551154154
361,Company_361,Energy,Europe,2020,6411.8,-5.0,9754.5,15.6,56.9,19.9,59.2,91.6,6799934.5,2039980.3,67999344.9,1060.5344053152,318.16031379643783,10605.344037555757,56.9,0.15559160133369376
361,Company_361,Energy,Europe,2021,6344.0,2.9,1585.4,-1.1,57.9,21.9,62.1,89.8,6639632.2,1991889.7,66396322.5,1046.6002837326607,313.98009142496846,10466.002916141237,57.93333333333334,-0.01057425371970433
361,Company_361,Energy,Europe,2022,6748.0,-0.9,30579.6,6.4,61.1,27.2,64.9,91.3,6814748.8,2044424.7,68147488.4,1009.8916419679905,302.9675014819206,10098.91647895673,61.13333333333333,0.06368221941992425
361,Company_361,Energy,Europe,2023,6634.5,-1.7,25243.8,-1.7,60.5,29.1,62.7,89.7,6609197.9,1982759.4,66091979.4,996.1862838194288,298.85588966764635,9961.862898485191,60.5,-0.01681979845880266
361,Company_361,Energy,Europe,2024,7247.9,-4.1,12018.8,9.2,60.2,28.5,59.6,92.4,7251277.2,2175383.2,72512771.7,1000.4659556561212,300.1397922156763,10004.659515169913,60.166666666666664,0.0924561006858089
361,Company_361,Energy,Europe,2025,7391.5,-9.5,17772.5,2.0,60.3,28.0,59.9,93.0,7421294.7,2226388.4,74212946.8,1004.0309409456809,301.20928093079885,10040.3093823987,60.300000000000004,0.019812635384042432
362,Company_362,Technology,Africa,2015,1457.6,16.3,6667.2,12.399999999999999,40.8,95.7,11.0,15.8,38657.4,23194.4,77314.8,26.521267837541167,15.91273326015368,53.042535675082334,40.833333333333336,
362,Company_362,Technology,Africa,2016,1808.9,16.1,4638.3,24.1,40.1,94.6,10.8,14.7,48621.9,29173.1,97243.8,26.879263640886727,16.12753607164575,53.75852728177345,40.03333333333333,0.24101262349066976
362,Company_362,Technology,Africa,2017,1991.9,15.1,8910.7,10.1,38.1,95.7,5.3,13.5,52818.7,31691.2,105637.4,26.516742808373913,15.910035644359656,53.033485616747825,38.166666666666664,0.10116645475150654
362,Company_362,Technology,Africa,2018,2111.8,12.2,4816.6,6.0,37.7,95.0,7.1,11.0,56464.9,33878.9,112929.8,26.737806610474475,16.042665025097072,53.47561322094895,37.699999999999996,0.06019378482855564
362,Company_362,Technology,Africa,2019,2458.7,13.6,7825.9,16.4,40.3,100.0,5.9,15.0,61468.5,36881.1,122937.0,25.000406718997848,15.000244031398708,50.000813437995696,40.300000000000004,0.1642674495690879
362,Company_362,Technology,Africa,2020,2820.4,15.5,11312.0,14.7,39.2,99.5,6.5,11.6,71020.2,42612.1,142040.4,25.18089632676216,15.108530704864558,50.36179265352432,39.199999999999996,0.1471102615203157
362,Company_362,Technology,Africa,2021,3307.9,20.8,19188.9,17.3,41.3,100.0,9.4,14.5,82696.9,49618.1,165393.8,24.999818616040386,14.999879077360259,49.99963723208077,41.300000000000004,0.17284782300382928
362,Company_362,Technology,Africa,2022,3623.7,20.5,20538.4,9.5,41.1,100.0,8.9,14.5,90591.4,54354.9,181182.8,24.999696442862266,14.99983442337942,49.99939288572453,41.13333333333333,0.09546842407569756
362,Company_362,Technology,Africa,2023,3917.8,20.6,16423.2,8.1,41.1,100.0,8.4,14.9,97945.6,58767.4,195891.2,25.000153147174434,15.00010209811629,50.00030629434887,41.1,0.08116014018820561
362,Company_362,Technology,Africa,2024,4650.3,21.2,19903.6,18.7,41.0,98.8,8.2,15.9,118169.9,70902.0,236339.9,25.411242285443947,15.246758273659763,50.822506074876884,40.96666666666667,0.1869671754556128
362,Company_362,Technology,Africa,2025,4837.3,21.1,33614.6,4.0,41.4,100.0,8.1,16.0,120932.6,72559.6,241865.2,25.00002067268931,15.000020672689311,50.00004134537862,41.36666666666667,0.04021245941122076
363,Company_363,Manufacturing,Asia,2015,1104.0,7.6,675.1,2.35,43.5,16.9,47.9,65.6,358178.5,477571.3,5969641.3,324.43704710144925,432.5826992753623,5407.283786231884,43.46666666666666,
363,Company_363,Manufacturing,Asia,2016,1202.8,10.5,2478.5,8.9,45.0,18.2,50.0,66.7,386988.0,515984.0,6449799.9,321.73927502494183,428.98570003325574,5362.3211672763555,44.96666666666667,0.08949275362318843
363,Company_363,Manufacturing,Asia,2017,1135.4,6.3,817.0,-5.6,48.0,22.6,52.6,68.9,354740.3,472987.0,5912337.9,312.4364100757442,416.58182138453407,5207.273119605426,48.03333333333334,-0.0560359161955436
363,Company_363,Manufacturing,Asia,2018,1093.4,2.5,589.7,-3.7,47.4,21.7,50.0,70.5,343722.0,458296.0,5728700.3,314.36070971282237,419.1476129504298,5239.345436253886,47.4,-0.036991368680641235
363,Company_363,Manufacturing,Asia,2019,1125.3,2.9,566.7,2.9,47.7,21.6,53.8,67.8,354088.8,472118.4,5901479.5,314.66169021594243,419.54892028792324,5244.361059273083,47.73333333333333,0.029175050301810668
363,Company_363,Manufacturing,Asia,2020,1181.1,-1.9,3500.2,5.0,49.9,21.9,56.4,71.4,370870.7,494494.3,6181178.8,314.00448734230804,418.6726780120227,5233.408517483702,49.9,0.04958677685950419
363,Company_363,Manufacturing,Asia,2021,1202.3,-1.0,3705.9,1.8,52.5,27.0,60.2,70.4,364580.5,486107.4,6076342.0,303.23588122764704,404.31456375280715,5053.931631040506,52.53333333333334,0.0179493692320718
363,Company_363,Manufacturing,Asia,2022,1385.3,1.7,276.3,15.2,54.1,29.3,60.7,72.3,413361.8,551149.0,6889362.9,298.39153973868474,397.85533819389303,4973.1920161697835,54.1,0.15220826748731597
363,Company_363,Manufacturing,Asia,2023,1529.4,4.0,969.4,10.4,54.3,32.7,58.8,71.6,445678.0,594237.3,7427966.1,291.4070877468288,388.542761867399,4856.784425264809,54.36666666666667,0.10402078972063822
363,Company_363,Manufacturing,Asia,2024,1480.5,5.1,869.0,-3.2,54.4,32.7,58.9,71.6,431306.4,575075.1,7188439.2,291.3248226950355,388.4330293819655,4855.413171225938,54.4,-0.031973322871714505
363,Company_363,Manufacturing,Asia,2025,1489.9,6.6,1734.1,0.6,53.0,30.7,58.1,70.1,440181.5,586908.7,7336359.1,295.44365393650577,393.9248942882072,4924.061413517686,52.96666666666666,0.006349206349206327
364,Company_364,Utilities,North America,2015,1039.8,13.2,1277.2,-5.25,63.0,5.4,85.8,97.7,966665.6,604166.0,9666656.2,929.6649355645317,581.0405847278323,9296.649547989999,62.96666666666667,
364,Company_364,Utilities,North America,2016,970.9,13.9,1242.7,-6.6,63.7,4.7,86.7,99.6,906477.6,566548.5,9064775.7,933.6467195385725,583.5291997116078,9336.466886394066,63.666666666666664,-0.06626274283516054
364,Company_364,Utilities,North America,2017,881.1,14.3,1046.3,-9.3,62.0,4.0,87.4,94.6,826205.9,516378.7,8262058.9,937.6982181364203,586.0614005220747,9376.982067869709,62.0,-0.0924915027294263
364,Company_364,Utilities,North America,2018,850.2,15.6,1196.3,-3.5,62.3,7.0,85.5,94.5,783060.3,489412.7,7830603.2,921.030698659139,575.6442013643848,9210.307221830157,62.333333333333336,-0.03506979911474295
364,Company_364,Utilities,North America,2019,800.5,16.0,1112.3,-5.8,62.4,7.5,84.0,95.5,734737.8,459211.1,7347378.3,917.8485946283573,573.6553404122424,9178.486321049344,62.333333333333336,-0.05845683368619159
364,Company_364,Utilities,North America,2020,784.3,14.0,1423.6,-2.0,65.0,10.2,88.2,96.5,708026.4,442516.5,7080263.7,902.7494581155171,564.2184113221982,9027.494198648477,64.96666666666667,-0.020237351655215563
364,Company_364,Utilities,North America,2021,747.5,12.5,1103.8,-4.7,63.3,8.8,85.7,95.4,680970.8,425606.7,6809707.7,910.9977257525085,569.3735117056856,9109.976856187292,63.300000000000004,-0.04692082111436946
364,Company_364,Utilities,North America,2022,700.4,13.1,1232.2,-6.3,62.4,9.2,84.0,94.0,636194.2,397621.4,6361941.9,908.329811536265,567.7061679040548,9083.297972587094,62.4,-0.06301003344481604
364,Company_364,Utilities,North America,2023,723.3,14.8,996.1,3.3,63.2,7.8,86.0,95.8,662933.9,414333.7,6629339.2,916.5407161620352,572.8379648831744,9165.407438130791,63.199999999999996,0.03269560251284975
364,Company_364,Utilities,North America,2024,648.8,14.2,844.6,-10.3,62.1,5.5,85.9,95.0,602910.2,376818.9,6029102.0,929.269728729963,580.7936189889027,9292.69728729963,62.13333333333333,-0.10300013825521914
364,Company_364,Utilities,North America,2025,648.9,13.4,1128.9,0.0,64.2,8.9,86.7,96.8,590553.5,369095.9,5905535.1,910.0839882878718,568.8024348898136,9100.840036985668,64.13333333333334,0.0001541307028360972
365,Company_365,Retail,North America,2015,1663.8,4.6,847.3,4.4,63.3,77.7,54.0,58.2,109174.0,54587.0,218348.1,65.61726169010699,32.80863084505349,131.2345834835918,63.29999999999999,
365,Company_365,Retail,North America,2016,2004.0,5.8,2551.6,20.4,63.6,78.1,54.9,57.8,130857.0,65428.5,261713.9,65.29790419161677,32.64895209580838,130.59575848303393,63.6,0.20447169130905163
365,Company_365,Retail,North America,2017,2033.5,6.0,2237.7,1.5,63.6,80.4,53.6,56.8,129619.2,64809.6,259238.4,63.74192279321367,31.870961396606834,127.48384558642734,63.6,0.014720558882235446
365,Company_365,Retail,North America,2018,2130.8,5.9,1641.5,4.8,64.6,79.7,54.3,59.8,136848.3,68424.2,273696.7,64.22390651398534,32.111976722357795,128.44785995870095,64.60000000000001,0.04784853700516356
365,Company_365,Retail,North America,2019,2337.6,4.7,2267.3,9.7,64.0,77.8,53.8,60.5,153173.9,76586.9,306347.7,65.5261379192334,32.763047570157426,131.05223305954826,64.03333333333333,0.09705275014079207
365,Company_365,Retail,North America,2020,2176.1,5.4,1571.8,-6.9,63.7,77.1,55.5,58.5,143649.1,71824.6,287298.3,66.01217774918433,33.00611185147742,132.02440145213916,63.699999999999996,-0.06908795345653662
365,Company_365,Retail,North America,2021,2262.4,6.0,1828.2,4.0,65.4,78.5,59.2,58.5,147241.6,73620.8,294483.1,65.08203677510608,32.54101838755304,130.1640293493635,65.39999999999999,0.03965810394742908
365,Company_365,Retail,North America,2022,2154.4,6.3,2271.9,-4.8,65.3,80.0,55.6,60.4,137885.1,68942.6,275770.2,64.00162458225027,32.000835499443,128.00324916450055,65.33333333333333,-0.04773691654879775
365,Company_365,Retail,North America,2023,2441.3,5.1,2260.0,13.3,67.9,83.6,55.2,64.9,150060.7,75030.3,300121.3,61.4675377872445,30.73374841273092,122.93503461270633,67.9,0.13316932788711489
365,Company_365,Retail,North America,2024,2794.1,5.3,2160.7,14.4,67.1,83.3,52.6,65.3,172381.5,86190.8,344763.1,61.694821230449875,30.847428510074803,123.38967825059947,67.06666666666666,0.14451316921312407
365,Company_365,Retail,North America,2025,2817.8,5.8,1947.7,0.8,67.8,85.3,52.1,66.0,169946.7,84973.3,339893.3,60.31183902335155,30.155901767336218,120.62364255802397,67.8,0.008482158834687503
366,Company_366,Manufacturing,Africa,2015,916.4,4.6,505.7,-1.35,22.0,27.2,14.7,24.0,277650.9,370201.2,4627514.6,302.9800305543431,403.9733740724575,5049.666739415103,21.96666666666667,
366,Company_366,Manufacturing,Africa,2016,830.0,7.3,1215.0,-9.4,22.5,30.1,14.3,23.1,246404.0,328538.7,4106733.8,296.8722891566265,395.8297590361446,4947.872048192771,22.5,-0.09428197293758178
366,Company_366,Manufacturing,Africa,2017,884.5,8.4,999.9,6.6,24.1,30.0,14.8,27.5,262734.6,350312.9,4378910.7,297.04307518371957,396.0575466365178,4950.7187111362355,24.099999999999998,0.06566265060240961
366,Company_366,Manufacturing,Africa,2018,912.8,7.9,662.5,3.2,23.0,28.1,13.2,27.8,274837.4,366449.8,4580622.6,301.0926818580193,401.4568361086766,5018.210560911481,23.03333333333333,0.03199547767100053
366,Company_366,Manufacturing,Africa,2019,1002.7,7.4,1414.7,9.8,22.6,28.3,12.8,26.5,301276.3,401701.7,5021271.7,300.4650443801735,400.620025929989,5007.750772913135,22.53333333333333,0.09848816827344442
366,Company_366,Manufacturing,Africa,2020,1115.3,2.9,619.2,11.2,22.0,27.9,12.0,25.9,336069.3,448092.4,5601154.9,301.3263695866583,401.7684927822111,5022.106070115665,21.933333333333334,0.11229679864366204
366,Company_366,Manufacturing,Africa,2021,998.4,2.1,402.4,-10.5,22.3,29.0,12.6,25.3,298649.6,398199.5,4977493.2,299.12820512820514,398.837640224359,4985.469951923077,22.3,-0.10481484802295349
366,Company_366,Manufacturing,Africa,2022,962.7,4.8,949.7,-3.6,23.2,29.1,13.1,27.5,287801.3,383735.1,4796688.7,298.952217720993,398.60299158616385,4982.537342889789,23.233333333333334,-0.03575721153846145
366,Company_366,Manufacturing,Africa,2023,922.4,5.4,1027.5,-4.2,23.0,30.5,10.6,27.9,273048.4,364064.5,4550806.2,296.0195143104944,394.6926496097138,4933.658065915005,23.0,-0.04186143139087983
366,Company_366,Manufacturing,Africa,2024,819.8,8.4,1025.2,-11.1,22.7,31.1,9.0,28.0,241509.7,322013.0,4025162.2,294.5958770431813,392.794584044889,4909.9319346182,22.7,-0.11123156981786642
366,Company_366,Manufacturing,Africa,2025,827.4,9.5,1178.3,0.9,24.8,36.2,8.4,29.9,235015.3,313353.7,3916921.3,284.0407299975828,378.7209330432681,4734.011723471114,24.833333333333332,0.009270553793608194
367,Company_367,Utilities,Latin America,2015,1143.6,10.6,1264.4,-2.95,58.9,58.4,62.2,56.0,723865.9,452416.2,7238659.2,632.9712311997203,395.6070304302204,6329.712486883526,58.86666666666667,
367,Company_367,Utilities,Latin America,2016,1125.9,11.2,1700.1,-1.5,59.7,61.2,65.4,52.6,694854.9,434284.3,6948549.5,617.1550759392486,385.721911359801,6171.551203481658,59.73333333333334,-0.015477439664218107
367,Company_367,Utilities,Latin America,2017,1060.4,10.9,1407.6,-5.8,59.8,60.9,66.1,52.5,656605.3,410378.3,6566052.8,619.2052998868352,387.0033006412674,6192.052810260278,59.833333333333336,-0.0581756816768807
367,Company_367,Utilities,Latin America,2018,968.0,8.8,1064.5,-8.7,61.3,60.6,68.3,54.9,600534.6,375334.1,6005346.2,620.3869834710744,387.7418388429752,6203.870041322314,61.26666666666667,-0.08713692946058094
367,Company_367,Utilities,Latin America,2019,1074.8,12.5,1092.3,11.0,62.1,62.5,68.8,55.2,655745.9,409841.2,6557458.8,610.1096948269446,381.31857089691107,6101.096762188315,62.166666666666664,0.1103305785123967
367,Company_367,Utilities,Latin America,2020,1027.8,12.6,1478.8,-4.4,65.3,64.0,72.5,59.3,618399.7,386499.8,6183997.2,601.673185444639,376.0457287410002,6016.732049036778,65.26666666666667,-0.04372906587272052
367,Company_367,Utilities,Latin America,2021,1050.1,12.3,1169.4,2.2,67.2,62.4,78.0,61.1,640885.7,400553.6,6408857.5,610.3092086467956,381.4432911151319,6103.092562613085,67.16666666666667,0.021696828176688054
367,Company_367,Utilities,Latin America,2022,1084.6,10.6,1067.4,3.3,67.4,65.3,76.4,60.4,644377.2,402735.8,6443772.2,594.1150654619214,371.3219620136456,5941.150839018994,67.36666666666666,0.03285401390343767
367,Company_367,Utilities,Latin America,2023,986.2,11.4,1428.5,-9.1,67.7,63.4,77.1,62.7,596797.5,372998.5,5967975.3,605.14854998986,378.21790711823155,6051.485804096532,67.73333333333333,-0.09072469113037052
367,Company_367,Utilities,Latin America,2024,1064.7,11.7,1041.3,8.0,68.5,62.0,81.3,62.2,652498.3,407811.5,6524983.3,612.8470930778624,383.0294918756457,6128.471212548136,68.5,0.07959845873048055
367,Company_367,Utilities,Latin America,2025,1016.1,10.9,1261.4,-4.6,71.1,62.4,87.2,63.6,620310.3,387693.9,6203102.7,610.4815470918217,381.5509300265722,6104.815175671686,71.06666666666666,-0.04564666103127646
368,Company_368,Finance,Europe,2015,3489.1,12.6,8340.9,5.300000000000001,72.2,96.9,62.9,56.7,36395.5,18197.7,90988.7,10.431200022928548,5.2155856811212065,26.077985726978305,72.16666666666667,
368,Company_368,Finance,Europe,2016,3748.5,13.4,6439.1,7.4,72.5,93.1,63.7,60.6,41121.2,20560.6,102803.0,10.970041349873282,5.485020674936641,27.425103374683207,72.46666666666667,0.07434581983892707
368,Company_368,Finance,Europe,2017,3619.2,12.5,5629.4,-3.4,72.1,91.3,62.3,62.9,40620.9,20310.5,101552.3,11.223723474801062,5.6118755526083115,28.059322502210435,72.16666666666667,-0.03449379751900761
368,Company_368,Finance,Europe,2018,3956.8,14.1,11098.2,9.3,73.5,94.2,65.5,60.8,42754.5,21377.3,106886.3,10.805322482814395,5.402673877881115,27.013318843509907,73.5,0.09328028293545554
368,Company_368,Finance,Europe,2019,3838.6,15.0,9248.4,-3.0,75.0,96.8,65.9,62.4,40106.9,20053.4,100267.1,10.448314489657688,5.224144219246601,26.12074714739749,75.03333333333333,-0.029872624342903387
368,Company_368,Finance,Europe,2020,3963.6,17.7,12017.5,3.3,76.6,100.0,64.7,65.3,39635.7,19817.8,99089.2,9.999924311232213,4.999949540821476,24.999798163285902,76.66666666666667,0.03256395560881575
368,Company_368,Finance,Europe,2021,3979.3,19.2,6902.1,0.4,78.6,100.0,67.6,68.2,39792.6,19896.3,99481.4,9.999899479808006,4.999949739904003,24.999723569472014,78.60000000000001,0.003961045514179196
368,Company_368,Finance,Europe,2022,4427.3,20.7,17392.7,11.3,80.0,97.3,70.9,71.7,45956.5,22978.2,114891.2,10.38025433108215,5.190115871976148,25.950624534140445,79.96666666666665,0.11258261503279465
368,Company_368,Finance,Europe,2023,4688.1,21.9,10876.8,5.9,82.2,100.0,72.4,74.4,46881.3,23440.7,117203.3,10.000063991809048,5.000042661206032,25.000170644824127,82.26666666666667,0.05890723465769199
368,Company_368,Finance,Europe,2024,4964.6,18.8,18643.9,5.9,82.4,99.5,72.2,75.6,50009.8,25004.9,125024.4,10.073278814003142,5.036639407001571,25.183176892398176,82.43333333333332,0.058979117339647225
368,Company_368,Finance,Europe,2025,5197.5,18.9,8868.6,4.7,83.0,100.0,72.2,76.9,51974.8,25987.4,129936.9,9.99996151996152,4.99998075998076,24.99988455988456,83.03333333333333,0.04691213793659088
369,Company_369,Utilities,Europe,2015,779.4,6.7,448.7,5.449999999999999,57.1,5.1,74.4,91.8,725809.8,453631.1,7258097.8,931.2417244033873,582.0260456761612,9312.416987426226,57.1,
369,Company_369,Utilities,Europe,2016,748.0,7.4,684.7,-4.0,59.3,5.6,80.6,91.6,694700.7,434187.9,6947006.5,928.7442513368983,580.4651069518717,9287.441844919786,59.26666666666666,-0.040287400564536835
369,Company_369,Utilities,Europe,2017,807.1,6.7,717.4,7.9,60.7,7.8,81.5,92.9,739811.1,462381.9,7398110.9,916.6287944492627,572.8929500681452,9166.287820592244,60.73333333333333,0.07901069518716586
369,Company_369,Utilities,Europe,2018,981.3,6.5,947.2,21.6,61.1,8.4,79.3,95.5,895954.3,559971.4,8959543.2,913.0279221440946,570.6424131254458,9130.279425252216,61.06666666666666,0.2158344690868541
369,Company_369,Utilities,Europe,2019,1135.9,4.4,562.9,15.8,62.4,9.7,81.2,96.3,1028838.3,643024.0,10288383.4,905.747248877542,566.0920855709129,9057.472840919094,62.4,0.15754611230001037
369,Company_369,Utilities,Europe,2020,1114.2,3.6,485.9,-1.9,60.6,8.4,80.6,92.9,1017209.2,635755.7,10172091.6,912.9502782265301,570.5938790163345,9129.502423263328,60.63333333333333,-0.01910379434809406
369,Company_369,Utilities,Europe,2021,1151.2,2.8,413.2,3.3,61.1,9.7,80.6,93.1,1042638.5,651649.1,10426385.2,905.6970986796387,566.0607192494788,9056.971160528143,61.133333333333326,0.03320768264225449
369,Company_369,Utilities,Europe,2022,1359.9,3.1,354.0,18.1,65.0,16.7,81.3,97.0,1178426.6,736516.6,11784265.8,866.5538642547247,541.5961467754981,8665.53849547761,65.0,0.1812890896455872
369,Company_369,Utilities,Europe,2023,1443.0,1.7,313.9,6.1,64.8,18.9,80.6,94.9,1232200.2,770125.1,12322001.6,853.9155925155925,533.697227997228,8539.155647955648,64.8,0.061107434370174296
369,Company_369,Utilities,Europe,2024,1459.0,3.3,436.7,1.1,67.1,23.3,80.4,97.7,1209934.9,756209.3,12099349.0,829.290541466758,518.3065798492119,8292.90541466758,67.13333333333334,0.011088011088011163
369,Company_369,Utilities,Europe,2025,1529.3,3.7,855.4,4.8,67.6,24.1,81.8,96.9,1261631.1,788519.4,12616310.9,824.9729287909502,515.6080559733211,8249.729222520107,67.60000000000001,0.048183687457162394
370,Company_370,Technology,Middle East,2015,1993.8,12.2,7573.7,18.35,52.9,92.8,52.2,13.7,54904.4,32942.6,109808.7,27.537566456013643,16.52251981141539,55.07508275654529,52.9,
370,Company_370,Technology,Middle East,2016,2224.2,13.2,8202.4,11.6,55.0,94.9,54.2,15.9,59560.3,35736.2,119120.6,26.778302310943264,16.06699037856308,53.55660462188653,55.00000000000001,0.11555823051459524
370,Company_370,Technology,Middle East,2017,2256.7,12.4,5797.0,1.5,56.5,96.4,54.9,18.1,59292.0,35575.2,118583.9,26.27376257366952,15.76425754420171,52.54748083484734,56.46666666666667,0.014611995324161464
370,Company_370,Technology,Middle East,2018,2661.2,13.4,11973.9,17.9,57.1,99.4,52.5,19.6,67132.7,40279.6,134265.4,25.226476777393657,15.135878551029611,50.452953554787314,57.166666666666664,0.1792440288917445
370,Company_370,Technology,Middle East,2019,3162.5,9.7,10199.2,18.8,57.0,100.0,51.6,19.3,79062.4,47437.4,158124.8,24.99996837944664,14.99996837944664,49.99993675889328,56.96666666666667,0.18837366601533145
370,Company_370,Technology,Middle East,2020,3758.7,9.0,6913.3,18.9,56.3,99.3,51.0,18.6,94919.9,56952.0,189839.9,25.253385479022,15.152047250379121,50.5067975629872,56.300000000000004,0.1885217391304348
370,Company_370,Technology,Middle East,2021,4469.1,6.5,8407.8,18.9,58.0,100.0,55.2,18.9,111726.7,67036.0,223453.4,24.9998209930411,14.99988812065069,49.9996419860822,58.03333333333333,0.18900151648176244
370,Company_370,Technology,Middle East,2022,5373.7,7.4,8625.2,20.2,58.1,100.0,56.3,18.0,134341.4,80604.8,268682.8,24.99979529932821,14.999869735936134,49.99959059865642,58.1,0.20241211877111698
370,Company_370,Technology,Middle East,2023,6108.3,5.5,8434.8,13.7,59.7,100.0,57.3,22.0,152707.0,91624.2,305414.0,24.999918144164496,14.999950886498697,49.99983628832899,59.76666666666667,0.13670283045201637
370,Company_370,Technology,Middle East,2024,7547.5,8.3,14888.9,23.6,60.1,98.7,57.1,24.5,192010.7,115206.4,384021.5,25.440304736667773,15.264180192116594,50.88062272275588,60.1,0.23561383691043325
370,Company_370,Technology,Middle East,2025,7425.1,5.4,12440.4,-1.6,62.2,99.5,58.3,28.8,186932.8,112159.7,373865.5,25.175795612180305,15.1054800608746,50.35157775652853,62.20000000000001,-0.016217290493540815
371,Company_371,Retail,Middle East,2015,853.8,2.0,268.8,3.3,43.2,73.3,22.4,33.9,58647.0,29323.5,117294.0,68.68938861560085,34.344694307800424,137.3787772312017,43.199999999999996,
371,Company_371,Retail,Middle East,2016,899.1,3.7,730.5,5.3,44.4,73.0,24.6,35.6,61973.6,30986.8,123947.2,68.92848403959515,34.464242019797574,137.8569680791903,44.4,0.05305692199578371
371,Company_371,Retail,Middle East,2017,881.3,3.2,516.8,-2.0,45.0,73.3,24.1,37.5,60540.6,30270.3,121081.3,68.69465562237603,34.347327811188016,137.38942471349145,44.96666666666667,-0.01979757535313098
371,Company_371,Retail,Middle East,2018,947.6,3.8,680.9,7.5,44.6,73.6,24.8,35.3,64905.8,32452.9,129811.6,68.49493457154918,34.24746728577459,136.98986914309836,44.56666666666666,0.07522977419720878
371,Company_371,Retail,Middle East,2019,933.0,3.3,478.0,-1.5,46.0,72.5,26.6,38.9,64640.6,32320.3,129281.2,69.28252947481243,34.64126473740622,138.56505894962487,46.0,-0.015407344871253725
371,Company_371,Retail,Middle East,2020,978.7,2.3,224.4,4.9,46.2,73.5,30.1,34.9,67078.9,33539.4,134157.8,68.53877592725043,34.269336875447024,137.07755185450085,46.166666666666664,0.048981779206859644
371,Company_371,Retail,Middle East,2021,1007.3,0.7,69.0,2.9,45.0,70.6,30.6,33.7,71102.7,35551.3,142205.4,70.58741189317979,35.293656308944705,141.17482378635958,44.96666666666666,0.029222437927863387
371,Company_371,Retail,Middle East,2022,1085.1,-0.1,1882.9,7.7,45.1,71.2,30.5,33.5,76159.4,38079.7,152318.8,70.1865265874113,35.09326329370565,140.3730531748226,45.06666666666666,0.07723617591581444
371,Company_371,Retail,Middle East,2023,1125.2,-0.7,2134.7,3.7,45.7,70.5,31.9,34.8,79524.7,39762.3,159049.3,70.67605758976181,35.3379843583363,141.3520263064344,45.73333333333333,0.03695511934383933
371,Company_371,Retail,Middle East,2024,1151.7,-1.1,3862.5,2.4,47.4,73.0,33.5,35.7,79375.8,39687.9,158751.6,68.92055222714248,34.46027611357124,137.84110445428496,47.4,0.023551368645574167
371,Company_371,Retail,Middle East,2025,1164.2,-1.7,3144.4,1.1,47.8,73.6,34.9,34.8,79749.4,39874.7,159498.9,68.50146023020099,34.250730115100495,137.00300635629617,47.76666666666667,0.010853520882174283
372,Company_372,Energy,Latin America,2015,2733.1,20.6,4603.2,21.4,50.9,48.1,40.4,64.3,2359600.2,707880.1,23596002.5,863.3420657861038,259.0026343712268,8633.420840803483,50.93333333333334,
372,Company_372,Energy,Latin America,2016,3312.1,20.7,13239.6,21.2,50.5,46.0,37.3,68.2,2907327.9,872198.4,29073279.4,877.7898916095528,263.3369765405634,8777.899036864828,50.5,0.21184735282280198
372,Company_372,Energy,Latin America,2017,3987.3,34.3,16898.3,20.4,53.0,46.6,38.9,73.5,3484647.7,1045394.3,34846476.5,873.9366739397587,262.18099967396483,8739.366613999448,53.0,0.20385857914918026
372,Company_372,Energy,Latin America,2018,5248.4,24.0,15163.6,31.6,55.9,52.6,39.2,75.7,4364836.5,1309450.9,43648364.8,831.6508840789575,249.4952556969743,8316.508802682722,55.833333333333336,0.31627918641687347
372,Company_372,Energy,Latin America,2019,7225.2,25.9,16490.9,37.7,58.4,53.8,42.8,78.6,5951479.7,1785443.9,59514796.7,823.7114128328628,247.1134224658141,8237.114086807287,58.4,0.3766481213322157
372,Company_372,Energy,Latin America,2020,9179.8,24.5,39919.4,27.1,59.4,56.7,44.9,76.6,7373739.3,2212121.8,73737392.7,803.2570753175451,240.97712368461185,8032.570720495001,59.4,0.2705253833803909
372,Company_372,Energy,Latin America,2021,11001.9,21.3,19652.2,19.8,59.5,54.8,47.5,76.3,8984564.1,2695369.2,89845640.8,816.6374989774494,244.9912469664331,8166.374971595816,59.53333333333333,0.19849016318438317
372,Company_372,Energy,Latin America,2022,12296.4,16.5,40471.7,11.8,60.0,55.2,50.0,74.8,10008343.1,3002502.9,100083431.3,813.9246527438925,244.1773933834293,8139.24655183631,60.0,0.11766149483271082
372,Company_372,Energy,Latin America,2023,15362.4,15.0,29236.9,24.9,60.9,55.6,51.9,75.3,12457177.7,3737153.3,124571777.4,810.8874720095818,243.26624095193458,8108.874746133417,60.93333333333334,0.24934127061579003
372,Company_372,Energy,Latin America,2024,18440.5,9.8,19628.0,20.0,63.0,56.7,58.7,73.7,14806514.2,4441954.2,148065141.5,802.9345299747837,240.88035573872727,8029.345272633605,63.03333333333334,0.2003658282560017
372,Company_372,Energy,Latin America,2025,22416.1,9.9,33517.9,21.6,64.2,59.5,59.1,74.0,17564369.4,5269310.8,175643694.2,783.560449855238,235.06813406435555,7835.604507474538,64.2,0.21559068354979516
373,Company_373,Energy,Africa,2015,3717.3,9.6,3268.3,17.35,50.4,47.0,51.2,53.1,3236588.4,970976.5,32365884.2,870.682592204019,261.2047722809566,8706.825975842681,50.43333333333334,
373,Company_373,Energy,Africa,2016,4425.8,20.1,12692.0,19.1,47.5,39.1,50.7,52.6,4099173.2,1229752.0,40991731.9,926.1993763839306,277.8598219530932,9261.99374124452,47.46666666666667,0.19059532456352724
373,Company_373,Energy,Africa,2017,5781.8,19.2,17424.5,30.6,49.4,42.8,51.7,53.9,5207191.1,1562157.3,52071910.9,900.6176450240408,270.1852883185167,9006.176432944758,49.46666666666667,0.30638528627592754
373,Company_373,Energy,Africa,2018,6746.4,12.7,15608.9,16.7,50.3,43.0,53.0,54.8,6064806.8,1819442.0,60648067.8,898.9693466144907,269.6907980552591,8989.693436499467,50.26666666666667,0.1668338579681068
373,Company_373,Energy,Africa,2019,7925.9,23.7,33208.1,17.5,50.9,45.4,52.7,54.6,6990424.0,2097127.2,69904240.3,881.9722681335874,264.59168044007623,8819.722719186464,50.9,0.17483398553302498
373,Company_373,Energy,Africa,2020,9290.8,21.4,23472.0,17.2,51.5,48.0,51.4,55.2,8024891.6,2407467.5,80248915.8,863.7460283290998,259.1238106513971,8637.460261764327,51.53333333333334,0.1722075726415928
373,Company_373,Energy,Africa,2021,10337.5,20.0,39918.7,11.3,51.8,48.2,52.9,54.4,8919165.5,2675749.6,89191654.9,862.797146311971,258.8391390568319,8627.971453446191,51.833333333333336,0.11265983553622938
373,Company_373,Energy,Africa,2022,9748.5,16.9,29528.2,-5.7,51.2,48.8,51.9,52.8,8370945.9,2511283.8,83709459.0,858.6906601015542,257.60720110786275,8586.90660101554,51.166666666666664,-0.05697702539298666
373,Company_373,Energy,Africa,2023,11496.4,23.5,44606.4,17.9,51.1,43.4,52.5,57.3,10299766.8,3089930.0,102997667.6,895.9123551720539,268.77370307226613,8959.123516927039,51.06666666666666,0.17929937939170126
373,Company_373,Energy,Africa,2024,12594.6,17.5,19184.1,9.6,51.2,44.9,53.6,55.0,11157704.2,3347311.2,111577041.6,885.9117558318644,265.7735219856129,8859.117526559,51.166666666666664,0.09552555582617184
373,Company_373,Energy,Africa,2025,16525.4,15.1,28249.6,31.2,53.8,51.1,55.6,54.8,13915778.5,4174733.6,139157785.4,842.0842158132328,252.62526776961525,8420.842182337492,53.833333333333336,0.3121020119733855
374,Company_374,Healthcare,Africa,2015,5202.0,21.4,26432.4,9.45,20.7,47.5,10.9,3.6,451245.1,451245.1,902490.2,86.74454056132257,86.74454056132257,173.48908112264513,20.666666666666668,
374,Company_374,Healthcare,Africa,2016,5594.8,21.9,24841.7,7.6,19.3,44.9,10.8,2.3,495548.6,495548.6,991097.3,88.57306784871666,88.57306784871666,177.14615357117324,19.333333333333332,0.0755094194540562
374,Company_374,Healthcare,Africa,2017,5709.8,23.7,23563.8,2.1,22.1,48.8,13.5,4.1,490069.1,490069.1,980138.1,85.8294686328768,85.8294686328768,171.65891975200532,22.13333333333333,0.020554800886537494
374,Company_374,Healthcare,Africa,2018,6352.7,27.6,36789.8,11.3,22.5,48.2,13.2,6.1,547961.1,547961.1,1095922.2,86.25641066003432,86.25641066003432,172.51282132006864,22.5,0.11259588777190088
374,Company_374,Healthcare,Africa,2019,7513.5,30.0,37116.4,18.3,23.2,50.0,15.2,4.2,638501.7,638501.7,1277003.3,84.98059492912756,84.98059492912756,169.96117654887868,23.133333333333336,0.18272545531821116
374,Company_374,Healthcare,Africa,2020,8527.8,26.4,47362.1,13.5,22.2,47.1,14.3,5.2,742364.4,742364.4,1484728.8,87.05227608527406,87.05227608527406,174.10455217054812,22.200000000000003,0.13499700539029735
374,Company_374,Healthcare,Africa,2021,8970.5,21.6,40836.4,5.2,23.7,47.9,18.2,5.0,775449.5,775449.5,1550898.9,86.44440109246976,86.44440109246976,172.88879103728888,23.7,0.0519125683060111
374,Company_374,Healthcare,Africa,2022,9127.3,23.7,27429.9,1.7,24.9,47.5,22.7,4.6,791709.9,791709.9,1583419.8,86.7408653161395,86.7408653161395,173.481730632279,24.933333333333334,0.01747951619196253
374,Company_374,Healthcare,Africa,2023,10508.6,25.7,61850.7,15.1,25.2,48.4,24.4,2.9,905251.3,905251.3,1810502.5,86.14385360561826,86.14385360561826,172.28769769522106,25.233333333333334,0.15133719719961003
374,Company_374,Healthcare,Africa,2024,9095.3,28.6,59902.0,-13.4,24.5,50.7,20.6,2.1,768548.8,768548.8,1537097.7,84.49955471507263,84.49955471507263,168.9991204248348,24.46666666666667,-0.13448984641151063
374,Company_374,Healthcare,Africa,2025,10380.2,26.2,34549.2,14.1,23.8,48.5,19.6,3.1,892862.8,892862.8,1785725.5,86.01595344983718,86.01595344983718,172.03189726594863,23.73333333333333,0.14127076621991597
375,Company_375,Transportation,Middle East,2015,344.4,12.1,666.4,-2.0,17.0,11.1,21.6,18.2,231871.8,38645.3,772906.1,673.2630662020906,112.21051103368178,2244.210511033682,16.96666666666667,
375,Company_375,Transportation,Middle East,2016,400.5,8.9,504.1,16.3,14.9,9.1,21.2,14.4,273035.4,45505.9,910117.8,681.736329588015,113.6227215980025,2272.4539325842698,14.899999999999999,0.16289198606271782
375,Company_375,Transportation,Middle East,2017,382.8,11.5,458.4,-4.4,16.2,10.3,19.5,18.7,259081.0,43180.2,863603.2,676.8051201671891,112.80094043887146,2256.0167189132703,16.166666666666668,-0.044194756554307046
375,Company_375,Transportation,Middle East,2018,312.4,9.6,491.1,-18.4,16.5,10.2,21.3,17.9,211593.0,35265.5,705309.9,677.3143405889886,112.88572343149809,2257.7141485275292,16.466666666666665,-0.1839080459770116
375,Company_375,Transportation,Middle East,2019,335.6,6.4,339.4,7.4,17.8,11.5,21.8,20.2,225449.6,37574.9,751498.6,671.7806912991656,111.96334922526817,2239.268772348033,17.833333333333332,0.07426376440460958
375,Company_375,Transportation,Middle East,2020,337.0,5.2,171.1,0.4,19.7,10.5,25.6,23.1,227776.9,37962.8,759256.3,675.8958456973294,112.6492581602374,2252.986053412463,19.733333333333334,0.004171632896305066
375,Company_375,Transportation,Middle East,2021,401.1,4.3,316.7,19.0,19.8,10.1,27.7,21.6,271883.6,45313.9,906278.5,677.8449264522562,112.97407130391423,2259.482672650212,19.8,0.1902077151335313
375,Company_375,Transportation,Middle East,2022,357.3,2.9,112.8,-10.9,19.3,8.7,26.1,23.1,244230.3,40705.0,814100.9,683.544080604534,113.92387349566191,2278.479988804926,19.3,-0.10919970082273744
375,Company_375,Transportation,Middle East,2023,381.1,1.5,104.9,6.7,19.9,8.5,25.9,25.3,260846.2,43474.4,869487.4,684.456048281291,114.07609551298872,2281.5203358698504,19.900000000000002,0.06661069129582997
375,Company_375,Transportation,Middle East,2024,346.8,2.3,76.8,-9.0,19.2,9.2,23.2,25.2,236225.9,39371.0,787419.8,681.1588811995387,113.52652825836216,2270.529988465975,19.2,-0.09000262398320658
375,Company_375,Transportation,Middle East,2025,329.2,2.7,163.1,-5.1,20.0,10.8,21.6,27.8,222180.3,37030.0,740601.0,674.9097812879709,112.48481166464155,2249.699270959903,20.066666666666666,-0.0507497116493657
376,Company_376,Technology,Oceania,2015,1372.4,19.3,6360.3,2.65,81.6,91.2,68.3,85.3,38556.2,23133.7,77112.4,28.093995919556978,16.856382978723403,56.187991839113955,81.60000000000001,
376,Company_376,Technology,Oceania,2016,1425.1,16.4,5665.3,3.8,83.6,90.9,71.3,88.6,40147.8,24088.7,80295.7,28.171917760157186,16.90316469019718,56.34390569082871,83.6,0.038399883415913605
376,Company_376,Technology,Oceania,2017,1504.3,18.8,4299.9,5.6,83.9,93.5,71.1,87.2,41053.2,24631.9,82106.4,27.290567041148705,16.374326929468857,54.58113408229741,83.93333333333334,0.05557504736509733
376,Company_376,Technology,Oceania,2018,1534.7,16.4,8155.9,2.0,86.0,92.5,75.8,89.8,42409.4,25445.6,84818.8,27.633674333746008,16.580178536521796,55.267348667492016,86.03333333333335,0.020208734959781927
376,Company_376,Technology,Oceania,2019,1506.5,15.9,3965.6,-1.8,85.5,91.0,75.7,89.7,42411.5,25446.9,84823.0,28.152339860604048,16.89140391636243,56.304679721208096,85.46666666666665,-0.018374926695771232
376,Company_376,Technology,Oceania,2020,1485.3,15.4,5466.1,-1.4,86.4,92.3,75.1,91.8,41156.1,24693.6,82312.1,27.708947687335893,16.625328216521915,55.417828048205756,86.39999999999999,-0.014072353136408977
376,Company_376,Technology,Oceania,2021,1566.7,14.5,6352.8,5.5,88.7,92.0,77.5,96.6,43573.2,26143.9,87146.4,27.812089104487136,16.687240697006448,55.62417820897427,88.7,0.05480374335151161
376,Company_376,Technology,Oceania,2022,1712.0,12.7,5542.1,9.3,90.5,95.0,78.5,98.0,45778.7,27467.2,91557.5,26.73989485981308,16.04392523364486,53.47984813084112,90.5,0.09274270760196579
376,Company_376,Technology,Oceania,2023,1768.8,10.4,5648.9,3.3,91.0,97.5,76.9,98.5,45746.3,27447.8,91492.6,25.86290140208051,15.517752148349164,51.72580280416102,90.96666666666665,0.03317757009345801
376,Company_376,Technology,Oceania,2024,1716.2,13.4,7542.1,-3.0,90.0,95.8,77.2,96.9,45414.7,27248.8,90829.3,26.462358699452277,15.877403566017946,52.92465913063746,89.96666666666665,-0.029737675260063323
376,Company_376,Technology,Oceania,2025,1559.1,11.5,4393.4,-9.2,88.9,93.0,79.0,94.6,42778.8,25667.3,85557.5,27.438137386954015,16.462895260085947,54.876210634340325,88.86666666666667,-0.09153944761682797
377,Company_377,Consumer Goods,Europe,2015,2424.9,2.7,998.4,8.8,47.5,45.5,19.8,77.1,427525.7,534407.1,2137628.3,176.30652810425173,220.38314982061115,881.5325580436305,47.46666666666666,
377,Company_377,Consumer Goods,Europe,2016,2822.5,5.5,1824.5,16.4,48.2,46.4,21.9,76.2,493985.4,617481.8,2469927.2,175.01697077059345,218.77123117803367,875.0849247121347,48.166666666666664,0.16396552435151968
377,Company_377,Consumer Goods,Europe,2017,3277.6,4.5,2080.7,16.1,49.2,46.8,22.6,78.2,571944.5,714930.6,2859722.6,174.501006834269,218.12625091530387,872.5050646814743,49.20000000000001,0.16124003542958376
377,Company_377,Consumer Goods,Europe,2018,3232.8,8.3,5983.9,-1.4,49.3,50.4,23.3,74.3,547805.2,684756.5,2739025.9,169.45223954466715,211.81529943083393,847.2611667903983,49.333333333333336,-0.013668537954600879
377,Company_377,Consumer Goods,Europe,2019,3559.3,9.5,3680.3,10.1,49.6,49.2,24.0,75.6,609026.1,761282.6,3045130.4,171.10839209957012,213.88548310060966,855.5419324024386,49.6,0.10099604058401379
377,Company_377,Consumer Goods,Europe,2020,3827.9,10.6,8961.1,7.5,48.1,50.2,21.9,72.1,649636.7,812045.8,3248183.4,169.71099036024972,212.13871835732385,848.5549256772642,48.06666666666666,0.07546427668361755
377,Company_377,Consumer Goods,Europe,2021,4445.5,11.4,5692.0,16.1,47.7,50.7,21.4,70.9,751214.6,939018.2,3756072.9,168.9831515015184,211.22892812956923,844.9157350129344,47.666666666666664,0.16134172784033018
377,Company_377,Consumer Goods,Europe,2022,4775.1,13.0,9647.4,7.4,48.9,54.0,21.3,71.3,784969.0,981211.2,3924844.9,164.3879709325459,205.48495319469745,821.9398337207597,48.86666666666667,0.07414239118209442
377,Company_377,Consumer Goods,Europe,2023,4861.3,16.6,16963.0,1.8,49.4,57.4,20.6,70.2,775947.4,969934.2,3879736.8,159.61726287207125,199.52156830477443,798.0862732190977,49.4,0.018051977969047783
377,Company_377,Consumer Goods,Europe,2024,4952.3,15.8,10664.8,1.9,50.1,55.3,23.7,71.1,805150.4,1006438.0,4025752.0,162.5811037295802,203.22637966197524,812.905518647901,50.03333333333333,0.018719272622549576
377,Company_377,Consumer Goods,Europe,2025,5860.2,15.4,17085.5,18.3,49.9,53.4,24.5,71.9,968631.2,1210789.0,4843155.9,165.28978533155865,206.61223166444833,826.4489095935293,49.93333333333334,0.1833289582618176
378,Company_378,Technology,Oceania,2015,1305.1,24.9,8990.4,6.65,86.7,79.9,97.4,82.9,41801.7,25081.0,83603.4,32.02949965519883,19.217684468623094,64.05899931039767,86.73333333333335,
378,Company_378,Technology,Oceania,2016,1387.2,25.1,12096.6,6.3,86.5,82.7,94.9,81.9,43081.2,25848.7,86162.3,31.056228373702417,18.633722606689734,62.112384659746255,86.5,0.06290705693050347
378,Company_378,Technology,Oceania,2017,1372.4,30.5,12729.0,-1.1,88.9,85.6,95.6,85.3,41222.1,24733.2,82444.1,30.036505392013986,18.02185951617604,60.07293791897406,88.83333333333333,-0.01066897347174156
378,Company_378,Technology,Oceania,2018,1485.1,28.5,10409.7,8.2,89.3,84.4,94.4,89.0,45256.4,27153.8,90512.8,30.47363813884587,18.284155949094338,60.94727627769174,89.26666666666667,0.08211891576799757
378,Company_378,Technology,Oceania,2019,1589.3,30.1,9280.7,7.0,89.3,85.2,95.9,86.9,47966.2,28779.7,95932.3,30.18070848801359,18.108412508651607,60.36135405524445,89.33333333333333,0.07016362534509457
378,Company_378,Technology,Oceania,2020,1737.6,31.8,15740.8,9.3,91.4,87.4,98.5,88.4,51133.2,30679.9,102266.3,29.427486187845304,17.65648020257827,58.854914825046045,91.43333333333334,0.09331152079531857
378,Company_378,Technology,Oceania,2021,1907.3,31.0,19915.4,9.8,90.8,85.0,99.6,88.0,57717.5,34630.5,115435.0,30.26136423216065,18.15681853929639,60.5227284643213,90.86666666666667,0.09766344383057102
378,Company_378,Technology,Oceania,2022,2019.5,30.8,21034.6,5.9,92.2,86.5,99.3,90.9,59997.2,35998.3,119994.4,29.708937855904924,17.82535281010151,59.41787571180985,92.23333333333335,0.058826613537461325
378,Company_378,Technology,Oceania,2023,2121.9,32.6,23371.5,5.1,93.7,90.2,97.4,93.6,60323.5,36194.1,120647.0,28.429002309251143,17.057401385550683,56.858004618502285,93.73333333333335,0.050705620203020496
378,Company_378,Technology,Oceania,2024,2533.5,34.3,25797.6,19.4,93.9,90.6,96.7,94.4,71676.8,43006.1,143353.7,28.291612393921454,16.974975330570356,56.583264258930335,93.90000000000002,0.19397709599886892
378,Company_378,Technology,Oceania,2025,2554.2,36.6,27445.4,0.8,95.3,91.3,98.8,95.8,71639.1,42983.5,143278.2,28.047568710359414,16.828556886696422,56.09513742071883,95.3,0.008170515097690956
379,Company_379,Manufacturing,Africa,2015,1632.7,7.6,2119.4,8.15,37.4,32.8,28.9,50.6,475380.5,633840.6,7923008.0,291.16218533717154,388.2162062840693,4852.702884792062,37.43333333333333,
379,Company_379,Manufacturing,Africa,2016,1851.8,6.0,2124.6,13.4,38.1,32.6,30.9,50.8,539677.4,719569.9,8994624.1,291.43395615077225,388.57862620153367,4857.233016524463,38.1,0.13419489189685785
379,Company_379,Manufacturing,Africa,2017,2069.8,5.4,1626.6,11.8,37.1,33.0,26.5,51.7,601722.2,802296.3,10028703.4,290.71514155957095,387.6202048507102,4845.252391535414,37.06666666666667,0.11772329625229516
379,Company_379,Manufacturing,Africa,2018,2433.1,3.2,1093.7,17.6,38.1,32.9,31.4,50.1,707787.4,943716.5,11796456.3,290.8994287123423,387.8658912498459,4848.32366117299,38.13333333333333,0.1755242052372208
379,Company_379,Manufacturing,Africa,2019,2937.4,1.3,362.2,20.7,41.2,38.0,33.9,51.7,823129.7,1097506.2,13718827.7,280.2239054946551,373.6318512970654,4670.398209300742,41.2,0.2072664502075543
379,Company_379,Manufacturing,Africa,2020,3220.5,5.2,2513.1,9.6,43.2,41.5,34.9,53.3,878974.1,1171965.5,14649569.2,272.9309424002484,363.90793355069087,4548.8493091134915,43.23333333333333,0.09637774902975416
379,Company_379,Manufacturing,Africa,2021,3302.1,3.7,1092.5,2.5,44.2,44.2,35.0,53.2,882238.6,1176318.1,14703975.9,267.17500984222164,356.23333636170923,4452.91659852821,44.13333333333333,0.025337680484396774
379,Company_379,Manufacturing,Africa,2022,3422.5,5.6,4066.2,3.6,45.1,45.5,35.8,54.0,904769.5,1206359.4,15079492.2,264.35924032140247,352.4790065741417,4405.987494521549,45.1,0.03646164561945442
379,Company_379,Manufacturing,Africa,2023,3558.7,7.2,4661.4,4.0,46.4,46.6,37.1,55.4,932977.8,1243970.4,15549629.5,262.16815129120187,349.5575350549358,4369.469047685953,46.36666666666667,0.03979547114682247
379,Company_379,Manufacturing,Africa,2024,3581.8,4.7,3022.6,0.6,49.6,48.9,41.1,58.7,921624.3,1228832.4,15360405.6,257.307582779608,343.0767770394773,4288.459880507007,49.56666666666666,0.006491134403012522
379,Company_379,Manufacturing,Africa,2025,3822.5,3.5,2227.4,6.7,49.0,46.4,43.5,57.2,1003895.1,1338526.8,16731584.9,262.62788750817526,350.17051667756704,4377.131432308699,49.03333333333334,0.06720084873527266
380,Company_380,Retail,Europe,2015,398.6,5.1,360.6,7.8,86.0,75.7,91.8,90.4,26701.7,13350.9,53403.5,66.98871048670345,33.49448068238836,133.97767185148018,85.96666666666665,
380,Company_380,Retail,Europe,2016,443.5,2.7,257.2,11.3,86.7,78.0,91.5,90.5,29003.1,14501.5,58006.1,65.39594137542277,32.6978579481398,130.79165727170238,86.66666666666667,0.11264425489212226
380,Company_380,Retail,Europe,2017,471.0,3.2,168.8,6.2,88.0,80.3,97.3,86.5,30047.8,15023.9,60095.7,63.79575371549894,31.89787685774947,127.59171974522292,88.03333333333335,0.06200676437429542
380,Company_380,Retail,Europe,2018,503.4,4.3,360.8,6.9,88.6,81.9,96.1,87.9,31552.4,15776.2,63104.8,62.67858561779897,31.339292808899486,125.35717123559795,88.63333333333333,0.06878980891719744
380,Company_380,Retail,Europe,2019,519.5,4.5,439.2,3.2,90.5,82.1,96.7,92.6,32471.5,16235.7,64943.0,62.50529355149182,31.25255052935515,125.01058710298364,90.46666666666665,0.031982518871672694
380,Company_380,Retail,Europe,2020,564.8,6.5,868.7,8.7,91.2,86.1,97.1,90.3,33745.6,16872.8,67491.2,59.74787535410765,29.873937677053824,119.4957507082153,91.16666666666667,0.08719923002887375
380,Company_380,Retail,Europe,2021,543.4,9.0,1036.1,-3.8,92.8,88.0,95.1,95.2,31725.6,15862.8,63451.3,58.38351122561649,29.191755612808244,116.7672064777328,92.76666666666667,-0.03788951841359767
380,Company_380,Retail,Europe,2022,597.1,8.6,800.4,9.9,91.4,87.6,93.2,93.2,35021.9,17510.9,70043.8,58.65332440127282,29.326578462569085,117.30664880254564,91.33333333333333,0.09882223040117788
380,Company_380,Retail,Europe,2023,681.7,7.5,668.2,14.2,92.3,87.5,92.8,96.6,40033.8,20016.9,80067.6,58.72641924600264,29.36320962300132,117.45283849200528,92.3,0.1416848099145871
380,Company_380,Retail,Europe,2024,750.5,7.4,924.4,10.1,92.1,88.1,94.2,93.9,43758.9,21879.4,87517.8,58.30632911392405,29.153097934710196,116.6126582278481,92.06666666666668,0.10092416018776573
380,Company_380,Retail,Europe,2025,741.5,10.8,1094.5,-1.2,94.5,91.6,94.6,97.3,41437.0,20718.5,82874.1,55.88267026298045,27.941335131490224,111.76547538772759,94.5,-0.011992005329780175
381,Company_381,Utilities,Oceania,2015,2433.8,9.9,2346.2,2.65,53.2,13.1,78.8,67.7,2158100.1,1348812.6,21581001.1,886.7203960884214,554.2002629632673,8867.204001972224,53.199999999999996,
381,Company_381,Utilities,Oceania,2016,2416.2,13.0,3623.8,-0.7,52.8,12.5,78.5,67.3,2150209.9,1343881.2,21502098.9,889.9138730237563,556.1961758132605,8899.13868885026,52.76666666666667,-0.007231489851261541
381,Company_381,Utilities,Oceania,2017,2682.6,9.2,2745.6,11.0,54.6,10.9,81.1,71.8,2411643.5,1507277.2,24116435.2,898.9948184597033,561.8717661969731,8989.94825915157,54.6,0.11025577352868154
381,Company_381,Utilities,Oceania,2018,2899.0,7.5,2516.7,8.1,55.7,11.5,81.8,73.7,2596228.9,1622643.1,25962289.3,895.5601586754053,559.7251121076233,8955.601690238014,55.666666666666664,0.08066800864832624
381,Company_381,Utilities,Oceania,2019,2994.6,7.3,2086.3,3.3,53.7,10.4,78.4,72.2,2700657.8,1687911.1,27006577.5,901.8425833166366,563.6516062245375,9018.425666199159,53.666666666666664,0.03297688858226966
381,Company_381,Utilities,Oceania,2020,2697.1,6.4,1934.4,-9.9,54.5,12.7,78.9,71.9,2396989.0,1498118.2,23969890.4,888.7282636906307,555.4551926142894,8887.282785213747,54.5,-0.09934548854604952
381,Company_381,Utilities,Oceania,2021,2700.9,5.5,1514.9,0.1,52.7,13.3,78.1,66.8,2392026.8,1495016.7,23920267.9,885.6406383057498,553.525380428746,8856.406346032803,52.73333333333333,0.0014089206925957942
381,Company_381,Utilities,Oceania,2022,2755.0,4.0,1369.6,2.0,54.2,12.2,79.7,70.6,2456693.5,1535433.5,24566935.2,891.721778584392,557.3261343012704,8917.2178584392,54.166666666666664,0.020030360250286927
381,Company_381,Utilities,Oceania,2023,2772.3,3.3,1297.7,0.6,54.7,13.3,79.4,71.3,2454148.6,1533842.9,24541486.2,885.2391876781012,553.2745013165962,8852.391948923276,54.666666666666664,0.006279491833030892
381,Company_381,Utilities,Oceania,2024,2902.0,3.7,1129.6,4.7,55.3,13.6,79.5,72.7,2564727.7,1602954.8,25647277.2,883.7793590627155,552.362095106823,8837.793659545141,55.26666666666667,0.04678425855787616
381,Company_381,Utilities,Oceania,2025,3331.7,3.4,1106.8,14.8,56.1,16.2,79.9,72.0,2896559.6,1810349.8,28965596.2,869.3938830026714,543.3711918840232,8693.938890056128,56.03333333333334,0.14807029634734659
382,Company_382,Energy,Asia,2015,4654.2,-2.2,17367.6,3.0,61.1,75.1,50.2,58.0,3137334.3,941200.3,31373343.0,674.0866958875854,202.2260109148726,6740.866958875854,61.1,
382,Company_382,Energy,Asia,2016,4540.2,-9.8,18438.2,-2.5,63.6,74.8,54.6,61.4,3070290.6,921087.2,30702906.3,676.2456719968284,202.8737060041408,6762.456786044668,63.6,-0.024494005414464337
382,Company_382,Energy,Asia,2017,4849.2,-13.5,8991.1,6.8,63.6,77.0,53.0,60.9,3205708.1,961712.4,32057080.9,661.0797863565125,198.32392972036627,6610.797842943166,63.63333333333333,0.06805867582925873
382,Company_382,Energy,Asia,2018,5103.6,-6.7,10398.3,5.2,65.4,80.9,54.8,60.4,3233790.4,970137.1,32337903.6,633.6292812916372,190.08878046868875,6336.292734540324,65.36666666666666,0.05246226181638214
382,Company_382,Energy,Asia,2019,4540.8,-6.0,9553.1,-11.0,63.2,80.6,51.5,57.6,2887183.2,866155.0,28871832.1,635.8313953488372,190.74942741367158,6358.313975510923,63.23333333333333,-0.1102750999294616
382,Company_382,Energy,Asia,2020,5046.4,3.6,2398.6,11.1,64.0,81.7,51.7,58.7,3171165.0,951349.5,31711649.6,628.4014346861129,188.52043040583388,6284.014267596704,64.03333333333335,0.11134601832276236
382,Company_382,Energy,Asia,2021,5392.8,4.7,2747.5,6.9,63.3,79.6,52.0,58.3,3464827.5,1039448.3,34648275.1,642.4913773920783,192.7474224892449,6424.913792464026,63.29999999999999,0.06864299302473054
382,Company_382,Energy,Asia,2022,5224.6,0.2,204.5,-3.1,63.6,79.6,51.8,59.3,3357474.4,1007242.3,33574743.7,642.6280289400145,192.78840485396012,6426.280231979482,63.56666666666666,-0.031189734460762453
382,Company_382,Energy,Asia,2023,5323.6,-3.2,7926.3,1.9,64.6,81.4,50.6,61.7,3354454.6,1006336.4,33544545.6,630.1101885941844,189.03306033511157,6301.101810804718,64.56666666666666,0.01894881904834822
382,Company_382,Energy,Asia,2024,5539.4,-1.4,7555.9,4.1,64.8,81.6,52.8,60.2,3484256.8,1045277.0,34842567.6,628.9953424558616,188.69859551575985,6289.953352348631,64.86666666666666,0.04053647907431057
382,Company_382,Energy,Asia,2025,5288.1,-4.5,11729.2,-4.5,64.5,83.6,50.8,59.1,3250703.0,975210.9,32507029.7,614.7204099771184,184.41612299313553,6147.204043040033,64.49999999999999,-0.04536592410730389
383,Company_383,Energy,Middle East,2015,2362.0,20.8,8731.4,8.9,24.8,12.2,47.4,14.8,2633496.1,790048.8,26334961.1,1114.9433107535988,334.48298052497887,11149.43314987299,24.799999999999997,
383,Company_383,Energy,Middle East,2016,2444.5,30.6,13355.7,3.5,24.0,11.0,49.5,11.6,2745236.2,823570.9,27452361.8,1123.0256494170587,336.9077111883821,11230.256412354265,24.03333333333333,0.034928027095681546
383,Company_383,Energy,Middle East,2017,2929.0,35.3,14948.3,19.8,21.4,9.3,46.6,8.2,3324944.2,997483.3,33249441.8,1135.1806759986343,340.5542164561284,11351.806691703654,21.36666666666667,0.19820004090816123
383,Company_383,Energy,Middle East,2018,3104.3,31.7,19278.4,6.0,22.5,11.0,45.7,10.7,3485656.1,1045696.8,34856561.5,1122.847695132558,336.854298875753,11228.477112392487,22.46666666666667,0.059849778081256355
383,Company_383,Energy,Middle East,2019,3438.5,30.8,20082.6,10.8,23.3,13.8,44.2,12.0,3794573.8,1138372.1,37945737.6,1103.554980369347,331.06648247782465,11035.549687363677,23.333333333333332,0.10765712076796685
383,Company_383,Energy,Middle East,2020,3679.7,33.8,10492.6,7.0,23.6,14.9,44.0,12.1,4032750.9,1209825.3,40327508.9,1095.945566214637,328.7836780172297,10959.455634970242,23.666666666666668,0.07014686636614798
383,Company_383,Energy,Middle East,2021,4251.3,38.6,23659.9,15.5,22.5,15.8,42.3,9.3,4631372.0,1389411.6,46313720.2,1089.4013595841272,326.8204078752382,10894.013642885706,22.466666666666665,0.15533875044161216
383,Company_383,Energy,Middle East,2022,4488.7,43.9,37244.5,5.6,23.5,17.8,41.1,11.8,4828189.6,1448456.9,48281895.8,1075.632053824047,322.6896206028471,10756.32049368414,23.566666666666666,0.05584174252581553
383,Company_383,Energy,Middle East,2023,4681.1,45.4,19984.7,4.3,24.2,20.7,42.3,9.4,4937680.3,1481304.1,49376803.4,1054.8119672726496,316.4435923180449,10548.119758176495,24.133333333333336,0.042863189787689215
383,Company_383,Energy,Middle East,2024,5447.8,38.9,19906.9,16.4,26.0,22.8,45.1,10.2,5669415.7,1700824.7,56694157.5,1040.6798524174897,312.2039538896435,10406.798615955064,26.033333333333335,0.16378628954732855
383,Company_383,Energy,Middle East,2025,6635.9,41.7,30948.4,21.8,27.0,23.2,47.3,10.5,6885179.0,2065553.7,68851790.2,1037.5652134601185,311.2695640380355,10375.652164740277,27.0,0.21808803553728096
384,Company_384,Healthcare,Oceania,2015,5112.4,17.3,9874.0,9.85,55.5,51.4,33.2,82.0,429535.0,429535.0,859070.0,84.0182693060011,84.0182693060011,168.0365386120022,55.53333333333333,
384,Company_384,Healthcare,Oceania,2016,5663.9,16.1,17022.5,10.8,55.4,51.1,33.3,81.8,477079.6,477079.6,954159.1,84.23164250781264,84.23164250781264,168.46326735994634,55.4,0.10787497065957274
384,Company_384,Healthcare,Oceania,2017,6185.1,22.3,29001.2,9.2,54.5,52.2,31.5,79.8,516384.2,516384.2,1032768.3,83.48841570871934,83.48841570871934,166.97681524955135,54.5,0.09202139868288639
384,Company_384,Healthcare,Oceania,2018,6832.5,22.7,38138.1,10.5,54.3,54.5,30.6,77.7,559305.2,559305.2,1118610.4,81.85952433223564,81.85952433223564,163.71904866447127,54.26666666666667,0.10467090265315027
384,Company_384,Healthcare,Oceania,2019,7722.7,21.1,36382.6,13.0,53.4,56.3,29.2,74.7,622171.1,622171.1,1244342.3,80.56393489323682,80.56393489323682,161.1278827353128,53.4,0.13028905964141968
384,Company_384,Healthcare,Oceania,2020,9645.1,19.7,47359.4,24.9,54.2,58.8,30.0,73.9,760750.0,760750.0,1521499.9,78.87424702698779,78.87424702698779,157.74848368601673,54.23333333333333,0.2489284835614487
384,Company_384,Healthcare,Oceania,2021,9455.2,14.6,34059.0,-2.0,56.0,59.9,30.2,78.0,738472.8,738472.8,1476945.5,78.10229291818258,78.10229291818258,156.2045752601743,56.03333333333333,-0.019688753875024556
384,Company_384,Healthcare,Oceania,2022,10129.2,18.7,19430.0,7.1,58.0,65.2,32.2,76.6,753114.8,753114.8,1506229.5,74.35086680093195,74.35086680093195,148.70172372941593,58.0,0.07128352652508663
384,Company_384,Healthcare,Oceania,2023,11026.7,19.5,29015.6,8.9,59.2,64.1,32.9,80.5,828433.9,828433.9,1656867.9,75.12981218315542,75.12981218315542,150.25963343520726,59.166666666666664,0.0886052205504877
384,Company_384,Healthcare,Oceania,2024,11954.8,15.7,18848.4,8.4,59.6,63.6,32.2,83.2,902590.4,902590.4,1805180.8,75.50025094522702,75.50025094522702,151.00050189045405,59.666666666666664,0.08416842754405196
384,Company_384,Healthcare,Oceania,2025,13370.6,13.4,20947.8,11.8,58.4,60.7,33.1,81.4,1036644.6,1036644.6,2073289.1,77.53164405486665,77.53164405486665,155.06328063063737,58.400000000000006,0.11842941747247981
385,Company_385,Transportation,Oceania,2015,470.8,1.9,109.4,-5.449999999999999,27.9,9.5,42.3,31.8,320212.3,53368.7,1067374.3,680.145072217502,113.357476635514,2267.1501699235346,27.866666666666664,
385,Company_385,Transportation,Oceania,2016,409.4,2.1,165.5,-13.0,27.0,8.1,41.8,31.0,280937.2,46822.9,936457.2,686.2169027845629,114.36956521739131,2287.389350268686,26.96666666666667,-0.13041631265930342
385,Company_385,Transportation,Oceania,2017,465.6,0.6,43.6,13.7,29.0,12.5,42.6,31.9,310817.7,51802.9,1036058.9,667.5637886597938,111.26052405498281,2225.212414089347,29.0,0.13727405959941397
385,Company_385,Transportation,Oceania,2018,443.1,2.8,192.3,-4.8,29.6,16.0,43.1,29.7,289237.9,48206.3,964126.4,652.7598736176935,108.7932746558339,2175.8663958474385,29.599999999999998,-0.04832474226804129
385,Company_385,Transportation,Oceania,2019,416.2,4.2,189.5,-6.1,29.2,17.4,41.8,28.3,269212.9,44868.8,897376.2,646.8354156655455,107.80586256607401,2156.117731859683,29.166666666666668,-0.06070864364703232
385,Company_385,Transportation,Oceania,2020,418.7,5.9,270.8,0.6,31.6,19.0,43.6,32.0,268006.6,44667.8,893355.3,640.0921901122522,106.68211129687128,2133.640554096012,31.53333333333333,0.006006727534838996
385,Company_385,Transportation,Oceania,2021,423.0,4.6,263.9,1.0,31.8,17.9,46.3,31.3,272781.1,45463.5,909270.2,644.8725768321513,107.47872340425532,2149.574940898345,31.83333333333333,0.010269882971100985
385,Company_385,Transportation,Oceania,2022,431.5,1.4,61.1,2.0,32.5,15.7,49.4,32.4,282248.2,47041.4,940827.4,654.1093858632677,109.01830822711472,2180.3647740440324,32.5,0.02009456264775422
385,Company_385,Transportation,Oceania,2023,345.1,3.4,205.5,-20.0,32.9,14.2,49.9,34.5,227929.1,37988.2,759763.8,660.47261663286,110.07881773399014,2201.5757751376414,32.86666666666667,-0.20023174971031277
385,Company_385,Transportation,Oceania,2024,278.6,5.0,155.4,-19.3,34.4,19.2,47.0,37.0,178162.2,29693.7,593874.0,639.4910265613784,106.58183776022972,2131.636755204594,34.4,-0.19269776876267752
385,Company_385,Transportation,Oceania,2025,238.8,1.8,81.4,-14.3,34.0,20.7,45.3,36.0,151151.1,25191.8,503837.0,632.9610552763819,105.49329983249581,2109.870184254606,34.0,-0.1428571428571429
386,Company_386,Utilities,Asia,2015,1857.9,9.8,1601.0,0.7999999999999999,54.5,58.9,64.5,40.0,1170894.1,731808.8,11708940.7,630.2245007804511,393.8903062597556,6302.24484633188,54.46666666666667,
386,Company_386,Utilities,Asia,2016,1836.1,9.5,1964.2,-1.2,56.5,61.4,68.2,39.9,1131080.7,706925.5,11310807.4,616.0234736670116,385.0147050814226,6160.234954523175,56.5,-0.011733677808278276
386,Company_386,Utilities,Asia,2017,1973.7,8.6,2449.1,7.5,55.5,62.0,64.7,39.9,1209209.1,755755.7,12092090.5,612.6610427116583,382.91315802806906,6126.610173785276,55.53333333333333,0.0749414519906324
386,Company_386,Utilities,Asia,2018,2431.9,7.5,2538.9,23.2,56.6,58.4,68.1,43.3,1538923.4,961827.1,15389234.0,632.8070233151034,395.5043792919117,6328.070233151034,56.6,0.23215280944419114
386,Company_386,Utilities,Asia,2019,2239.1,5.4,1792.7,-7.9,57.9,61.7,71.2,40.9,1375711.1,859819.5,13757111.2,614.4035996605779,384.00227770086195,6144.0360859273815,57.93333333333334,-0.07927957564044585
386,Company_386,Utilities,Asia,2020,2180.0,5.8,1285.8,-2.6,58.2,63.9,70.4,40.2,1312556.5,820347.8,13125564.5,602.090137614679,376.30633027522936,6020.90114678899,58.166666666666664,-0.026394533517931307
386,Company_386,Utilities,Asia,2021,2302.6,7.3,1872.0,5.6,58.4,67.9,70.4,36.9,1334777.9,834236.2,13347779.3,579.6829236515243,362.3018327108486,5796.829366802745,58.400000000000006,0.05623853211009178
386,Company_386,Utilities,Asia,2022,2367.8,5.7,1286.1,2.8,59.7,72.7,68.5,37.7,1309176.2,818235.1,13091762.4,552.9082692794999,345.56765774136323,5529.082861728186,59.633333333333326,0.028315816902631852
386,Company_386,Utilities,Asia,2023,2582.1,5.3,1993.1,9.1,61.6,72.2,72.3,40.3,1434428.3,896517.7,14344282.9,555.5277874598196,347.20487200340807,5555.277835870029,61.6,0.09050595489483904
386,Company_386,Utilities,Asia,2024,2489.5,5.0,1315.1,-3.6,60.4,70.2,71.5,39.6,1411826.1,882391.3,14118261.2,567.1123117091786,354.44518979714803,5671.123197429202,60.43333333333333,-0.03586228263816271
386,Company_386,Utilities,Asia,2025,2271.1,5.7,1677.1,-8.8,61.4,71.5,70.6,42.2,1271503.2,794689.5,12715031.7,559.8622693848796,349.91391836554976,5598.622561754216,61.43333333333334,-0.08772845953002617
387,Company_387,Consumer Goods,Europe,2015,846.7,16.0,3211.6,13.3,56.3,36.4,61.4,71.3,160114.7,200143.3,800573.4,189.10440533837252,236.3804180937758,945.5219085862761,56.36666666666667,
387,Company_387,Consumer Goods,Europe,2016,903.9,14.1,3026.0,6.8,57.6,38.4,60.9,73.5,168293.6,210367.1,841468.2,186.18608253125348,232.7327137957739,930.9306339196813,57.6,0.06755639541750313
387,Company_387,Consumer Goods,Europe,2017,1020.4,14.3,3320.3,12.9,57.3,37.2,60.4,74.1,191678.8,239598.5,958394.0,187.8467267738142,234.80840846726775,939.233633869071,57.23333333333333,0.1288859387100343
387,Company_387,Consumer Goods,Europe,2018,990.8,13.4,2152.1,-2.9,58.7,38.4,60.5,77.1,184499.0,230623.7,922494.8,186.21215179652808,232.7651392813888,931.0605571255552,58.666666666666664,-0.029008232065856565
387,Company_387,Consumer Goods,Europe,2019,1126.1,12.1,1759.7,13.7,59.8,38.7,55.6,85.0,209179.3,261474.1,1045896.6,185.75552792824794,232.19438770979488,928.7777284432999,59.76666666666667,0.13655631812676616
387,Company_387,Consumer Goods,Europe,2020,1224.4,12.3,2591.0,8.7,59.1,36.7,54.3,86.5,230999.1,288748.9,1154995.5,188.66310029402155,235.82889578569095,943.3155014701077,59.166666666666664,0.08729242518426439
387,Company_387,Consumer Goods,Europe,2021,1430.2,12.8,1940.4,16.8,57.7,32.7,54.6,85.9,277854.8,347318.5,1389274.0,194.2768843518389,242.84610543979863,971.3844217591945,57.73333333333334,0.1680823260372426
387,Company_387,Consumer Goods,Europe,2022,1410.6,14.5,2798.0,-1.4,58.1,30.5,56.8,86.9,278301.1,347876.4,1391505.4,197.29271232099816,246.6159081242025,986.4634907131717,58.06666666666666,-0.013704377010208435
387,Company_387,Consumer Goods,Europe,2023,1687.8,15.3,4335.5,19.7,60.5,35.3,57.8,88.5,321573.3,401966.7,1607866.7,190.52808389619622,238.16014930678992,952.6405379784335,60.53333333333333,0.1965121225010633
387,Company_387,Consumer Goods,Europe,2024,1946.4,16.4,4532.7,15.3,61.4,37.2,61.8,85.2,365735.4,457169.2,1828676.8,187.90351418002467,234.87936703658036,939.5174681463214,61.4,0.1532172058300747
387,Company_387,Consumer Goods,Europe,2025,2262.7,16.1,3795.8,16.2,63.0,38.9,61.8,88.2,419956.3,524945.4,2099781.5,185.59963760109605,231.99955805011714,927.9981880054803,62.96666666666666,0.16250513769009434
388,Company_388,Manufacturing,Middle East,2015,823.6,6.1,570.4,2.95,42.8,53.0,30.3,45.0,204899.6,273199.5,3414993.8,248.7853326857698,331.7138173870811,4146.422778047596,42.76666666666667,
388,Company_388,Manufacturing,Middle East,2016,785.7,6.3,730.5,-4.6,44.3,54.6,32.0,46.3,192681.0,256908.0,3211350.4,245.23482245131729,326.979763268423,4087.2475499554535,44.29999999999999,-0.04601748421563867
388,Company_388,Manufacturing,Middle East,2017,823.1,6.6,1004.1,4.8,43.5,53.7,30.6,46.1,203560.3,271413.7,3392670.9,247.30931843032437,329.74571740979223,4121.82104240068,43.46666666666667,0.047600865470281306
388,Company_388,Manufacturing,Middle East,2018,672.9,6.9,600.4,-18.2,46.1,56.3,31.7,50.3,162684.8,216913.0,2711412.8,241.76668152771586,322.35547629662653,4029.4438995393075,46.1,-0.18248086502247607
388,Company_388,Manufacturing,Middle East,2019,692.5,8.5,726.4,2.9,46.4,61.3,29.2,48.8,160177.8,213570.4,2669630.6,231.3036823104693,308.40490974729244,3855.062238267148,46.43333333333334,0.02912765641254267
388,Company_388,Manufacturing,Middle East,2020,726.0,8.9,1317.1,4.8,48.0,63.8,32.7,47.5,164078.2,218770.9,2734635.9,226.00303030303033,301.33732782369145,3766.7161157024793,48.0,0.04837545126353793
388,Company_388,Manufacturing,Middle East,2021,765.5,7.0,1047.9,5.4,49.8,68.1,32.0,49.3,166024.5,221366.0,2767074.7,216.88373612018287,289.17831482691054,3614.728543435663,49.79999999999999,0.0544077134986225
388,Company_388,Manufacturing,Middle East,2022,788.2,4.8,599.2,3.0,51.5,72.3,33.2,48.9,164055.4,218740.6,2734257.4,208.13930474498855,277.5191575742197,3468.989342806394,51.46666666666667,0.0296538210320052
388,Company_388,Manufacturing,Middle East,2023,810.9,8.0,1307.8,2.9,51.7,73.7,32.6,48.8,166364.2,221818.9,2772736.8,205.15994573930203,273.54655321248,3419.332593414724,51.70000000000001,0.028799797005836014
388,Company_388,Manufacturing,Middle East,2024,646.0,5.2,276.6,-20.3,53.2,75.0,32.3,52.4,130777.0,174369.3,2179616.7,202.44117647058823,269.9215170278638,3374.019659442725,53.23333333333333,-0.20335429769392033
388,Company_388,Manufacturing,Middle East,2025,729.1,4.5,632.3,12.9,53.8,74.4,34.1,52.8,148519.5,198026.0,2475325.5,203.70250994376627,271.60334659168836,3395.0425181730902,53.76666666666667,0.1286377708978328
389,Company_389,Energy,Middle East,2015,10707.4,27.6,28915.5,-3.9499999999999997,29.4,29.3,18.9,39.9,10649781.8,3194934.5,106497817.7,994.6188430431291,298.3856491772046,9946.188402413285,29.366666666666664,
389,Company_389,Energy,Middle East,2016,9783.6,21.6,20496.4,-8.6,30.4,29.0,21.9,40.3,9757624.4,2927287.3,97576243.8,997.3449854859152,299.2034936015372,9973.449834416779,30.399999999999995,-0.08627678054429644
389,Company_389,Energy,Middle East,2017,10002.7,23.7,29995.9,2.2,27.6,25.0,21.7,36.0,10250647.8,3075194.3,102506477.7,1024.7880872164515,307.4364221660151,10247.880842172613,27.566666666666666,0.022394619567439378
389,Company_389,Energy,Middle East,2018,10072.0,27.5,34245.4,0.7,27.1,23.3,21.5,36.4,10441742.3,3132522.7,104417423.4,1036.7099185861796,311.0129765687053,10367.099225575854,27.066666666666663,0.00692812940506049
389,Company_389,Energy,Middle East,2019,9095.7,28.6,27520.8,-9.7,28.0,22.4,24.3,37.5,9489875.4,2846962.6,94898754.5,1043.3364556878525,313.0009345075145,10433.364611849554,28.066666666666666,-0.09693208895949157
389,Company_389,Energy,Middle East,2020,8054.3,25.1,31289.3,-11.4,29.3,21.6,26.6,39.7,8445338.7,2533601.6,84453386.9,1048.5503023229826,314.565089455322,10485.5030108141,29.3,-0.11449366184021026
389,Company_389,Energy,Middle East,2021,5994.1,19.6,20519.6,-25.6,28.8,21.8,26.3,38.3,6277617.2,1883285.2,62776172.0,1047.299377721426,314.1898199896565,10472.99377721426,28.8,-0.2557888332940168
389,Company_389,Energy,Middle East,2022,6800.4,14.6,11800.4,13.5,30.6,24.6,26.5,40.6,6991791.5,2097537.4,69917914.8,1028.1441532851009,308.44323863302156,10281.441503440974,30.566666666666666,0.13451560701356313
389,Company_389,Energy,Middle East,2023,6186.3,15.6,9807.6,-9.0,31.5,25.4,26.0,43.1,6323935.2,1897180.6,63239351.9,1022.2483875660735,306.67452273572246,10222.483859495982,31.5,-0.09030351155814353
389,Company_389,Energy,Middle East,2024,6289.9,7.0,4432.5,1.7,32.6,28.9,24.3,44.6,6276660.6,1882998.2,62766605.6,997.8951334679407,299.368543220083,9978.951271085392,32.6,0.016746682184827666
389,Company_389,Energy,Middle East,2025,6861.1,5.4,3565.4,9.1,31.7,29.2,23.9,41.9,6830842.7,2049252.8,68308426.7,995.5900220081328,298.6770051449476,9955.900176356561,31.666666666666668,0.09081225456684527
390,Company_390,Energy,Asia,2015,5604.3,26.9,24775.0,-7.1,27.3,25.3,33.6,22.9,5732653.3,1719796.0,57326533.3,1022.9026461823956,306.87079563906286,10229.02651535428,27.26666666666667,
390,Company_390,Energy,Asia,2016,4694.4,26.5,13984.6,-16.2,25.4,22.6,31.9,21.6,4890151.7,1467045.5,48901517.0,1041.698981765508,312.5096923994547,10416.98981765508,25.366666666666664,-0.16235747550987645
390,Company_390,Energy,Asia,2017,4326.0,28.3,19462.1,-7.8,25.1,23.5,30.5,21.3,4478870.5,1343661.1,44788704.9,1035.337609801202,310.60127138233935,10353.376074895978,25.099999999999998,-0.07847648261758688
390,Company_390,Energy,Asia,2018,4401.6,30.0,10980.2,1.7,26.3,22.3,34.6,22.1,4594185.3,1378255.6,45941853.3,1043.753476008724,313.12604507451834,10437.534828244274,26.333333333333332,0.01747572815533993
390,Company_390,Energy,Asia,2019,4591.7,32.7,12700.9,4.3,27.0,26.3,32.6,22.0,4663658.6,1399097.6,46636586.0,1015.6714506609752,304.7014395539779,10156.714506609753,26.96666666666667,0.04318884042166471
390,Company_390,Energy,Asia,2020,4545.9,35.8,24183.6,-1.0,27.9,24.0,33.0,26.9,4692956.0,1407886.8,46929560.0,1032.3491497833213,309.7047449349964,10323.491497833213,27.96666666666667,-0.00997451924123971
390,Company_390,Energy,Asia,2021,4178.6,40.8,25089.6,-8.1,28.3,26.7,33.9,24.5,4233532.2,1270059.7,42335321.7,1013.1460776336571,303.94383286268123,10131.46070454219,28.366666666666664,-0.08079808178798464
390,Company_390,Energy,Asia,2022,2735.4,42.7,15818.3,-34.5,28.0,27.2,33.6,23.2,2761023.7,828307.1,27610237.4,1009.3674416904292,302.81022885135627,10093.67456313519,28.0,-0.3453788350165128
390,Company_390,Energy,Asia,2023,2412.9,46.2,19854.9,-11.8,26.6,26.6,31.7,21.6,2446991.3,734097.4,24469913.0,1014.128766214928,304.238634008869,10141.287662149281,26.633333333333336,-0.11789866198727794
390,Company_390,Energy,Asia,2024,2378.3,50.0,13700.4,-1.4,27.8,25.7,34.8,22.9,2426506.7,727952.0,24265066.8,1020.269394105033,306.08081402682586,10202.69385695665,27.8,-0.014339591363090043
390,Company_390,Energy,Asia,2025,2226.6,50.0,15051.4,-6.4,28.5,22.8,38.0,24.7,2316973.5,695092.0,23169734.6,1040.588116410671,312.17641246743915,10405.880984460613,28.5,-0.06378505655300015
391,Company_391,Retail,Oceania,2015,827.8,3.7,626.4,1.45,45.8,33.5,59.5,44.3,79945.5,39972.8,159891.0,96.57586373520175,48.287992268663935,193.1517274704035,45.76666666666667,
391,Company_391,Retail,Oceania,2016,815.1,5.6,801.7,-1.5,43.9,32.2,57.2,42.5,79465.6,39732.8,158931.2,97.4918414918415,48.74592074592075,194.983682983683,43.96666666666667,-0.015341870016912229
391,Company_391,Retail,Oceania,2017,873.5,5.4,747.2,7.2,44.2,32.6,57.2,42.8,84917.4,42458.7,169834.8,97.21511161991985,48.607555809959926,194.4302232398397,44.20000000000001,0.07164765059501899
391,Company_391,Retail,Oceania,2018,928.1,6.4,708.0,6.2,42.6,30.8,59.0,38.0,91369.5,45684.8,182739.0,98.4479043206551,49.224006033832566,196.8958086413102,42.6,0.06250715512306804
391,Company_391,Retail,Oceania,2019,959.5,2.9,599.0,3.4,44.6,34.8,59.5,39.5,91764.9,45882.4,183529.8,95.6382490880667,47.81907243355915,191.2764981761334,44.6,0.033832561146428075
391,Company_391,Retail,Oceania,2020,941.4,2.1,202.7,-1.9,46.4,36.6,61.7,40.8,88833.9,44417.0,177667.9,94.3636073932441,47.18185680900786,188.72732101125982,46.366666666666674,-0.01886399166232411
391,Company_391,Retail,Oceania,2021,910.8,3.0,516.6,-3.2,45.8,36.0,63.9,37.4,86338.3,43169.2,172676.6,94.79391743522179,47.39701361440492,189.58783487044357,45.76666666666667,-0.0325047801147228
391,Company_391,Retail,Oceania,2022,954.7,2.9,328.6,4.8,47.0,38.7,62.5,39.6,88696.4,44348.2,177392.9,92.90499633392687,46.45249816696344,185.81009741279982,46.93333333333334,0.04819938515590705
391,Company_391,Retail,Oceania,2023,949.8,1.2,201.6,-0.5,47.3,40.0,61.2,40.5,87368.7,43684.3,174737.4,91.98641819330385,45.993156453990316,183.9728363866077,47.23333333333333,-0.005132502356761326
391,Company_391,Retail,Oceania,2024,999.4,-1.3,3846.3,5.2,46.2,40.6,57.8,40.3,91547.8,45773.9,183095.7,91.6027616569942,45.8013808284971,183.20562337402444,46.23333333333333,0.05222152032006733
391,Company_391,Retail,Oceania,2025,937.4,-3.9,4483.7,-6.2,45.7,41.5,54.9,40.7,85278.3,42639.1,170556.5,90.97322381053979,45.48655856624707,181.94634094303393,45.70000000000001,-0.06203722233340003
392,Company_392,Consumer Goods,Latin America,2015,1869.9,9.1,2496.3,4.699999999999999,20.5,16.0,21.2,24.4,406789.3,508486.6,2033946.6,217.54601850366328,271.9325097598802,1087.7301459971122,20.533333333333335,
392,Company_392,Consumer Goods,Latin America,2016,2020.2,9.4,2203.6,8.0,21.8,17.6,20.6,27.1,435125.9,543907.4,2175629.7,215.3875358875359,269.23443223443223,1076.9377784377784,21.76666666666667,0.08037862987325517
392,Company_392,Consumer Goods,Latin America,2017,1821.3,10.0,4251.9,-9.8,22.3,18.6,18.8,29.3,389587.5,486984.4,1947937.7,213.90627573711086,267.3828583978477,1069.5314884972272,22.233333333333334,-0.09845559845559848
392,Company_392,Consumer Goods,Latin America,2018,1942.1,9.3,3399.4,6.6,23.5,19.1,22.2,29.2,414073.5,517591.9,2070367.6,213.20915503836054,266.5114566706143,1066.0458266824571,23.5,0.06632625048042606
392,Company_392,Consumer Goods,Latin America,2019,1851.3,10.2,3883.3,-4.7,23.5,19.0,23.1,28.2,394940.0,493675.0,1974700.0,213.33117268946145,266.66396586182685,1066.6558634473074,23.433333333333334,-0.046753514237165894
392,Company_392,Consumer Goods,Latin America,2020,1946.3,11.7,4014.5,5.1,25.1,21.4,23.0,30.9,408688.2,510860.2,2043440.9,209.98211991984792,262.47762421003955,1049.910548219699,25.099999999999998,0.05131529195700324
392,Company_392,Consumer Goods,Latin America,2021,1937.7,12.9,6202.4,-0.4,25.8,23.5,22.5,31.4,401238.1,501547.6,2006190.3,207.06925736698145,258.83655880683284,1035.3461836197555,25.8,-0.004418640497353854
392,Company_392,Consumer Goods,Latin America,2022,2134.9,12.8,5779.6,10.2,27.3,20.6,23.7,37.7,450859.6,563574.5,2254297.9,211.18534825987163,263.98168532483953,1055.9266944587569,27.333333333333332,0.10177013985653094
392,Company_392,Consumer Goods,Latin America,2023,2110.6,14.7,5764.8,-1.1,27.0,23.1,22.9,35.2,438401.6,548002.1,2192008.2,207.71420449161377,259.6428029944092,1038.5711172178528,27.066666666666666,-0.011382266148297404
392,Company_392,Consumer Goods,Latin America,2024,2201.6,12.3,3665.9,4.3,27.5,23.4,26.1,32.9,456310.1,570387.6,2281550.5,207.26294513081396,259.07867005813955,1036.31472565407,27.46666666666667,0.04311570169620005
392,Company_392,Consumer Goods,Latin America,2025,2418.7,13.2,5345.0,9.9,27.0,22.7,25.5,32.7,503739.1,629673.9,2518695.4,208.26853268284617,260.3356761896887,1041.342622069707,26.96666666666667,0.09861010174418605
393,Company_393,Transportation,North America,2015,320.5,4.2,133.6,16.2,74.6,75.6,61.0,87.2,128921.6,21486.9,429738.7,402.2514820592824,67.0418096723869,1340.8383775351015,74.60000000000001,
393,Company_393,Transportation,North America,2016,374.0,4.1,305.8,16.7,73.8,76.5,59.0,85.8,149018.3,24836.4,496727.7,398.4446524064171,66.40748663101604,1328.1489304812835,73.76666666666667,0.16692667706708275
393,Company_393,Transportation,North America,2017,429.7,2.8,167.9,14.9,75.7,78.4,57.4,91.5,167962.4,27993.7,559874.7,390.8829415871538,65.14707935769141,1302.9432161973468,75.76666666666667,0.14893048128342246
393,Company_393,Transportation,North America,2018,514.8,5.2,422.6,19.8,77.0,78.9,58.3,93.8,200004.9,33334.2,666683.0,388.50990675990676,64.75174825174825,1295.0330225330226,77.0,0.19804514777751914
393,Company_393,Transportation,North America,2019,595.5,1.7,101.6,15.7,77.4,80.7,57.0,94.6,226931.7,37821.9,756439.0,381.07758186397984,63.51284634760705,1270.2586062132661,77.43333333333332,0.1567599067599068
393,Company_393,Transportation,North America,2020,697.1,0.4,44.2,17.0,78.4,82.6,57.8,94.6,260017.2,43336.2,866723.9,372.99842203414147,62.1664036723569,1243.3279299956964,78.33333333333333,0.17061293031066338
393,Company_393,Transportation,North America,2021,699.7,-2.9,3247.7,0.4,79.7,82.4,59.6,97.3,261676.9,43612.8,872256.5,373.98442189509785,62.33071316278405,1246.614977847649,79.76666666666667,0.0037297374838618502
393,Company_393,Transportation,North America,2022,842.7,-1.3,589.8,20.4,79.3,82.7,58.4,96.7,314019.5,52336.6,1046731.5,372.6349827934021,62.105850243265685,1242.1164115343538,79.26666666666667,0.20437330284407595
393,Company_393,Transportation,North America,2023,1008.6,1.1,166.7,19.7,79.5,81.7,57.8,99.0,380149.3,63358.2,1267164.2,376.90789212770176,62.817965496728135,1256.3595082292286,79.5,0.19686721253114992
393,Company_393,Transportation,North America,2024,1087.5,5.0,894.1,7.8,80.3,84.6,56.1,100.0,396416.7,66069.4,1321389.0,364.5211034482759,60.75347126436781,1215.0703448275863,80.23333333333333,0.07822724568709094
393,Company_393,Transportation,North America,2025,1186.3,0.5,110.9,9.1,81.2,85.5,58.1,100.0,428154.4,71359.1,1427181.5,360.915788586361,60.15265952962995,1203.0527691140521,81.2,0.09085057471264357
394,Company_394,Transportation,Oceania,2015,1704.6,9.2,2520.7,6.5,53.5,30.9,33.8,95.9,1006181.8,167697.0,3353939.2,590.2744338847824,98.37909186906019,1967.581368062889,53.53333333333333,
394,Company_394,Transportation,Oceania,2016,1717.0,9.4,2864.1,0.7,54.7,31.6,32.7,99.8,1008368.3,168061.4,3361227.8,587.2849737914968,97.8808386721025,1957.6166569598136,54.70000000000001,0.0072744338847823276
394,Company_394,Transportation,Oceania,2017,1580.1,10.5,1847.0,-8.0,53.9,30.0,31.7,100.0,938408.2,156401.4,3128027.5,593.8916524270616,98.98196316688818,1979.6389469020949,53.9,-0.07973209085614452
394,Company_394,Transportation,Oceania,2018,1678.9,7.8,1775.8,6.3,52.0,27.3,29.8,98.9,1016177.4,169362.9,3387257.9,605.2638036809816,100.87730061349693,2017.5459527071296,52.0,0.06252768812100507
394,Company_394,Transportation,Oceania,2019,1791.6,6.2,1120.6,6.7,51.2,26.6,28.8,98.2,1089967.2,181661.2,3633223.9,608.3764233087743,101.39607055146239,2027.9213552132173,51.20000000000001,0.06712728572279447
394,Company_394,Transportation,Oceania,2020,1851.6,4.3,1009.9,3.4,51.7,27.5,31.0,96.6,1119452.6,186575.4,3731508.8,604.5866277813783,100.76441996111471,2015.2888312810542,51.699999999999996,0.03348961821835239
394,Company_394,Transportation,Oceania,2021,1961.9,3.2,794.8,6.0,52.2,29.6,32.9,93.9,1168327.8,194721.3,3894426.2,595.5083337580917,99.25138895968193,1985.0278811356338,52.13333333333333,0.059570101533808595
394,Company_394,Transportation,Oceania,2022,2148.2,2.1,459.3,9.5,52.3,29.8,35.9,91.2,1277410.6,212901.8,4258035.4,594.642305185737,99.10706638115632,1982.1410483195236,52.300000000000004,0.09495896834701045
394,Company_394,Transportation,Oceania,2023,2378.9,2.9,836.8,10.7,52.8,31.8,34.4,92.2,1395370.3,232561.7,4651234.3,586.561141704149,97.76018327798562,1955.203791668418,52.800000000000004,0.10739223535983622
394,Company_394,Transportation,Oceania,2024,2560.9,-0.2,8662.7,7.7,56.3,36.6,38.6,93.6,1449885.7,241647.6,4832952.5,566.1625600374867,94.36042016478582,1887.2085985395759,56.26666666666667,0.07650594812728562
394,Company_394,Transportation,Oceania,2025,2782.3,1.7,869.2,8.6,52.8,33.1,34.3,90.9,1616878.3,269479.7,5389594.4,581.1301081838766,96.85501204039824,1937.1003845739137,52.76666666666667,0.08645398102229684
395,Company_395,Consumer Goods,North America,2015,1464.8,13.3,2691.3,6.05,47.5,29.7,45.0,67.8,290615.3,363269.1,1453076.5,198.39930365920262,247.99911250682686,991.9965182960132,47.5,
395,Company_395,Consumer Goods,North America,2016,1552.5,13.9,5317.1,6.0,47.6,30.0,42.7,70.1,307360.3,384200.4,1536801.7,197.97764895330113,247.47207729468602,989.8883735909823,47.6,0.05987165483342438
395,Company_395,Consumer Goods,North America,2017,1441.9,16.1,4684.7,-7.1,48.0,32.5,43.4,68.0,280368.8,350461.0,1401843.9,194.44399750329424,243.05499687911782,972.2199181635341,47.96666666666667,-0.07123993558776165
395,Company_395,Consumer Goods,North America,2018,1576.2,14.2,3162.1,9.3,49.3,35.7,43.8,68.5,299569.5,374461.9,1497847.5,190.05805100875523,237.5725796218754,950.2902550437761,49.333333333333336,0.0931409945211179
395,Company_395,Consumer Goods,North America,2019,1663.7,15.2,5473.9,5.6,48.8,38.4,42.6,65.2,309829.2,387286.6,1549146.2,186.2290076335878,232.78631964897517,931.1451583819197,48.73333333333333,0.055513259738611875
395,Company_395,Consumer Goods,North America,2020,1964.2,15.2,5936.9,18.1,50.2,40.4,43.7,66.6,360342.2,450427.8,1801711.1,183.45494348844312,229.31870481621016,917.2747683535282,50.23333333333333,0.18062150628118046
395,Company_395,Consumer Goods,North America,2021,2207.6,15.4,5874.9,12.4,49.3,37.4,46.5,64.0,414205.6,517757.0,2071027.9,187.6271063598478,234.53388294980977,938.1354865011778,49.300000000000004,0.12391813460951018
395,Company_395,Consumer Goods,North America,2022,2494.3,16.2,4706.7,13.0,48.2,38.2,45.1,61.3,465176.9,581471.1,2325884.5,186.49597081345468,233.11995349396622,932.4798540672733,48.20000000000001,0.1298695415836204
395,Company_395,Consumer Goods,North America,2023,2646.9,14.4,7138.5,6.1,48.5,37.5,46.2,61.9,496377.0,620471.3,2481885.2,187.5314518871132,234.41433374891383,937.6573349956553,48.53333333333333,0.06117948923545691
395,Company_395,Consumer Goods,North America,2024,2758.2,12.4,4711.8,4.2,50.8,39.4,47.5,65.6,509951.3,637439.1,2549756.3,184.8855412950475,231.10691755492712,924.4276339641796,50.833333333333336,0.042049189618043714
395,Company_395,Consumer Goods,North America,2025,2617.7,13.2,6704.2,-5.1,52.3,41.2,48.5,67.1,477376.0,596720.0,2386880.0,182.36467127631127,227.9558390953891,911.8233563815564,52.26666666666667,-0.050939018200275576
396,Company_396,Finance,North America,2015,12553.9,8.8,20522.8,1.6,69.7,91.6,57.8,59.6,140263.8,70131.9,350659.5,11.172926341614955,5.586463170807478,27.93231585403739,69.66666666666666,
396,Company_396,Finance,North America,2016,15731.7,6.1,12173.2,25.3,70.8,93.8,56.4,62.2,170980.4,85490.2,427450.9,10.86852660551625,5.434263302758125,27.171310157198523,70.8,0.2531324926915144
396,Company_396,Finance,North America,2017,16225.5,5.3,7884.0,3.1,71.8,94.6,56.6,64.2,174488.0,87244.0,436219.9,10.753936704569966,5.376968352284983,26.88483559828665,71.8,0.03138885180876816
396,Company_396,Finance,North America,2018,15912.8,7.0,8965.9,-1.9,74.8,97.3,59.6,67.6,165208.9,82604.4,413022.2,10.382138907043387,5.1910663113971145,25.95534412548389,74.83333333333333,-0.019272133370312194
396,Company_396,Finance,North America,2019,14667.0,7.6,19687.1,-7.8,73.9,95.9,58.8,66.9,155106.0,77553.0,387765.1,10.57516874616486,5.28758437308243,26.43792868343901,73.86666666666666,-0.07828917600925034
396,Company_396,Finance,North America,2020,14017.2,8.6,22508.8,-4.4,74.3,94.3,56.9,71.7,151429.2,75714.6,378573.1,10.803099049738892,5.401549524869446,27.007754758439628,74.3,-0.044303538555941824
396,Company_396,Finance,North America,2021,15659.3,10.2,19780.9,11.7,76.0,98.3,58.7,70.9,160371.9,80185.9,400929.7,10.241319854655062,5.120656734336784,25.603296443646908,75.96666666666667,0.11714893131295834
396,Company_396,Finance,North America,2022,15487.3,12.4,23594.6,-1.1,77.8,99.2,60.7,73.6,156708.8,78354.4,391772.0,10.118535832585408,5.059267916292704,25.296339581463524,77.83333333333333,-0.010983888168692113
396,Company_396,Finance,North America,2023,17665.3,13.2,19090.7,14.1,77.7,99.7,61.8,71.8,177470.8,88735.4,443677.0,10.046294147283092,5.023147073641546,25.11573536820773,77.76666666666667,0.14063135601428267
396,Company_396,Finance,North America,2024,17679.5,13.9,23610.5,0.1,78.4,99.6,62.7,72.9,177812.4,88906.2,444531.0,10.057546876325688,5.028773438162844,25.14386719081422,78.4,0.0008038357684274633
396,Company_396,Finance,North America,2025,19407.2,16.3,58837.5,9.8,79.6,100.0,63.2,75.5,194072.0,97036.0,485180.1,10.0,5.0,25.00000515272682,79.56666666666666,0.09772335190474846
397,Company_397,Consumer Goods,Latin America,2015,4351.9,10.4,5724.9,7.35,28.2,37.9,9.6,37.0,813320.0,1016650.0,4066600.0,186.88848548909672,233.6106068613709,934.4424274454836,28.166666666666668,
397,Company_397,Consumer Goods,Latin America,2016,4986.2,9.3,9842.2,14.6,28.4,36.2,11.3,37.8,944322.8,1180403.5,4721614.0,189.3872688620593,236.73408607757412,946.9363443102965,28.433333333333334,0.14575242997311522
397,Company_397,Consumer Goods,Latin America,2017,5054.6,7.7,7389.7,1.4,29.4,33.1,14.3,40.9,978979.8,1223724.7,4894898.9,193.68096387449054,242.1011949511336,968.4047995884937,29.433333333333337,0.013717861297180223
397,Company_397,Consumer Goods,Latin America,2018,5862.8,6.5,9084.2,16.0,30.0,32.9,16.6,40.4,1136731.4,1420914.2,5683657.0,193.88882445248,242.36102203725181,969.4441222624002,29.96666666666667,0.15989395797887074
397,Company_397,Consumer Goods,Latin America,2019,6222.4,5.9,7222.2,6.1,30.9,32.6,18.4,41.7,1209199.3,1511499.1,6045996.3,194.33004949858577,242.91255785548987,971.65021535099,30.900000000000002,0.061335880466671044
397,Company_397,Consumer Goods,Latin America,2020,5585.4,7.7,6602.9,-10.2,32.6,34.6,20.4,42.7,1070166.7,1337708.4,5350833.6,191.60072689511944,239.50091309485444,958.0036523794178,32.56666666666667,-0.10237207508356905
397,Company_397,Consumer Goods,Latin America,2021,5199.0,5.6,3122.2,-6.9,34.3,36.4,21.1,45.4,982795.2,1228494.0,4913975.8,189.03542989036353,236.2942873629544,945.1771109828812,34.300000000000004,-0.06918036308948328
397,Company_397,Consumer Goods,Latin America,2022,6398.2,9.7,13240.6,23.1,35.1,38.1,19.5,47.8,1194568.1,1493210.2,5972840.7,186.70377606201745,233.37973179956862,933.5189115688788,35.13333333333333,0.23065974225812647
397,Company_397,Consumer Goods,Latin America,2023,6950.2,11.1,11791.9,8.6,35.3,39.1,16.4,50.4,1287290.8,1609113.5,6436454.1,185.21636787430577,231.52045984288222,926.081853759604,35.300000000000004,0.08627426463692922
397,Company_397,Consumer Goods,Latin America,2024,8371.2,9.9,15512.8,20.4,36.0,43.5,14.5,50.1,1499081.8,1873852.3,7495409.2,179.07609422782875,223.84512375764524,895.380495030581,36.03333333333333,0.2044545480705593
397,Company_397,Consumer Goods,Latin America,2025,8082.2,8.8,7301.8,-3.5,37.5,46.8,15.3,50.6,1410615.5,1763269.3,7053077.3,174.53360471158842,218.16699660983397,872.6679988122046,37.56666666666666,-0.034523126911315094
398,Company_398,Finance,Latin America,2015,705.2,16.0,1985.0,12.7,67.0,99.3,90.6,11.0,7118.1,3559.0,17795.1,10.093732274532048,5.046795235394214,25.234117980714686,66.96666666666665,
398,Company_398,Finance,Latin America,2016,827.0,15.8,1436.5,17.3,67.6,100.0,90.3,12.4,8270.3,4135.1,20675.7,10.00036275695284,5.000120918984281,25.000846432889965,67.56666666666668,0.1727169597277367
398,Company_398,Finance,Latin America,2017,856.2,15.9,2147.2,3.5,68.9,100.0,92.8,13.9,8562.0,4281.0,21405.1,10.0,5.0,25.00011679514132,68.9,0.03530834340991551
398,Company_398,Finance,Latin America,2018,931.4,15.8,1874.2,8.8,70.6,100.0,96.7,15.0,9314.2,4657.1,23285.6,10.000214730513207,5.0001073652566035,25.000644191539617,70.56666666666666,0.0878299462742349
398,Company_398,Finance,Latin America,2019,1082.4,17.4,3551.9,16.2,71.2,100.0,98.6,15.1,10824.0,5412.0,27060.1,10.0,5.0,25.000092387287506,71.23333333333333,0.16212153747047475
398,Company_398,Finance,Latin America,2020,1211.4,13.2,2872.5,11.9,71.3,99.7,100.0,14.2,12168.9,6084.5,30422.3,10.045319465081722,5.022701007099224,25.11333993726267,71.3,0.11917960088691792
398,Company_398,Finance,Latin America,2021,1345.1,9.1,1853.4,11.0,70.5,100.0,99.3,12.1,13450.9,6725.5,33627.4,9.99992565608505,5.0,24.99992565608505,70.46666666666667,0.11036816906059088
398,Company_398,Finance,Latin America,2022,1551.7,10.1,1542.5,15.4,69.5,100.0,99.3,9.3,15517.3,7758.7,38793.3,10.000193336340788,5.000128890893858,25.000515563575433,69.53333333333335,0.1535945282878597
398,Company_398,Finance,Latin America,2023,1566.5,9.7,2884.0,1.0,68.9,100.0,100.0,6.6,15665.0,7832.5,39162.4,10.0,5.0,24.99993616342164,68.86666666666666,0.009537926145517739
398,Company_398,Finance,Latin America,2024,1888.3,9.6,2874.8,20.5,68.6,100.0,100.0,5.9,18882.6,9441.3,47206.5,9.999788169252767,4.9998940846263835,24.999470423131918,68.63333333333334,0.20542610916054893
398,Company_398,Finance,Latin America,2025,2143.1,6.6,1456.4,13.5,66.7,97.8,98.4,4.0,22095.3,11047.6,55238.2,10.30997153655919,5.154962437590407,25.774905510708788,66.73333333333333,0.1349361859873961
399,Company_399,Energy,North America,2015,6575.7,13.1,10587.0,17.25,57.5,41.6,63.9,66.9,5977554.2,1793266.3,59775541.8,909.0369390331068,272.7110877929346,9090.369359916054,57.46666666666667,
399,Company_399,Energy,North America,2016,7611.3,3.7,2706.2,15.7,58.2,43.7,63.6,67.3,6807457.1,2042237.1,68074570.7,894.3882254017053,268.3164636790036,8943.882214601974,58.20000000000001,0.1574889365390757
399,Company_399,Energy,North America,2017,8054.4,13.3,10410.2,5.8,59.9,47.5,64.4,67.8,6988211.0,2096463.3,69882110.5,867.6265147000398,260.28795441001193,8676.265209078269,59.9,0.05821607346970947
399,Company_399,Energy,North America,2018,9558.2,14.5,22666.2,18.7,60.8,47.9,65.0,69.6,8263681.9,2479104.6,82636819.1,864.5646565252872,259.36940009625243,8645.64657571509,60.833333333333336,0.1867054032578468
399,Company_399,Energy,North America,2019,11270.4,14.0,22783.8,17.9,60.6,48.9,64.8,68.1,9668066.0,2900419.8,96680659.9,857.8281161272005,257.34843483816013,8578.281152399206,60.599999999999994,0.1791341465966394
399,Company_399,Energy,North America,2020,13145.4,14.8,18183.5,16.6,62.2,52.6,66.0,67.9,10936081.3,3280824.4,109360813.1,831.9321815996472,249.5796552406165,8319.321823603694,62.166666666666664,0.16636499148211237
399,Company_399,Energy,North America,2021,16193.1,12.3,17644.5,23.2,61.9,55.2,64.9,65.6,13178060.6,3953418.2,131780605.8,813.8071524291211,244.14214696383027,8138.07151194027,61.9,0.23184536035419234
399,Company_399,Energy,North America,2022,19872.1,14.6,27484.9,22.7,63.7,57.8,66.9,66.3,15804609.5,4741382.9,158046095.2,795.3165241720806,238.59495976771458,7953.165251785166,63.666666666666664,0.2271955339002414
399,Company_399,Energy,North America,2023,23741.3,26.2,76993.6,19.5,65.8,60.5,69.3,67.7,18440248.0,5532074.4,184402480.3,776.7160180782013,233.01480542346042,7767.160193418222,65.83333333333333,0.19470513936624712
399,Company_399,Energy,North America,2024,26706.2,25.8,112765.2,12.5,66.0,58.5,70.7,68.8,21108590.3,6332577.1,211085903.5,790.4003677048776,237.12011068590812,7904.003695771019,66.0,0.12488364158660237
399,Company_399,Energy,North America,2025,29065.2,22.2,128495.8,8.8,67.7,60.8,69.0,73.4,22517012.4,6755103.7,225170123.6,774.7069485157507,232.4120838666171,7747.069471395345,67.73333333333333,0.08833154847937941
400,Company_400,Manufacturing,Africa,2015,766.4,4.1,395.3,-0.9,42.2,69.2,45.8,11.6,164490.8,219321.0,2741512.6,214.62787056367432,286.1704070981211,3577.130219206681,42.199999999999996,
400,Company_400,Manufacturing,Africa,2016,792.2,2.8,376.3,3.4,43.6,66.6,48.5,15.7,174432.0,232575.9,2907199.2,220.18682150971975,293.58230244887653,3669.779348649331,43.599999999999994,0.03366388308977042
400,Company_400,Manufacturing,Africa,2017,833.3,2.6,288.7,5.2,44.0,68.1,46.1,17.8,180741.6,240988.9,3012360.8,216.89859594383776,289.1982479299172,3614.977559102364,44.0,0.0518808381721787
400,Company_400,Manufacturing,Africa,2018,826.0,-3.9,3873.0,-0.9,44.4,69.5,47.0,16.8,176729.9,235639.9,2945498.3,213.95871670702178,285.2783292978208,3565.9785714285713,44.43333333333334,-0.00876035041401646
400,Company_400,Manufacturing,Africa,2019,818.1,-4.4,1196.0,-0.9,45.3,70.0,47.6,18.4,174334.4,232445.8,2905572.7,213.09668744652242,284.1288351057328,3551.6106832905516,45.333333333333336,-0.009564164648910412
400,Company_400,Manufacturing,Africa,2020,853.3,-5.9,957.4,4.3,44.7,73.2,43.5,17.3,175999.9,234666.6,2933332.1,206.25793976327202,275.01066447908124,3437.6328372202042,44.666666666666664,0.043026524874709704
400,Company_400,Manufacturing,Africa,2021,809.0,-6.6,3719.5,-5.2,45.8,74.3,46.9,16.2,164963.1,219950.8,2749384.4,203.9098887515451,271.8798516687268,3398.4974042027193,45.79999999999999,-0.05191609047228407
400,Company_400,Manufacturing,Africa,2022,704.3,-6.6,1070.8,-12.9,46.6,77.0,48.8,14.1,139676.4,186235.2,2327939.5,198.31946613658954,264.42595484878603,3305.3237256850775,46.63333333333333,-0.12941903584672443
400,Company_400,Manufacturing,Africa,2023,702.9,-7.2,1949.1,-0.2,49.2,74.8,53.6,19.2,142664.6,190219.4,2377742.7,202.96571347275574,270.62085645184237,3382.760990183526,49.199999999999996,-0.001987789294334741
400,Company_400,Manufacturing,Africa,2024,667.5,-10.0,925.8,-5.0,49.7,75.9,55.0,18.1,133855.7,178474.3,2230929.1,200.5328838951311,267.37722846441943,3342.215880149813,49.666666666666664,-0.050362782757148894
400,Company_400,Manufacturing,Africa,2025,556.7,-7.4,2278.5,-16.6,49.7,78.4,51.8,18.9,108782.9,145043.8,1813047.9,195.4066822345967,260.5421232261541,3256.777258846775,49.699999999999996,-0.1659925093632958
401,Company_401,Energy,Europe,2015,3157.1,12.3,6655.0,-2.15,60.0,49.9,38.8,91.1,2685083.0,805524.9,26850830.1,850.4903233980552,255.14709701941658,8504.90326565519,59.93333333333333,
401,Company_401,Energy,Europe,2016,3261.8,24.9,14637.3,3.3,59.5,53.2,34.2,91.2,2700340.6,810102.2,27003406.5,827.8682322643939,248.36047581090193,8278.682475933534,59.53333333333334,0.03316334610877081
401,Company_401,Energy,Europe,2017,3519.3,30.6,18315.5,7.9,61.4,56.5,36.3,91.3,2830362.0,849108.6,28303620.4,804.2400477367657,241.27201432102973,8042.400591026624,61.36666666666667,0.07894414127169047
401,Company_401,Energy,Europe,2018,3911.5,32.3,10571.2,11.1,61.9,56.7,37.1,91.9,3142141.4,942642.4,31421414.0,803.3085517065065,240.992560398824,8033.085517065065,61.900000000000006,0.11144261642940356
401,Company_401,Energy,Europe,2019,3632.5,33.0,17648.7,-7.1,62.1,56.0,34.8,95.4,2934377.1,880313.1,29343770.8,807.812002752925,242.34359256710255,8078.11997247075,62.06666666666666,-0.07132813498657808
401,Company_401,Energy,Europe,2020,3463.3,15.9,6395.0,-4.7,62.1,57.8,32.0,96.4,2754263.2,826279.0,27542632.0,795.2713308116537,238.58141079317411,7952.713308116536,62.06666666666666,-0.046579490708878124
401,Company_401,Energy,Europe,2021,3567.4,11.8,5115.1,3.0,63.1,58.5,31.7,99.2,2819549.6,845864.9,28195495.9,790.3654201939788,237.10963166451756,7903.654173908168,63.13333333333333,0.030058037132215
401,Company_401,Energy,Europe,2022,3580.9,3.1,1072.6,0.4,63.6,58.3,32.5,100.0,2836007.6,850802.3,28360076.1,791.9817922868552,237.59454327124467,7919.817950794493,63.6,0.0037842686550428883
401,Company_401,Energy,Europe,2023,3190.0,6.9,2620.0,-10.9,64.3,61.1,31.7,100.0,2462663.6,738799.1,24626636.3,771.9948589341693,231.59846394984325,7719.94868338558,64.26666666666667,-0.1091625010472228
401,Company_401,Energy,Europe,2024,2834.1,7.3,1804.5,-11.2,62.8,60.9,29.6,98.0,2193331.6,657999.5,21933315.7,773.9076249955895,232.17229455559084,7739.076144102184,62.833333333333336,-0.11156739811912231
401,Company_401,Energy,Europe,2025,2644.6,10.3,2465.7,-6.7,65.7,65.1,31.9,100.0,1968433.4,590530.0,19684334.1,744.3217877939953,223.29652877561824,7443.217915752855,65.66666666666667,-0.06686426025898873
402,Company_402,Technology,Asia,2015,1032.1,21.8,4030.5,5.6,28.1,18.6,36.7,29.2,55220.1,33132.0,110440.2,53.502664470497045,32.10154054839648,107.00532894099409,28.166666666666668,
402,Company_402,Technology,Asia,2016,1112.6,24.3,7178.8,7.8,28.4,16.8,37.9,30.4,60226.4,36135.8,120452.8,54.13122415962611,32.47869854395111,108.26244831925221,28.366666666666664,0.07799631818622221
402,Company_402,Technology,Asia,2017,1168.0,25.4,8582.3,5.0,29.2,18.0,38.6,30.9,62713.9,37628.3,125427.7,53.693407534246575,32.21601027397261,107.3867294520548,29.166666666666668,0.04979327700880831
402,Company_402,Technology,Asia,2018,1399.6,26.9,11492.9,19.8,29.6,18.3,38.8,31.8,75018.7,45011.2,150037.4,53.6001000285796,32.16004572735067,107.2002000571592,29.63333333333333,0.19828767123287672
402,Company_402,Technology,Asia,2019,1371.8,22.5,9786.3,-2.0,30.1,18.7,40.5,31.2,73355.2,44013.1,146710.3,53.473684210526315,32.08419594693104,106.94729552412888,30.133333333333336,-0.019862817947985056
402,Company_402,Technology,Asia,2020,1456.4,21.5,9494.3,6.2,29.3,14.5,40.3,33.2,79997.5,47998.5,159995.0,54.92824773413897,32.95694864048338,109.85649546827794,29.333333333333332,0.06167079749234583
402,Company_402,Technology,Asia,2021,1787.5,22.5,8684.2,22.7,28.9,15.6,37.0,33.9,97463.0,58477.8,194926.0,54.52475524475525,32.71485314685315,109.0495104895105,28.833333333333332,0.2273413897280967
402,Company_402,Technology,Asia,2022,1621.4,21.1,11078.6,-9.3,29.8,17.1,37.8,34.4,87555.4,52533.2,175110.8,53.9998766498088,32.39990131984704,107.9997532996176,29.766666666666666,-0.09292307692307689
402,Company_402,Technology,Asia,2023,1634.5,21.9,7760.0,0.8,31.7,18.2,40.3,36.6,87630.0,52578.0,175260.0,53.612725604160296,32.16763536249618,107.22545120832059,31.7,0.008079437523128119
402,Company_402,Technology,Asia,2024,1674.9,21.7,10204.9,2.5,31.2,17.4,37.9,38.4,90268.5,54161.1,180537.0,53.89485939459072,32.33691563675443,107.78971878918144,31.23333333333333,0.024717038849801254
402,Company_402,Technology,Asia,2025,1996.2,23.0,12282.7,19.2,31.6,16.2,40.1,38.6,108450.4,65070.2,216900.7,54.32842400561066,32.59703436529406,108.65679791604047,31.633333333333336,0.19183234819989248
403,Company_403,Retail,Middle East,2015,2388.6,0.3,149.0,17.05,47.0,64.4,55.6,21.0,178873.2,89436.6,357746.4,74.88620949510174,37.44310474755087,149.77241899020348,47.0,
403,Company_403,Retail,Middle East,2016,2793.5,-2.7,4659.2,17.0,47.8,65.5,57.6,20.4,207098.4,103549.2,414196.8,74.13581528548416,37.06790764274208,148.2716305709683,47.833333333333336,0.16951352256551955
403,Company_403,Retail,Middle East,2017,3086.8,-5.8,14930.9,10.5,48.7,67.2,59.0,19.9,225248.9,112624.4,450497.7,72.97165349228975,36.48581054814046,145.9432745885707,48.699999999999996,0.10499373545731161
403,Company_403,Retail,Middle East,2018,3344.8,-6.9,16266.8,8.4,49.9,69.2,61.9,18.6,239333.8,119666.9,478667.5,71.55399425974646,35.77699712987323,143.10795862233914,49.9,0.08358170273422316
403,Company_403,Retail,Middle East,2019,3949.1,-6.6,13660.6,18.1,50.1,69.2,61.4,19.7,282552.1,141276.1,565104.2,71.5484794003697,35.77425236129751,143.0969588007394,50.099999999999994,0.1806685003587658
403,Company_403,Retail,Middle East,2020,4623.6,-5.6,15826.7,17.1,52.9,74.0,65.6,19.2,315484.8,157742.4,630969.6,68.23358422008823,34.116792110044116,136.46716844017647,52.93333333333333,0.1707984097642501
403,Company_403,Retail,Middle East,2021,4866.9,-3.1,7037.3,5.3,54.4,76.3,66.7,20.3,323949.0,161974.5,647898.1,66.5616717006719,33.28083585033595,133.12336394830385,54.43333333333334,0.052621334025434674
403,Company_403,Retail,Middle East,2022,5918.6,-2.7,24611.9,21.6,56.2,78.7,66.0,23.8,384348.5,192174.3,768697.1,64.9390903254148,32.46955361065116,129.8781975467171,56.166666666666664,0.21609237913250756
403,Company_403,Retail,Middle East,2023,6951.8,-1.7,20035.6,17.5,58.9,81.3,69.1,26.3,438397.7,219198.9,876795.4,63.06247302856814,31.531243706665897,126.12494605713628,58.9,0.17456831007332818
403,Company_403,Retail,Middle East,2024,9463.7,-1.9,40775.7,36.1,58.4,82.8,65.7,26.7,586959.8,293479.9,1173919.6,62.022232319283155,31.011116159641578,124.04446463856631,58.4,0.36133087833366906
403,Company_403,Retail,Middle East,2025,10010.2,-5.9,24156.3,5.8,58.5,82.6,64.7,28.2,622199.3,311099.6,1244398.6,62.156530339054164,31.07826017462188,124.31306067810833,58.5,0.05774697000116236
404,Company_404,Healthcare,Middle East,2015,1815.3,9.7,2988.6,8.35,53.7,68.4,53.3,39.3,130888.0,130888.0,261776.0,72.10268275216218,72.10268275216218,144.20536550432436,53.666666666666664,
404,Company_404,Healthcare,Middle East,2016,1858.6,8.6,2598.7,2.4,53.6,69.3,51.4,40.2,132931.6,132931.6,265863.3,71.52243624233294,71.52243624233294,143.04492628860433,53.633333333333326,0.023852806698617224
404,Company_404,Healthcare,Middle East,2017,2029.3,5.3,1625.6,9.2,51.5,67.2,47.3,40.1,148097.5,148097.5,296195.1,72.97959887645986,72.97959887645986,145.9592470309959,51.53333333333333,0.09184332293123854
404,Company_404,Healthcare,Middle East,2018,2193.8,4.7,2051.5,8.1,52.6,68.7,48.7,40.5,157789.3,157789.3,315578.5,71.92510712006563,71.92510712006563,143.8501686571246,52.63333333333333,0.0810624353225251
404,Company_404,Healthcare,Middle East,2019,2386.1,4.7,1554.8,8.8,52.1,66.3,47.5,42.4,175560.8,175560.8,351121.6,73.57646368551192,73.57646368551192,147.15292737102385,52.06666666666666,0.08765612179779358
404,Company_404,Healthcare,Middle East,2020,2591.6,2.0,1102.5,8.6,52.6,63.6,47.7,46.6,195541.5,195541.5,391083.0,75.45203735144312,75.45203735144312,150.90407470288625,52.63333333333333,0.08612380034365708
404,Company_404,Healthcare,Middle East,2021,2781.5,0.4,124.6,7.3,52.8,62.0,46.7,49.6,213041.3,213041.3,426082.5,76.5922344058961,76.5922344058961,153.18443285996764,52.76666666666667,0.07327519678962813
404,Company_404,Healthcare,Middle East,2022,2690.6,2.1,1147.3,-3.3,53.3,66.0,47.2,46.8,198566.2,198566.2,397132.5,73.79997026685498,73.79997026685498,147.59997770014124,53.333333333333336,-0.0326802085205824
404,Company_404,Healthcare,Middle East,2023,2788.0,1.2,495.7,3.6,53.6,67.0,47.8,46.0,203883.2,203883.2,407766.3,73.12883787661407,73.12883787661407,146.25763988522237,53.6,0.0362001040660076
404,Company_404,Healthcare,Middle East,2024,3403.4,3.1,2544.7,22.1,55.5,69.8,51.5,45.2,242233.7,242233.7,484467.3,71.17403185050244,71.17403185050244,142.34803431862255,55.5,0.22073170731707314
404,Company_404,Healthcare,Middle East,2025,3916.2,0.6,250.5,15.1,55.3,70.3,50.0,45.6,277109.4,277109.4,554218.8,70.75976712118891,70.75976712118891,141.51953424237783,55.300000000000004,0.15067285655520934
405,Company_405,Finance,Europe,2015,2306.6,11.8,2757.9,4.5,87.7,94.1,83.9,85.1,24969.3,12484.6,62423.2,10.82515390618226,5.412555276164051,27.06286308852857,87.7,
405,Company_405,Finance,Europe,2016,2379.0,10.6,2252.6,3.1,87.6,95.4,80.9,86.3,25307.0,12653.5,63267.6,10.637662883564523,5.318831441782262,26.59419924337957,87.53333333333335,0.031388190410127415
405,Company_405,Finance,Europe,2017,2628.6,14.0,6648.0,10.5,87.5,97.6,78.1,86.7,27161.3,13580.7,67903.3,10.33299094575059,5.16651449440767,25.83249638590885,87.46666666666665,0.10491803278688527
405,Company_405,Finance,Europe,2018,2932.5,13.7,6757.0,11.6,88.4,98.9,78.2,88.1,29783.3,14891.7,74458.3,10.15628303495311,5.078158567774937,25.39072463768116,88.40000000000002,0.11561287377311125
405,Company_405,Finance,Europe,2019,2904.2,13.3,6046.6,-1.0,89.2,98.8,78.9,90.0,29540.1,14770.0,73850.2,10.171510226568419,5.085737896839061,25.428758349975897,89.23333333333333,-0.009650468883205532
405,Company_405,Finance,Europe,2020,3075.5,13.5,5560.9,5.9,90.4,100.0,78.8,92.4,30755.3,15377.6,76888.2,10.000097545114615,5.000032515038205,25.000227605267437,90.40000000000002,0.058983541078438284
405,Company_405,Finance,Europe,2021,3366.7,16.6,6963.2,9.5,88.6,99.6,74.0,92.3,33855.4,16927.7,84638.5,10.055959841981764,5.027979920990882,25.139899604954408,88.63333333333333,0.09468379125345461
405,Company_405,Finance,Europe,2022,3698.2,16.0,6414.0,9.8,88.1,97.0,75.8,91.5,38509.3,19254.7,96273.3,10.412984695257153,5.206505867719431,26.032475258233738,88.10000000000001,0.09846437163988475
405,Company_405,Finance,Europe,2023,3723.5,15.4,11137.3,0.7,88.6,96.9,76.7,92.3,38856.3,19428.2,97140.9,10.435423660534445,5.217725258493354,26.0885994360145,88.63333333333334,0.006841165972635288
405,Company_405,Finance,Europe,2024,3704.4,13.9,5514.1,-0.5,89.9,98.0,77.4,94.2,38066.1,19033.0,95165.2,10.275915127955944,5.137944066515495,25.689774322427382,89.86666666666667,-0.005129582382167319
405,Company_405,Finance,Europe,2025,3483.4,13.2,4404.0,-6.0,90.5,100.0,77.6,93.9,34834.2,17417.1,87085.6,10.000057415169087,5.000028707584543,25.000172245507265,90.5,-0.05965878414858006
406,Company_406,Utilities,Asia,2015,392.1,8.5,421.5,-0.19999999999999998,41.8,56.8,41.2,27.5,251719.8,157324.9,2517197.9,641.9785768936495,401.236674317776,6419.785513899515,41.833333333333336,
406,Company_406,Utilities,Asia,2016,446.2,8.3,410.6,13.8,42.0,54.1,43.0,29.0,293143.0,183214.4,2931429.8,656.9766920663379,410.61048857014794,6569.766472433886,42.03333333333333,0.1379750063759244
406,Company_406,Utilities,Asia,2017,433.6,7.7,347.0,-2.8,42.4,56.0,40.5,30.5,280168.2,175105.1,2801682.0,646.144372693727,403.84017527675275,6461.443726937269,42.333333333333336,-0.028238458090542262
406,Company_406,Utilities,Asia,2018,431.1,9.3,482.3,-0.6,45.0,61.9,39.2,33.9,264343.2,165214.5,2643432.3,613.1830201809325,383.2393876130828,6131.8308977035485,45.0,-0.005765682656826532
406,Company_406,Utilities,Asia,2019,439.5,8.0,502.3,2.0,46.1,63.5,39.2,35.6,265757.0,166098.1,2657570.2,604.6803185437998,377.9251422070535,6046.80364050057,46.1,0.019485038274182243
406,Company_406,Utilities,Asia,2020,445.0,11.7,757.0,1.2,46.8,65.6,39.8,34.9,263700.8,164813.0,2637007.8,592.5860674157303,370.36629213483144,5925.860224719101,46.76666666666666,0.012514220705347023
406,Company_406,Utilities,Asia,2021,417.0,12.7,693.2,-6.3,48.7,67.9,41.1,36.9,241646.2,151028.9,2416462.3,579.4872901678657,362.1796163069544,5794.873621103117,48.63333333333333,-0.06292134831460672
406,Company_406,Utilities,Asia,2022,406.1,15.9,727.0,-2.6,48.9,72.4,38.9,35.3,225230.8,140769.3,2252308.4,554.6190593449888,346.6370352130017,5546.191578428958,48.866666666666674,-0.026139088729016713
406,Company_406,Utilities,Asia,2023,407.0,13.4,591.5,0.2,50.2,72.6,40.7,37.2,225214.1,140758.8,2252141.5,553.3515970515971,345.8447174447174,5533.517199017199,50.166666666666664,0.002216202905688247
406,Company_406,Utilities,Asia,2024,427.0,12.3,645.8,4.9,52.5,73.2,44.8,39.5,234920.2,146825.1,2349201.8,550.1644028103045,343.85269320843094,5501.643559718969,52.5,0.0491400491400491
406,Company_406,Utilities,Asia,2025,396.1,10.4,449.1,-7.2,53.7,73.0,45.0,43.2,218263.4,136414.6,2182633.8,551.0310527644534,344.3943448624085,5510.310022721535,53.73333333333333,-0.07236533957845426
407,Company_407,Healthcare,North America,2015,410.1,9.7,765.4,3.85,61.6,70.1,25.6,89.2,29096.6,29096.6,58193.1,70.95001219214825,70.95001219214825,141.89978054133138,61.633333333333326,
407,Company_407,Healthcare,North America,2016,398.7,11.2,962.4,-2.8,62.4,72.9,25.5,88.9,27500.1,27500.1,55000.2,68.97441685477803,68.97441685477803,137.94883370955606,62.43333333333334,-0.027798098024872098
407,Company_407,Healthcare,North America,2017,437.0,11.8,1202.0,9.6,61.5,73.7,24.7,86.3,29907.9,29907.9,59815.7,68.43913043478261,68.43913043478261,136.87803203661326,61.56666666666666,0.09606220215701033
407,Company_407,Healthcare,North America,2018,452.2,14.3,1487.7,3.5,62.7,74.7,25.2,88.2,30606.4,30606.4,61212.8,67.68332596196373,67.68332596196373,135.36665192392746,62.70000000000001,0.034782608695652195
407,Company_407,Healthcare,North America,2019,515.7,12.0,1002.0,14.0,62.0,75.1,22.4,88.6,34788.6,34788.6,69577.1,67.4589877835951,67.4589877835951,134.91778165600155,62.03333333333333,0.1404245908889874
407,Company_407,Healthcare,North America,2020,548.8,12.2,758.3,6.4,62.0,74.5,24.9,86.8,37250.4,37250.4,74500.9,67.87609329446065,67.87609329446065,135.7523688046647,62.06666666666666,0.06418460345161892
407,Company_407,Healthcare,North America,2021,501.6,12.3,1098.6,-8.6,61.2,75.1,24.3,84.2,33839.7,33839.7,67679.3,67.46351674641147,67.46351674641147,134.9268341307815,61.199999999999996,-0.08600583090378999
407,Company_407,Healthcare,North America,2022,516.2,11.3,1005.9,2.9,62.7,76.4,23.7,88.0,34356.6,34356.6,68713.1,66.55676094537,66.55676094537,133.11332816737698,62.70000000000001,0.029106858054226414
407,Company_407,Healthcare,North America,2023,538.0,13.5,1776.3,4.2,64.4,77.9,23.9,91.4,35228.5,35228.5,70457.0,65.48048327137546,65.48048327137546,130.96096654275092,64.4,0.04223169314219288
407,Company_407,Healthcare,North America,2024,572.4,13.8,1815.6,6.4,67.9,80.7,29.0,93.9,36348.6,36348.6,72697.1,63.5020964360587,63.5020964360587,127.00401816911253,67.86666666666667,0.06394052044609655
407,Company_407,Healthcare,North America,2025,538.8,13.4,1320.4,-5.9,69.2,83.2,32.1,92.3,33271.9,33271.9,66543.8,61.75185597624351,61.75185597624351,123.50371195248702,69.2,-0.058700209643605894
408,Company_408,Retail,Asia,2015,718.7,8.0,811.4,8.2,59.0,79.6,23.4,74.1,46214.9,23107.5,92429.9,64.30346458884097,32.15180186447753,128.607068317796,59.03333333333333,
408,Company_408,Retail,Asia,2016,804.3,8.0,1073.9,11.9,59.0,78.4,23.3,75.4,52367.9,26184.0,104735.8,65.10990923784658,32.5550167847818,130.21981847569316,59.03333333333334,0.11910393766522875
408,Company_408,Retail,Asia,2017,872.4,8.3,1049.4,8.5,61.1,81.9,24.1,77.1,54667.0,27333.5,109333.9,62.66276937184778,31.33138468592389,125.32542411737735,61.03333333333333,0.0846698992913093
408,Company_408,Retail,Asia,2018,1040.8,8.1,1274.3,19.3,63.4,84.7,27.2,78.5,63203.7,31601.8,126407.3,60.7260760953113,30.362990007686395,121.4520561106841,63.46666666666667,0.19303071985327835
408,Company_408,Retail,Asia,2019,1123.4,8.6,2407.5,7.9,65.3,84.5,31.7,79.8,68318.1,34159.1,136636.2,60.8136905821613,30.40688979882499,121.6273811643226,65.33333333333333,0.07936202920830149
408,Company_408,Retail,Asia,2020,1272.4,7.3,940.0,13.3,66.1,85.5,34.0,79.0,76533.6,38266.8,153067.1,60.149009745363095,30.074504872681548,120.29794089908833,66.16666666666667,0.1326330781555991
408,Company_408,Retail,Asia,2021,1291.1,7.7,1862.0,1.5,67.8,85.8,37.3,80.3,77432.3,38716.1,154864.6,59.97389822631865,29.986910386492138,119.9477964526373,67.8,0.014696636277899966
408,Company_408,Retail,Asia,2022,1458.6,5.4,1174.7,13.0,68.1,87.4,35.8,81.2,85816.0,42908.0,171632.0,58.83449883449884,29.41724941724942,117.66899766899768,68.13333333333334,0.12973433506312437
408,Company_408,Retail,Asia,2023,1534.9,6.7,2001.5,5.2,69.4,88.8,34.8,84.6,88829.1,44414.6,177658.3,57.87289074206789,28.93647794644602,115.74584663495992,69.39999999999999,0.05231043466337604
408,Company_408,Retail,Asia,2024,1546.6,8.1,1550.3,0.8,70.8,90.7,35.9,86.0,87361.5,43680.8,174723.1,56.48616319668952,28.24311392732446,112.97239105133843,70.86666666666666,0.007622646426477253
408,Company_408,Retail,Asia,2025,1657.9,5.2,1374.4,7.2,72.3,90.2,37.9,88.9,94252.9,47126.4,188505.7,56.85077507690451,28.425357379817843,113.7014898365402,72.33333333333333,0.07196430880641413
409,Company_409,Healthcare,Europe,2015,13914.6,19.1,59358.0,13.45,60.9,62.4,50.6,69.8,1062271.0,1062271.0,2124542.0,76.34218734279102,76.34218734279102,152.68437468558204,60.93333333333334,
409,Company_409,Healthcare,Europe,2016,15719.7,16.1,48543.5,13.0,61.4,64.5,49.8,70.0,1176677.5,1176677.5,2353355.1,74.85368677519291,74.85368677519291,149.70737991183037,61.43333333333334,0.12972704928636114
409,Company_409,Healthcare,Europe,2017,16329.5,14.7,54171.9,3.9,61.8,64.9,48.7,71.7,1217294.7,1217294.7,2434589.4,74.5457423681068,74.5457423681068,149.0914847362136,61.76666666666667,0.03879208890754904
409,Company_409,Healthcare,Europe,2018,18814.1,17.3,50845.3,15.2,60.3,62.7,48.0,70.1,1432143.5,1432143.5,2864287.1,76.12075517829713,76.12075517829713,152.24151567175684,60.26666666666667,0.15215407697724959
409,Company_409,Healthcare,Europe,2019,23090.0,19.5,70048.3,22.7,62.0,64.7,50.7,70.5,1724347.8,1724347.8,3448695.6,74.67941966219142,74.67941966219142,149.35883932438284,61.96666666666667,0.22727103608463883
409,Company_409,Healthcare,Europe,2020,28948.9,15.9,57543.5,25.4,63.5,65.3,52.1,73.2,2150310.2,2150310.2,4300620.4,74.2795132112101,74.2795132112101,148.5590264224202,63.53333333333334,0.25374187960155914
409,Company_409,Healthcare,Europe,2021,31445.0,13.1,62642.4,8.6,62.1,61.1,51.1,74.0,2427849.4,2427849.4,4855698.8,77.20939418031483,77.20939418031483,154.41878836062966,62.06666666666666,0.08622434703909287
409,Company_409,Healthcare,Europe,2022,36187.7,12.5,54225.8,15.1,60.6,60.8,50.2,70.7,2802630.0,2802630.0,5605260.0,77.44703310793447,77.44703310793447,154.89406621586895,60.56666666666666,0.15082525043727135
409,Company_409,Healthcare,Europe,2023,40903.0,18.8,84888.0,13.0,59.5,59.6,50.8,68.0,3201954.1,3201954.1,6403908.1,78.28164437816298,78.28164437816298,156.5632863115175,59.46666666666667,0.13030117968259947
409,Company_409,Healthcare,Europe,2024,46604.1,17.7,94690.5,13.9,59.8,59.1,52.7,67.6,3664251.4,3664251.4,7328502.8,78.6250866340086,78.6250866340086,157.2501732680172,59.800000000000004,0.1393809745006478
409,Company_409,Healthcare,Europe,2025,51738.7,12.9,118627.9,11.0,59.2,59.6,50.6,67.5,4048560.3,4048560.3,8097120.6,78.25013577844051,78.25013577844051,156.50027155688102,59.23333333333333,0.11017485586032127
410,Company_410,Manufacturing,Africa,2015,2070.2,14.5,4666.2,5.9,29.8,22.5,60.3,6.5,647431.0,863241.3,10790516.7,312.7383827649503,416.9844942517632,5212.306395517341,29.766666666666666,
410,Company_410,Manufacturing,Africa,2016,1991.6,14.7,2871.0,-3.8,29.5,25.6,55.9,7.0,609842.0,813122.7,10164034.1,306.2070696927094,408.27610966057443,5103.45154649528,29.5,-0.03796734615013042
410,Company_410,Manufacturing,Africa,2017,2109.4,18.1,7487.5,5.9,30.9,25.6,55.8,11.4,646175.7,861567.5,10769594.2,306.3315160709206,408.4419740210486,5105.524888593913,30.933333333333337,0.059148423378188486
410,Company_410,Manufacturing,Africa,2018,2397.8,17.0,5225.3,13.7,31.2,27.9,55.8,9.9,722678.6,963571.5,12044644.0,301.3923596630244,401.8564934523313,5023.206272416382,31.2,0.13672134256186608
410,Company_410,Manufacturing,Africa,2019,2833.2,16.9,4294.5,18.2,31.2,25.7,56.5,11.5,867209.6,1156279.5,14453493.5,306.0883806296767,408.1178526048285,5101.473069320909,31.233333333333334,0.18158311785803627
410,Company_410,Manufacturing,Africa,2020,2899.9,14.4,9053.3,2.4,31.7,24.1,60.7,10.1,897090.9,1196121.1,14951514.3,309.35235697782684,412.4697748198214,5155.87237490948,31.633333333333336,0.023542284342792597
410,Company_410,Manufacturing,Africa,2021,3170.2,14.8,7099.8,9.3,31.1,23.7,63.1,6.7,983737.6,1311650.2,16395627.1,310.3077408365403,413.74367547788785,5171.795817298594,31.166666666666668,0.09321011069347218
410,Company_410,Manufacturing,Africa,2022,3356.3,14.3,4970.5,5.9,32.2,27.8,62.5,6.3,1012423.8,1349898.4,16873730.3,301.6487799064446,402.1983732085927,5027.479754491553,32.199999999999996,0.05870292095135965
410,Company_410,Manufacturing,Africa,2023,3193.2,13.8,8421.4,-4.9,32.6,29.6,62.3,6.1,951039.3,1268052.4,15850654.5,297.83267568583244,397.11023424777653,4963.877771514469,32.666666666666664,-0.048595179215207285
410,Company_410,Manufacturing,Africa,2024,3069.2,13.1,8330.8,-3.9,32.6,30.8,61.7,5.2,906071.4,1208095.3,15101190.6,295.21419262348496,393.6189560797602,4920.236739215431,32.56666666666667,-0.03883251910309404
410,Company_410,Manufacturing,Africa,2025,3396.4,12.6,7739.0,10.7,34.7,35.3,61.1,7.7,970939.8,1294586.4,16182330.2,285.8732187021552,381.1642916028736,4764.553703921799,34.7,0.1066075850384467
411,Company_411,Healthcare,Africa,2015,1897.7,17.6,3400.8,18.65,55.5,65.5,38.2,62.7,140666.3,140666.3,281332.5,74.12462454550244,74.12462454550244,148.24919639563683,55.46666666666667,
411,Company_411,Healthcare,Africa,2016,2170.4,15.1,5403.8,14.4,54.6,67.4,35.2,61.1,158035.1,158035.1,316070.1,72.81381312200516,72.81381312200516,145.627580169554,54.56666666666667,0.1437002687463773
411,Company_411,Healthcare,Africa,2017,2584.5,14.8,9294.5,19.1,55.8,67.4,37.9,62.1,188264.3,188264.3,376528.6,72.84360611336815,72.84360611336815,145.6872122267363,55.800000000000004,0.19079432362698112
411,Company_411,Healthcare,Africa,2018,2818.7,12.3,7086.9,9.1,58.7,72.1,40.0,64.0,195958.0,195958.0,391915.9,69.52070103239082,69.52070103239082,139.04136658743394,58.699999999999996,0.09061714064615978
411,Company_411,Healthcare,Africa,2019,3590.1,12.4,4610.3,27.4,58.9,70.9,42.0,63.7,252622.2,252622.2,505244.4,70.36634077045208,70.36634077045208,140.73268154090417,58.866666666666674,0.2736722602618229
411,Company_411,Healthcare,Africa,2020,4127.2,14.2,7284.1,15.0,58.7,71.6,43.0,61.4,288352.6,288352.6,576705.2,69.86639852684628,69.86639852684628,139.73279705369256,58.666666666666664,0.14960586056098713
411,Company_411,Healthcare,Africa,2021,5204.7,10.8,9180.8,26.1,58.8,72.0,46.2,58.3,362088.2,362088.2,724176.3,69.56946605952312,69.56946605952312,139.138912905643,58.833333333333336,0.26107288234153914
411,Company_411,Healthcare,Africa,2022,6352.0,13.3,13451.5,22.0,59.9,75.7,48.2,55.8,425867.2,425867.2,851734.5,67.04458438287153,67.04458438287153,134.08918450881612,59.9,0.220435375718101
411,Company_411,Healthcare,Africa,2023,7509.2,16.8,22540.1,18.2,60.9,76.9,49.6,56.4,497097.1,497097.1,994194.2,66.19840995046077,66.19840995046077,132.39681990092154,60.96666666666667,0.18217884130982376
411,Company_411,Healthcare,Africa,2024,9464.3,18.9,42561.8,26.0,60.9,75.7,49.3,57.8,634030.5,634030.5,1268061.0,66.99180076709318,66.99180076709318,133.98360153418636,60.93333333333334,0.2603606243008576
411,Company_411,Healthcare,Africa,2025,11175.9,13.9,28808.1,18.1,61.3,75.5,48.4,59.9,750190.0,750190.0,1500379.9,67.12569010102095,67.12569010102095,134.25137125421665,61.26666666666667,0.1808480289086356
412,Company_412,Energy,Latin America,2015,9886.9,8.1,14685.0,13.7,39.8,24.9,43.5,51.2,10144044.3,3043213.3,101440443.3,1026.008587120331,307.80257714753867,10260.08590154649,39.86666666666667,
412,Company_412,Energy,Latin America,2016,11081.9,18.7,40387.9,12.1,43.2,29.0,47.0,53.5,11052143.9,3315643.2,110521439.1,997.3148918506755,299.19447026231967,9973.148927530478,43.166666666666664,0.12086700583600529
412,Company_412,Energy,Latin America,2017,11542.5,13.2,28460.1,4.2,42.5,27.3,45.7,54.3,11643186.3,3492955.9,116431863.2,1008.723092917479,302.61692874160707,10087.230946502057,42.43333333333333,0.04156326983639991
412,Company_412,Energy,Latin America,2018,12742.3,12.1,22562.4,10.4,42.7,28.9,45.7,53.5,12716920.0,3815076.0,127169199.7,998.0082088790879,299.40246266372634,9980.082065247248,42.699999999999996,0.10394628546675322
412,Company_412,Energy,Latin America,2019,14692.5,16.5,29162.3,15.3,43.0,26.8,48.0,54.1,14872762.3,4461828.7,148727623.4,1012.2690011910839,303.6807010379445,10122.690039135614,42.96666666666667,0.15304929251391042
412,Company_412,Energy,Latin America,2020,15241.4,10.4,28360.8,3.7,42.4,26.7,48.1,52.4,15436040.6,4630812.2,154360406.2,1012.7705197685252,303.831157242773,10127.705210807406,42.4,0.0373591968691509
412,Company_412,Energy,Latin America,2021,17631.8,5.4,8214.8,15.7,43.7,28.9,47.5,54.8,17596147.7,5278844.3,175961477.1,997.9779546047482,299.3933858142674,9979.779551719053,43.73333333333333,0.15683598619549377
412,Company_412,Energy,Latin America,2022,21248.3,10.9,43792.8,20.5,43.5,27.7,48.0,55.0,21379813.8,6413944.1,213798138.2,1006.1893798562709,301.85681207437773,10061.893807975226,43.56666666666666,0.2051123538152657
412,Company_412,Energy,Latin America,2023,23588.1,11.3,21700.6,11.0,42.6,27.0,45.9,55.0,23853601.4,7156080.4,238536014.4,1011.2557348832675,303.3767196170951,10112.557365790379,42.63333333333333,0.11011704465769023
412,Company_412,Energy,Latin America,2024,29722.3,5.8,21023.7,26.0,45.8,28.2,50.0,59.3,29801071.9,8940321.6,298010719.1,1002.6502625974437,300.79507978857623,10026.502629338915,45.833333333333336,0.2600548581700095
412,Company_412,Energy,Latin America,2025,36923.4,-0.6,27674.1,24.2,46.7,32.0,49.1,59.0,36033380.0,10810014.0,360333799.9,975.8955025810191,292.76865077430574,9758.95502310188,46.699999999999996,0.24227936599792077
413,Company_413,Consumer Goods,North America,2015,1198.2,11.8,2403.3,12.7,61.7,40.5,83.0,61.5,219571.6,274464.5,1097858.0,183.25121014855617,229.0640126856952,916.2560507427808,61.666666666666664,
413,Company_413,Consumer Goods,North America,2016,1444.8,12.4,3378.3,20.6,61.8,42.1,80.2,63.1,261524.9,326906.2,1307624.7,181.01114341085272,226.26398117386492,905.0558554817276,61.800000000000004,0.20580871306960424
413,Company_413,Consumer Goods,North America,2017,1720.1,10.3,4278.1,19.1,63.2,45.1,80.7,63.7,304297.6,380372.0,1521487.9,176.90692401604556,221.13365502005698,884.5345619440731,63.166666666666664,0.19054540420819488
413,Company_413,Consumer Goods,North America,2018,1737.0,12.3,3570.4,1.0,62.9,44.8,79.7,64.2,307957.9,384947.4,1539789.6,177.2929763960852,221.6162348877375,886.46493955095,62.9,0.009825010173827087
413,Company_413,Consumer Goods,North America,2019,1772.8,12.1,3106.1,2.1,62.3,45.1,78.6,63.2,313637.4,392046.8,1568187.2,176.9164034296029,221.14553249097472,884.5821299638989,62.29999999999999,0.020610247553252803
413,Company_413,Consumer Goods,North America,2020,1791.7,11.7,3659.4,1.1,63.1,43.8,79.4,66.1,320211.5,400264.3,1601057.3,178.7193726628342,223.3991739688564,893.5967516883406,63.1,0.010661101083032642
413,Company_413,Consumer Goods,North America,2021,2021.8,10.0,2912.0,12.8,64.9,43.5,82.6,68.6,361971.7,452464.7,1809858.7,179.0343753091305,223.79300623207044,895.1719754674053,64.89999999999999,0.1284255176647875
413,Company_413,Consumer Goods,North America,2022,2684.9,10.2,6791.6,32.8,67.9,45.9,86.9,70.9,471761.1,589701.4,2358805.6,175.70900219747475,219.6362620581772,878.5450482327088,67.9,0.327975071718271
413,Company_413,Consumer Goods,North America,2023,3022.7,11.3,5845.3,12.6,71.1,48.9,90.5,73.8,518396.9,647996.1,2591984.5,171.50127369570254,214.37658384887683,857.5063684785126,71.06666666666666,0.12581474170360152
413,Company_413,Consumer Goods,North America,2024,3179.3,10.3,6923.0,5.2,71.2,49.1,88.2,76.5,544604.4,680755.5,2723021.8,171.29695215928035,214.12119019910043,856.4846978894724,71.26666666666667,0.05180798623746985
413,Company_413,Consumer Goods,North America,2025,3700.7,11.6,5696.2,16.4,73.9,52.5,89.3,80.0,616000.7,770000.8,3080003.4,166.45518415434918,208.0689599265004,832.2758937498311,73.93333333333334,0.16399836441984061
414,Company_414,Retail,Oceania,2015,266.2,4.1,120.7,2.7,58.1,55.6,35.7,82.9,21584.2,10792.1,43168.5,81.08264462809917,40.54132231404959,162.16566491359882,58.06666666666667,
414,Company_414,Retail,Oceania,2016,286.0,4.2,297.3,7.4,58.3,54.7,39.7,80.6,23363.3,11681.6,46726.5,81.68986013986014,40.84475524475525,163.37937062937064,58.333333333333336,0.07438016528925617
414,Company_414,Retail,Oceania,2017,289.9,4.4,283.3,1.4,57.0,54.0,39.1,77.9,23837.7,11918.9,47675.5,82.22731976543636,41.113832355984826,164.45498447740601,57.0,0.013636363636363447
414,Company_414,Retail,Oceania,2018,314.3,4.6,174.7,8.4,57.8,55.3,39.4,78.6,25548.5,12774.2,51096.9,81.2869869551384,40.64333439389119,162.57365574292078,57.76666666666666,0.08416695412211128
414,Company_414,Retail,Oceania,2019,314.3,2.7,142.6,-0.0,59.5,59.4,39.5,79.6,24644.4,12322.2,49288.9,78.41043588927776,39.20521794463888,156.82118994591156,59.5,0.0
414,Company_414,Retail,Oceania,2020,322.9,0.3,15.9,2.7,60.7,62.0,40.3,79.9,24741.1,12370.5,49482.1,76.62155466088572,38.3106224837411,153.24279962836792,60.73333333333333,0.02736239261851714
414,Company_414,Retail,Oceania,2021,333.1,-1.0,1557.4,3.2,58.9,62.0,38.6,76.0,25525.9,12762.9,51051.7,76.63134193935755,38.31552086460522,153.262383668568,58.86666666666667,0.03158872716011163
414,Company_414,Retail,Oceania,2022,342.0,1.1,46.2,2.7,60.8,67.0,37.2,78.3,25001.6,12500.8,50003.2,73.10409356725145,36.55204678362573,146.2081871345029,60.833333333333336,0.02671870309216451
414,Company_414,Retail,Oceania,2023,382.0,0.6,48.7,11.7,60.9,66.6,37.9,78.0,28035.8,14017.9,56071.6,73.39214659685864,36.69607329842932,146.78429319371728,60.833333333333336,0.11695906432748537
414,Company_414,Retail,Oceania,2024,358.2,0.9,55.9,-6.2,62.6,67.7,38.9,81.1,26003.4,13001.7,52006.8,72.59463986599665,36.29731993299833,145.1892797319933,62.56666666666666,-0.062303664921465995
414,Company_414,Retail,Oceania,2025,361.2,0.2,15.7,0.8,62.9,66.0,41.1,81.6,26659.8,13329.9,53319.5,73.80897009966777,36.90448504983389,147.61766334440753,62.9,0.008375209380234505
415,Company_415,Energy,North America,2015,2312.8,-2.8,6681.7,-0.7,41.5,23.1,75.6,25.9,2401203.3,720361.0,24012033.2,1038.2234953303353,311.467052922864,10382.235039778621,41.53333333333333,
415,Company_415,Energy,North America,2016,2198.1,-0.6,7825.1,-5.0,42.7,23.3,78.6,26.0,2278806.5,683641.9,22788064.6,1036.7164824166325,311.014921978072,10367.164642190985,42.63333333333333,-0.04959356624005551
415,Company_415,Energy,North America,2017,2266.2,0.6,121.1,3.1,44.2,28.1,79.3,25.2,2274096.0,682228.8,22740959.7,1003.4842467566853,301.04527402700563,10034.842335186657,44.199999999999996,0.03098130203357452
415,Company_415,Energy,North America,2018,2061.2,7.4,2115.4,-9.0,42.6,28.3,74.2,25.1,2064677.6,619403.3,20646776.1,1001.6871725208617,300.5061614593441,10016.871773724046,42.53333333333333,-0.09045980054717151
415,Company_415,Energy,North America,2019,2159.8,-1.7,2525.9,4.8,43.4,31.1,74.4,24.7,2121569.6,636470.9,21215695.8,982.2991017686822,294.6897397907214,9822.990925085656,43.4,0.047836211915389226
415,Company_415,Energy,North America,2020,1999.2,4.0,1111.3,-7.4,44.3,29.4,76.4,27.2,1988184.6,596455.4,19881845.5,994.4900960384153,298.3470388155262,9944.900710284113,44.333333333333336,-0.07435873692008521
415,Company_415,Energy,North America,2021,2114.1,0.5,190.5,5.7,45.9,31.8,77.3,28.7,2066859.5,620057.8,20668594.9,977.6545574949151,293.2963435977485,9776.545527647699,45.93333333333333,0.057472989195678226
415,Company_415,Energy,North America,2022,2330.1,1.5,501.1,10.2,47.5,34.4,79.5,28.5,2234926.2,670477.8,22349261.6,959.1546285567144,287.74636281704653,9591.546113900691,47.46666666666667,0.10217113665389532
415,Company_415,Energy,North America,2023,2303.2,-3.8,6721.6,-1.2,48.8,39.4,81.4,25.6,2128502.1,638550.6,21285021.0,924.149921847864,277.24496352900314,9241.499218478639,48.800000000000004,-0.011544568902622232
415,Company_415,Energy,North America,2024,2297.5,-1.8,10021.4,-0.2,49.7,42.2,83.6,23.4,2077845.3,623353.6,20778452.7,904.3940369967356,271.31821545157777,9043.940239390642,49.73333333333333,-0.002474817645015559
415,Company_415,Energy,North America,2025,2136.9,5.7,2158.3,-7.0,51.7,44.6,88.7,21.7,1897174.9,569152.5,18971749.0,887.8164163039917,266.344938930226,8878.164163039917,51.666666666666664,-0.06990206746463545
416,Company_416,Healthcare,Middle East,2015,2803.2,4.3,2920.7,1.85,52.3,58.7,62.2,36.1,221286.0,221286.0,442572.0,78.94049657534246,78.94049657534246,157.88099315068493,52.333333333333336,
416,Company_416,Healthcare,Middle East,2016,2880.3,2.6,1385.4,2.7,52.3,58.8,62.9,35.1,227087.7,227087.7,454175.4,78.84168315800437,78.84168315800437,157.68336631600874,52.26666666666666,0.027504280821917915
416,Company_416,Healthcare,Middle East,2017,3064.3,2.3,963.8,6.4,53.3,60.5,64.0,35.3,238036.5,238036.5,476073.0,77.68054694383709,77.68054694383709,155.36109388767417,53.26666666666667,0.06388223448946295
416,Company_416,Healthcare,Middle East,2018,2551.5,0.5,217.9,-16.7,54.3,61.1,65.4,36.5,197121.4,197121.4,394242.8,77.25706447187929,77.25706447187929,154.51412894375858,54.333333333333336,-0.16734653917697362
416,Company_416,Healthcare,Middle East,2019,2410.2,-1.4,6866.0,-5.5,56.6,62.0,69.5,38.2,184563.1,184563.1,369126.3,76.57584432827151,76.57584432827151,153.1517301468758,56.56666666666666,-0.05537918871252212
416,Company_416,Healthcare,Middle East,2020,2350.7,-1.3,9971.9,-2.5,55.8,60.4,67.5,39.4,182694.5,182694.5,365389.1,77.71919002850215,77.71919002850215,155.43842259752415,55.76666666666667,-0.02468674798771886
416,Company_416,Healthcare,Middle East,2021,2408.8,-2.9,5392.3,2.5,56.7,62.1,70.1,37.9,184395.2,184395.2,368790.5,76.55064762537363,76.55064762537363,153.10133676519428,56.699999999999996,0.024716042030033858
416,Company_416,Healthcare,Middle East,2022,2920.7,-3.3,1575.1,21.3,58.0,64.9,71.4,37.6,217881.3,217881.3,435762.5,74.59900023966857,74.59900023966857,149.19796624096963,57.96666666666667,0.21251245433410815
416,Company_416,Healthcare,Middle East,2023,3018.4,-0.2,4357.1,3.3,59.6,69.5,73.8,35.5,215336.8,215336.8,430673.5,71.34137291280148,71.34137291280148,142.68271269546779,59.6,0.03345088506180027
416,Company_416,Healthcare,Middle East,2024,3038.4,2.2,914.3,0.7,61.6,72.0,73.1,39.6,211486.1,211486.1,422972.3,69.6044299631385,69.6044299631385,139.20889283833597,61.56666666666666,0.0066260270341902405
416,Company_416,Healthcare,Middle East,2025,3075.0,-1.2,4416.8,1.2,62.6,75.1,73.3,39.5,207429.2,207429.2,414858.4,67.45665040650407,67.45665040650407,134.91330081300814,62.633333333333326,0.012045813586097909
417,Company_417,Transportation,Middle East,2015,255.6,5.7,207.8,5.6,12.9,8.6,21.1,9.1,174846.5,29141.1,582821.6,684.0629890453835,114.01056338028168,2280.209702660407,12.933333333333335,
417,Company_417,Transportation,Middle East,2016,270.3,2.1,105.5,5.7,15.2,12.7,19.0,14.1,180209.1,30034.8,600696.8,666.700332963374,111.11653718091009,2222.333703292638,15.266666666666666,0.057511737089201986
417,Company_417,Transportation,Middle East,2017,285.2,1.0,57.0,5.5,14.9,12.7,17.7,14.2,190071.0,31678.5,633570.1,666.4481065918654,111.07468443197756,2221.494039270687,14.866666666666665,0.055123936366999526
417,Company_417,Transportation,Middle East,2018,320.7,3.9,120.7,12.4,14.8,11.0,16.9,16.6,216006.5,36001.1,720021.6,673.5469285937013,112.25787340193327,2245.156220767072,14.833333333333334,0.12447405329593275
417,Company_417,Transportation,Middle East,2019,340.1,3.7,119.8,6.1,17.0,17.2,18.8,14.8,220222.9,36703.8,734076.2,647.5239635401352,107.920611584828,2158.4128197588943,16.933333333333334,0.06049267227938904
417,Company_417,Transportation,Middle East,2020,348.0,0.3,14.6,2.3,16.9,15.6,21.5,13.7,227782.1,37963.7,759273.6,654.5462643678161,109.09109195402299,2181.8206896551724,16.933333333333334,0.023228462216994927
417,Company_417,Transportation,Middle East,2021,339.1,3.6,117.9,-2.6,18.4,18.3,22.0,14.9,218133.4,36355.6,727111.3,643.2716012975523,107.21203184901208,2144.2385726924213,18.4,-0.025574712643678055
417,Company_417,Transportation,Middle East,2022,348.1,7.4,494.3,2.7,21.3,22.7,23.5,17.8,217450.2,36241.7,724833.9,624.6773915541511,104.1128985923585,2082.2576845733984,21.333333333333332,0.026540843409023962
417,Company_417,Transportation,Middle East,2023,430.5,5.0,420.1,23.7,22.3,25.1,24.0,17.8,264540.5,44090.1,881801.5,614.4959349593496,102.41602787456446,2048.3193960511035,22.3,0.23671358804941112
417,Company_417,Transportation,Middle East,2024,552.1,8.0,574.4,28.2,25.6,29.5,28.1,19.4,329219.5,54869.9,1097398.2,596.3041115739902,99.38398840789712,1987.6801304111573,25.666666666666668,0.28246225319396046
417,Company_417,Transportation,Middle East,2025,568.0,10.1,469.4,2.9,28.0,29.2,34.5,20.2,339233.2,56538.9,1130777.4,597.2415492957747,99.54031690140846,1990.8052816901406,27.96666666666667,0.028799130592283895
418,Company_418,Manufacturing,Oceania,2015,992.8,12.4,2390.4,-2.65,61.8,33.2,85.7,66.3,288101.2,384135.0,4801687.1,290.19057211925866,386.92082997582594,4836.509971796938,61.73333333333333,
418,Company_418,Manufacturing,Oceania,2016,991.2,9.9,1089.6,-0.2,62.2,35.0,84.9,66.7,284004.6,378672.8,4733410.1,286.52602905569006,382.0347054075867,4775.433918482647,62.20000000000001,-0.0016116035455276956
418,Company_418,Manufacturing,Oceania,2017,953.0,5.4,546.8,-3.9,63.4,36.9,87.3,66.1,269279.5,359039.4,4487992.1,282.5598111227702,376.74648478488984,4709.330640083945,63.43333333333333,-0.038539144471347875
418,Company_418,Manufacturing,Oceania,2018,939.9,4.1,803.7,-1.4,64.8,39.7,87.5,67.0,260023.5,346697.9,4333724.4,276.6501755505905,368.8667943398234,4610.835620810725,64.73333333333333,-0.013746065057712475
418,Company_418,Manufacturing,Oceania,2019,968.1,8.3,1674.3,3.0,64.9,40.1,85.9,68.8,267044.7,356059.6,4450745.6,275.8441276727611,367.79217023034806,4597.402747650036,64.93333333333334,0.030003191828918085
418,Company_418,Manufacturing,Oceania,2020,1054.9,6.4,1032.4,9.0,65.2,40.5,84.8,70.3,290156.5,386875.4,4835942.0,275.05592947198784,366.7413024931273,4584.265807185515,65.2,0.08966015907447589
418,Company_418,Manufacturing,Oceania,2021,959.8,5.3,448.2,-9.0,65.9,41.6,87.1,69.1,261659.5,348879.3,4360991.0,272.6187747447385,363.4916649301938,4543.645551156491,65.93333333333332,-0.09015072518722167
418,Company_418,Manufacturing,Oceania,2022,917.2,4.4,835.0,-4.4,67.4,47.0,89.3,65.9,239751.3,319668.4,3995854.8,261.39478848669864,348.5263846489315,4356.579590056694,67.4,-0.04438424671806618
418,Company_418,Manufacturing,Oceania,2023,868.2,5.7,725.6,-5.3,67.6,45.0,93.0,64.8,230570.6,307427.5,3842843.8,265.57313982953235,354.0975581663211,4426.219534669431,67.60000000000001,-0.053423462712603564
418,Company_418,Manufacturing,Oceania,2024,818.6,5.5,887.5,-5.7,68.2,46.7,93.2,64.6,214456.4,285941.9,3574274.0,261.9794771561202,349.30601026142193,4366.325433667236,68.16666666666667,-0.05712969361898179
418,Company_418,Manufacturing,Oceania,2025,823.4,6.0,983.9,0.6,69.7,48.6,95.1,65.5,212432.6,283243.4,3540542.6,257.99441340782124,343.9924702453243,4299.90599951421,69.73333333333333,0.00586366967994123
419,Company_419,Healthcare,North America,2015,1924.8,20.4,9583.1,3.95,48.9,15.7,75.9,55.0,209850.0,209850.0,419700.0,109.02431421446384,109.02431421446384,218.04862842892769,48.866666666666674,
419,Company_419,Healthcare,North America,2016,2131.2,16.9,5142.3,10.7,49.1,15.0,75.2,57.1,233431.9,233431.9,466863.8,109.53073385885887,109.53073385885887,219.06146771771773,49.1,0.10723192019950112
419,Company_419,Healthcare,North America,2017,2360.7,14.4,4849.6,10.8,49.2,18.1,74.1,55.4,253357.2,253357.2,506714.5,107.32291269538698,107.32291269538698,214.6458677510908,49.199999999999996,0.10768581081081074
419,Company_419,Healthcare,North America,2018,2470.3,11.4,4042.3,4.6,49.9,20.5,73.2,55.9,260940.9,260940.9,521881.9,105.63125936121118,105.63125936121118,211.26255920333563,49.86666666666667,0.04642690727326659
419,Company_419,Healthcare,North America,2019,2558.4,10.3,5482.6,3.6,48.6,20.7,71.3,53.7,269990.2,269990.2,539980.3,105.53087867417136,105.53087867417136,211.0617182614134,48.56666666666666,0.03566368457272384
419,Company_419,Healthcare,North America,2020,2520.0,8.2,2489.1,-1.5,48.1,19.9,72.6,51.9,267353.7,267353.7,534707.4,106.0927380952381,106.0927380952381,212.1854761904762,48.13333333333333,-0.01500938086303949
419,Company_419,Healthcare,North America,2021,2509.2,4.3,1733.7,-0.4,49.0,22.9,70.9,53.1,260810.9,260810.9,521621.8,103.94185397736331,103.94185397736331,207.88370795472662,48.96666666666667,-0.004285714285714337
419,Company_419,Healthcare,North America,2022,2532.7,1.8,539.3,0.9,50.0,21.6,73.7,54.8,265685.1,265685.1,531370.2,104.90192284913333,104.90192284913333,209.80384569826666,50.03333333333334,0.0093655348318189
419,Company_419,Healthcare,North America,2023,2641.5,2.7,1370.9,4.3,50.4,25.4,70.0,55.8,270022.6,270022.6,540045.3,102.22320651145182,102.22320651145182,204.44645088018174,50.4,0.04295810794803967
419,Company_419,Healthcare,North America,2024,2548.2,-1.3,10868.2,-3.5,51.5,26.2,73.6,54.8,259053.6,259053.6,518107.1,101.66140805274313,101.66140805274313,203.32277686209875,51.53333333333333,-0.03532084043157302
419,Company_419,Healthcare,North America,2025,2997.5,0.2,70.4,17.6,52.2,26.1,73.7,56.7,305034.4,305034.4,610068.8,101.76293577981652,101.76293577981652,203.52587155963303,52.166666666666664,0.17632053998901198
420,Company_420,Manufacturing,Africa,2015,1733.7,12.4,3491.7,3.1,37.4,81.3,23.7,7.2,328063.2,437417.7,5467720.7,189.22720193805156,252.30299359750822,3153.787102728269,37.4,
420,Company_420,Manufacturing,Africa,2016,1742.1,11.4,4209.9,0.5,40.1,82.8,25.9,11.7,324151.9,432202.6,5402532.4,186.0696286091499,248.0928764135239,3101.160897767063,40.13333333333333,0.004845128915037078
420,Company_420,Manufacturing,Africa,2017,1701.7,10.9,3450.6,-2.3,40.4,80.2,28.8,12.1,325925.8,434567.8,5432097.1,191.52952929423518,255.37274490215665,3192.1590762178994,40.36666666666667,-0.023190402387922582
420,Company_420,Manufacturing,Africa,2018,1761.1,11.4,3326.2,3.5,40.7,78.2,32.2,11.7,344958.2,459944.2,5749302.8,195.8765544262109,261.1687013798194,3264.608937595821,40.7,0.03490627020038772
420,Company_420,Manufacturing,Africa,2019,1856.6,6.5,2589.8,5.4,41.9,77.9,31.8,16.2,364789.4,486385.8,6079822.5,196.4824948831197,261.9766239362275,3274.707799202844,41.96666666666667,0.05422747146669704
420,Company_420,Manufacturing,Africa,2020,2102.7,8.3,2579.9,13.3,43.4,81.2,29.5,19.6,398370.0,531160.0,6639500.3,189.4564131830504,252.60855091073384,3157.607029057878,43.43333333333334,0.13255413120758375
420,Company_420,Manufacturing,Africa,2021,1973.3,9.5,3854.8,-6.2,45.1,83.7,28.5,23.2,363470.6,484627.5,6057843.7,184.19429382253077,245.59240865555162,3069.9050828561294,45.13333333333333,-0.06153992485851523
420,Company_420,Manufacturing,Africa,2022,2502.9,8.4,4599.3,26.8,46.3,87.7,28.4,22.7,439958.9,586611.9,7332648.1,175.77965559950457,234.37288745055736,2929.6608334332172,46.26666666666666,0.2683829118735115
420,Company_420,Manufacturing,Africa,2023,2571.1,6.3,2848.0,2.7,45.8,87.8,27.7,21.8,451459.1,601945.4,7524318.0,175.58986426043327,234.11979308467195,2926.4976080276924,45.76666666666667,0.02724839186543604
420,Company_420,Manufacturing,Africa,2024,2845.1,6.5,3854.4,10.7,48.0,89.0,30.4,24.4,492451.9,656602.5,8207531.3,173.08772978102704,230.78362799198624,2884.7953674739024,47.93333333333334,0.10656917272762634
420,Company_420,Manufacturing,Africa,2025,2800.7,9.8,2268.7,-1.6,47.1,88.9,26.8,25.7,485120.1,646826.8,8085335.5,173.2138751026529,230.95183347020392,2886.8980969043455,47.13333333333333,-0.015605778355769595
421,Company_421,Retail,Africa,2015,822.8,5.3,1053.2,6.95,67.9,64.3,72.4,66.9,61715.2,30857.6,123430.4,75.00631988332523,37.50315994166262,150.01263976665047,67.86666666666666,
421,Company_421,Retail,Africa,2016,972.6,6.3,976.4,18.2,68.8,65.4,71.4,69.7,72206.2,36103.1,144412.4,74.24038659263829,37.120193296319144,148.48077318527658,68.83333333333333,0.18206125425376762
421,Company_421,Retail,Africa,2017,1058.6,6.0,1304.3,8.8,69.9,65.0,74.3,70.4,78863.6,39431.8,157727.2,74.49801624787456,37.24900812393728,148.99603249574912,69.9,0.0884227842895331
421,Company_421,Retail,Africa,2018,1172.0,5.0,993.1,10.7,70.1,65.6,74.1,70.5,86789.7,43394.9,173579.4,74.05264505119453,37.02636518771331,148.10529010238906,70.06666666666666,0.10712261477423013
421,Company_421,Retail,Africa,2019,1118.2,3.7,464.6,-4.6,70.5,65.2,72.7,73.5,83164.2,41582.1,166328.5,74.37327848327669,37.186639241638346,148.74664639599357,70.46666666666667,-0.045904436860068176
421,Company_421,Retail,Africa,2020,1071.0,4.9,999.7,-4.2,70.9,63.4,74.4,74.8,80953.6,40476.8,161907.1,75.58692810457516,37.79346405228758,151.17376283846872,70.86666666666667,-0.042210695761044525
421,Company_421,Retail,Africa,2021,1224.5,3.1,840.2,14.3,73.0,65.4,75.4,78.2,90886.6,45443.3,181773.1,74.22343813801552,37.11171906900776,148.44679461004492,73.0,0.14332399626517267
421,Company_421,Retail,Africa,2022,1286.6,3.3,434.9,5.1,74.7,68.1,76.6,79.3,93038.7,46519.3,186077.3,72.31361728586974,36.15676978081766,144.62715684750506,74.66666666666667,0.05071457737852181
421,Company_421,Retail,Africa,2023,1235.8,2.5,769.6,-3.9,77.8,70.9,82.8,79.6,86955.9,43477.9,173911.8,70.36405567243891,35.18198737659816,140.72811134487782,77.76666666666667,-0.03948391108347582
421,Company_421,Retail,Africa,2024,1349.3,3.2,1066.7,9.2,79.4,73.5,85.0,79.8,92468.8,46234.4,184937.6,68.53094196991033,34.265470984955165,137.06188393982066,79.43333333333334,0.09184334034633435
421,Company_421,Retail,Africa,2025,1338.1,7.2,1395.9,-0.8,82.8,78.8,88.6,80.9,86793.3,43396.7,173586.7,64.86308945519768,32.4315820940139,129.72625364322548,82.76666666666667,-0.008300600311272555
422,Company_422,Energy,Europe,2015,7231.9,12.9,10770.9,-12.100000000000001,75.1,70.7,86.0,68.6,5097618.3,1529285.5,50976182.8,704.8795337324908,211.46386150250973,7048.795309669658,75.1,
422,Company_422,Energy,Europe,2016,6064.4,13.1,10506.9,-16.1,76.1,69.7,84.2,74.5,4316826.9,1295048.1,43168268.7,711.8308323989183,213.54925466657875,7118.308274520151,76.13333333333334,-0.16143751987721067
422,Company_422,Energy,Europe,2017,5403.3,18.5,15286.4,-10.9,78.0,71.9,84.1,78.1,3762753.7,1128826.1,37627537.1,696.380674772824,208.91420058112635,6963.806766235449,78.03333333333333,-0.10901325770067927
422,Company_422,Energy,Europe,2018,4979.8,16.3,14892.5,-7.8,77.7,73.2,82.3,77.5,3423819.0,1027145.7,34238190.3,687.5414675288164,206.26244025864492,6875.414735531546,77.66666666666667,-0.07837802824200024
422,Company_422,Energy,Europe,2019,4318.5,16.4,11184.7,-13.3,78.0,75.8,81.7,76.5,2892005.8,867601.7,28920057.6,669.6783142294778,200.90348500636793,6696.783049670024,78.0,-0.13279649785131942
422,Company_422,Energy,Europe,2020,3582.3,13.6,6772.5,-17.0,78.8,77.0,84.7,74.5,2367542.6,710262.8,23675426.3,660.9001479496413,198.27004996789773,6609.0015632414925,78.73333333333333,-0.17047585967349765
422,Company_422,Energy,Europe,2021,3466.7,10.4,5395.2,-3.2,80.2,79.2,89.5,71.9,2238293.0,671487.9,22382929.8,645.6552340842877,193.6965702252863,6456.552283151124,80.2,-0.03226977081763127
422,Company_422,Energy,Europe,2022,2924.9,4.9,1205.8,-15.6,80.3,80.4,89.3,71.1,1863387.4,559016.2,18633873.6,637.0773017880953,191.12318369858795,6370.772881124141,80.26666666666667,-0.15628695877924248
422,Company_422,Energy,Europe,2023,2482.6,4.5,2041.4,-15.1,82.7,82.1,91.4,74.7,1552991.4,465897.4,15529914.2,625.550390719407,187.6651091597519,6255.503987754773,82.73333333333333,-0.15121884508872108
422,Company_422,Energy,Europe,2024,2285.2,3.9,1288.6,-7.9,83.3,81.5,90.6,77.8,1438077.5,431423.2,14380774.7,629.300498862244,188.79012777875025,6293.004857342902,83.3,-0.07951341335696449
422,Company_422,Energy,Europe,2025,2179.4,-0.3,9449.6,-4.6,86.9,87.6,93.4,79.6,1278342.8,383502.9,12783428.4,586.557217582821,175.96719280535928,5865.572359364963,86.86666666666667,-0.0462979170313319
423,Company_423,Healthcare,Oceania,2015,3675.8,21.3,18580.1,1.8,58.4,65.2,36.2,73.7,273240.6,273240.6,546481.3,74.33500190434734,74.33500190434734,148.6700310136569,58.366666666666674,
423,Company_423,Healthcare,Oceania,2016,3901.8,19.4,18711.1,6.1,58.6,63.8,37.4,74.7,294028.8,294028.8,588057.6,75.3572197447332,75.3572197447332,150.7144394894664,58.633333333333326,0.06148321453833172
423,Company_423,Healthcare,Oceania,2017,4584.7,19.1,18394.5,17.5,59.7,66.8,38.3,74.1,335799.8,335799.8,671599.6,73.24357100791764,73.24357100791764,146.48714201583527,59.73333333333333,0.17502178481726371
423,Company_423,Healthcare,Oceania,2018,4710.6,18.8,11536.0,2.7,61.1,66.5,39.5,77.4,346065.6,346065.6,692131.2,73.46529104572664,73.46529104572664,146.9305820914533,61.13333333333333,0.027460902567234546
423,Company_423,Healthcare,Oceania,2019,4468.7,16.6,13670.1,-5.1,61.3,66.2,39.8,77.9,329216.3,329216.3,658432.6,73.67160471725558,73.67160471725558,147.34320943451115,61.300000000000004,-0.05135226934997672
423,Company_423,Healthcare,Oceania,2020,5340.0,14.2,12719.3,19.5,61.9,65.1,39.7,80.8,397299.4,397299.4,794598.9,74.40063670411986,74.40063670411986,148.80129213483147,61.86666666666667,0.1949784053527872
423,Company_423,Healthcare,Oceania,2021,5486.9,17.1,21094.9,2.8,63.0,65.9,38.2,84.8,405348.5,405348.5,810697.0,73.87568572417942,73.87568572417942,147.75137144835884,62.96666666666667,0.02750936329588005
423,Company_423,Healthcare,Oceania,2022,5446.1,13.9,15796.5,-0.7,66.0,70.1,41.6,86.3,386172.6,386172.6,772345.3,70.90809937386386,70.90809937386386,141.8162171094912,66.0,-0.007435892762762131
423,Company_423,Healthcare,Oceania,2023,5495.1,11.1,12211.0,0.9,66.3,71.8,41.2,86.0,383286.1,383286.1,766572.2,69.75052319339046,69.75052319339046,139.50104638678093,66.33333333333333,0.008997264097243995
423,Company_423,Healthcare,Oceania,2024,5428.1,12.1,6855.1,-1.2,65.6,72.3,39.1,85.3,376617.8,376617.8,753235.5,69.38298852268748,69.38298852268748,138.76595862272248,65.56666666666666,-0.012192680751942686
423,Company_423,Healthcare,Oceania,2025,5007.2,12.3,9783.9,-7.8,66.5,72.1,40.3,87.0,348300.8,348300.8,696601.6,69.55999360920275,69.55999360920275,139.1199872184055,66.46666666666665,-0.0775409443451669
424,Company_424,Finance,Europe,2015,6418.8,10.3,5432.4,14.35,83.5,97.6,56.7,96.2,66367.4,33183.7,165918.5,10.33953386925905,5.169766934629525,25.84883467314763,83.5,
424,Company_424,Finance,Europe,2016,7212.0,11.8,13151.7,12.4,84.7,100.0,60.1,93.9,72120.4,36060.2,180301.1,10.000055463117027,5.0000277315585135,25.000152523571824,84.66666666666667,0.12357449990652447
424,Company_424,Finance,Europe,2017,8169.5,10.0,8365.8,13.3,85.4,97.6,61.1,97.5,84413.1,42206.5,211032.7,10.332713140339067,5.166350449843931,25.831776730522066,85.39999999999999,0.13276483638380476
424,Company_424,Finance,Europe,2018,9365.8,7.1,7095.6,14.6,86.0,97.9,61.8,98.3,96349.7,48174.9,240874.4,10.28739669862692,5.143703687885712,25.718507762284055,86.0,0.14643491033722977
424,Company_424,Finance,Europe,2019,10890.5,5.5,8766.0,16.3,86.1,98.8,62.1,97.4,110689.9,55345.0,276724.8,10.16389513796428,5.081952160139571,25.409742436068132,86.10000000000001,0.16279442225971086
424,Company_424,Finance,Europe,2020,13117.8,9.3,10839.7,20.5,86.7,99.4,64.3,96.3,132188.9,66094.4,330472.2,10.077063227065514,5.038527801918004,25.192654256049035,86.66666666666667,0.20451769891189553
424,Company_424,Finance,Europe,2021,15144.7,9.9,16031.7,15.5,88.0,100.0,65.3,98.8,151447.0,75723.5,378617.4,10.0,5.0,24.999993397029986,88.03333333333335,0.15451523883578044
424,Company_424,Finance,Europe,2022,17045.1,10.1,33582.7,12.5,87.6,99.5,66.0,97.4,171526.9,85763.5,428817.3,10.063120779578883,5.031563323183789,25.157804882341555,87.63333333333333,0.12548284218241346
424,Company_424,Finance,Europe,2023,18070.7,11.0,23260.2,6.0,87.3,100.0,66.7,95.1,180706.6,90353.3,451766.4,9.999977864720238,4.999988932360119,24.999939127980653,87.26666666666665,0.06016978486485858
424,Company_424,Finance,Europe,2024,20623.8,9.7,35443.5,14.1,88.0,100.0,70.5,93.4,206237.9,103119.0,515594.8,9.999995151233042,5.0,24.999990302466085,87.96666666666665,0.1412839569026103
424,Company_424,Finance,Europe,2025,25165.4,7.3,34369.4,22.0,89.1,100.0,73.5,93.9,251653.8,125826.9,629134.4,9.99999205258013,4.999996026290065,24.999976157740388,89.13333333333333,0.2202116001900718
425,Company_425,Consumer Goods,Middle East,2015,3754.9,12.0,6651.8,1.9499999999999997,61.0,86.6,42.5,54.0,445839.2,557299.0,2229196.1,118.73530586700045,148.41913233375055,593.67655596687,61.03333333333333,
425,Company_425,Consumer Goods,Middle East,2016,3910.0,13.0,8036.0,4.1,62.9,89.8,41.5,57.4,446998.1,558747.7,2234990.7,114.32176470588234,142.9022250639386,571.6088746803069,62.900000000000006,0.041306026791658956
425,Company_425,Consumer Goods,Middle East,2017,3902.7,14.6,12570.6,-0.2,62.2,90.7,41.1,54.7,441081.7,551352.2,2205408.7,113.01962743741512,141.27455351423373,565.0981884336486,62.166666666666664,-0.0018670076726343687
425,Company_425,Consumer Goods,Middle East,2018,4629.4,14.5,8937.4,18.6,63.1,93.5,41.9,53.7,504804.1,631005.1,2524020.4,109.04309413746923,136.30386227156868,545.2154490862747,63.03333333333334,0.18620442257924008
425,Company_425,Consumer Goods,Middle East,2019,5381.1,14.0,13007.8,16.2,62.9,94.0,45.7,48.9,582973.1,728716.4,2914865.5,108.3371615468956,135.42145657950977,541.6858077344781,62.86666666666667,0.16237525381258933
425,Company_425,Consumer Goods,Middle East,2020,4644.6,14.2,13492.3,-13.7,63.3,96.0,45.4,48.6,490484.9,613106.1,2452424.3,105.6032596994359,132.00406924170002,528.0162554364207,63.333333333333336,-0.13686792663210123
425,Company_425,Consumer Goods,Middle East,2021,4278.9,15.3,11202.3,-7.9,61.3,94.5,45.0,44.6,461077.1,576346.3,2305385.3,107.75598868868167,134.6949683329828,538.7798967024236,61.36666666666667,-0.0787365973388453
425,Company_425,Consumer Goods,Middle East,2022,4656.5,14.8,8156.5,8.8,63.6,96.7,47.8,46.3,487431.5,609289.3,2437157.4,104.67765489101257,130.84705250724795,523.3882529797057,63.6,0.0882469793638554
425,Company_425,Consumer Goods,Middle East,2023,4636.5,13.7,9906.1,-0.4,64.1,95.8,49.2,47.2,490873.6,613592.0,2454367.8,105.87158416909305,132.33948021136632,529.3578777094791,64.06666666666666,-0.004295071405562068
425,Company_425,Consumer Goods,Middle East,2024,5035.5,14.2,16900.4,8.6,62.2,92.8,44.9,48.8,554054.4,692568.0,2770272.0,110.02966934763182,137.53708668453976,550.148346738159,62.166666666666664,0.08605629246198632
425,Company_425,Consumer Goods,Middle East,2025,4585.4,14.9,15935.7,-8.9,63.6,92.1,46.8,51.8,509356.3,636695.3,2546781.4,111.08219566450038,138.8527282243643,555.4109565141537,63.56666666666666,-0.08938536391619512
426,Company_426,Transportation,Middle East,2015,936.1,13.7,1827.6,10.55,25.0,36.2,22.9,16.0,531662.0,88610.3,1772206.6,567.954278389061,94.65901078944557,1893.1808567460741,25.03333333333333,
426,Company_426,Transportation,Middle East,2016,1120.4,10.5,2153.6,19.7,25.5,36.5,25.0,15.0,635084.7,105847.4,2116948.9,566.8374687611566,94.47286683327381,1889.4581399500175,25.5,0.19688067514154484
426,Company_426,Transportation,Middle East,2017,1141.1,14.4,1628.8,1.9,25.9,39.8,23.8,14.1,631072.7,105178.8,2103575.8,553.0389098238542,92.17316624309878,1843.4631495924984,25.899999999999995,0.01847554444841104
426,Company_426,Transportation,Middle East,2018,1073.3,16.3,1928.5,-5.9,25.1,41.2,20.5,13.6,587211.5,97868.6,1957371.7,547.1084505729992,91.1847572905991,1823.6948663001956,25.099999999999998,-0.059416352642187364
426,Company_426,Transportation,Middle East,2019,1398.4,15.5,2991.8,30.3,27.6,42.6,23.5,16.7,756923.5,126153.9,2523078.3,541.2782465675057,90.21302917620136,1804.2607980549196,27.599999999999998,0.30289760551569933
426,Company_426,Transportation,Middle East,2020,1526.2,17.1,5192.6,9.1,27.0,38.1,25.0,18.0,854689.1,142448.2,2848963.5,560.0112042982571,93.33521163674486,1866.7039051238369,27.03333333333333,0.09139016018306623
426,Company_426,Transportation,Middle East,2021,1504.6,19.7,5902.7,-1.4,28.6,40.1,24.7,21.0,829687.2,138281.2,2765624.1,551.4337365412734,91.90562275687891,1838.1125216004255,28.599999999999998,-0.014152797798453798
426,Company_426,Transportation,Middle East,2022,1861.4,19.6,4087.2,23.7,29.8,44.1,23.4,21.8,995267.3,165877.9,3317557.8,534.6874932846245,89.1145911679381,1782.2917159127537,29.766666666666666,0.23713943905356927
426,Company_426,Transportation,Middle East,2023,2085.1,24.7,7220.4,12.0,33.3,48.3,26.1,25.5,1078222.2,179703.7,3594074.2,517.1081482902499,86.18469138170832,1723.6939235528273,33.300000000000004,0.12017836037391194
426,Company_426,Transportation,Middle East,2024,2370.1,27.6,7488.3,13.7,33.0,49.7,25.0,24.3,1211438.8,201906.5,4038129.4,511.1340449770052,85.18902156027173,1703.780178051559,33.0,0.13668409189007713
426,Company_426,Transportation,Middle East,2025,2326.8,24.9,10025.3,-1.8,33.5,52.2,25.5,22.9,1165506.5,194251.1,3885021.7,500.9053206119993,83.48422726491319,1669.6844163658243,33.53333333333333,-0.018269271338761994
427,Company_427,Manufacturing,Asia,2015,582.8,13.7,957.6,5.85,41.8,20.6,33.2,71.8,184628.2,246170.9,3077136.1,316.7951269732327,422.39344543582706,5279.917810569665,41.86666666666667,
427,Company_427,Manufacturing,Asia,2016,608.5,13.4,950.0,4.4,42.4,22.7,31.2,73.2,189991.6,253322.2,3166527.2,312.2294165981923,416.3059983566146,5203.824486442071,42.36666666666667,0.04409746053534658
427,Company_427,Manufacturing,Asia,2017,676.6,13.9,777.2,11.2,42.6,24.8,30.0,73.1,208419.6,277892.7,3473659.3,308.03960981377475,410.7193319538871,5133.992462311558,42.63333333333333,0.11191454396055889
427,Company_427,Manufacturing,Asia,2018,707.3,14.6,979.2,4.5,43.2,24.5,32.7,72.5,218314.2,291085.6,3638570.2,308.6585607238796,411.54474763183936,5144.309628163439,43.23333333333333,0.045373928465858526
427,Company_427,Manufacturing,Asia,2019,752.6,13.4,1354.4,6.4,43.1,23.7,30.2,75.4,233459.0,311278.6,3890983.0,310.2032952431571,413.6043050757374,5170.054477810258,43.1,0.06404637353315445
427,Company_427,Manufacturing,Asia,2020,802.7,14.3,2436.4,6.7,44.7,25.7,31.2,77.1,245651.3,327535.1,4094188.7,306.03126946555375,408.04173414725295,5100.52161455089,44.666666666666664,0.06656922668083975
427,Company_427,Manufacturing,Asia,2021,975.0,9.7,1146.8,21.5,44.2,26.9,30.6,75.0,295989.8,394653.1,4933163.2,303.57928205128206,404.77241025641024,5059.654564102564,44.166666666666664,0.21465055437897096
427,Company_427,Manufacturing,Asia,2022,1027.6,7.3,1469.7,5.4,45.1,28.6,32.9,73.8,308303.4,411071.3,5138390.8,300.02277150642277,400.0304593226937,5000.380303620086,45.1,0.05394871794871792
427,Company_427,Manufacturing,Asia,2023,1041.6,7.3,1641.3,1.4,43.9,26.0,33.4,72.3,318207.1,424276.2,5303452.4,305.4983678955453,407.33122119815675,5091.640168970815,43.9,0.013623978201634968
427,Company_427,Manufacturing,Asia,2024,1029.8,9.3,2057.9,-1.1,45.2,28.1,33.5,74.0,310031.0,413374.6,5167182.5,301.0594290153428,401.41250728296757,5017.6563410370945,45.199999999999996,-0.011328725038402432
427,Company_427,Manufacturing,Asia,2025,1094.7,10.7,1813.5,6.3,45.6,31.7,31.6,73.4,321284.8,428379.7,5354746.2,293.4911847994884,391.32154928290856,4891.519320361743,45.56666666666666,0.06302194600893385
428,Company_428,Manufacturing,Oceania,2015,3594.7,9.5,3936.6,6.4,64.6,67.0,87.7,39.0,788513.1,1051350.9,13141885.7,219.35435502267228,292.4725011822961,3655.9061117756696,64.56666666666666,
428,Company_428,Manufacturing,Oceania,2016,3586.3,8.0,3615.0,-0.2,64.8,67.6,88.3,38.5,782146.2,1042861.6,13035769.4,218.09279759083176,290.7903967877757,3634.8797925438475,64.8,-0.0023367735833309533
428,Company_428,Manufacturing,Oceania,2017,3973.3,6.3,2016.8,10.8,65.2,68.1,87.9,39.4,861784.5,1149046.0,14363074.8,216.8938917272796,289.1918556363728,3614.8981451186673,65.13333333333334,0.10791066001171123
428,Company_428,Manufacturing,Oceania,2018,3994.1,2.0,1634.4,0.5,68.3,73.4,90.0,41.5,822024.5,1096032.7,13700408.5,205.80969429909118,274.4129340777647,3430.161613379735,68.3,0.005234943246168022
428,Company_428,Manufacturing,Oceania,2019,4213.4,-2.2,11348.3,5.5,68.3,73.3,89.9,41.6,868334.1,1157778.7,14472234.3,206.0886932168795,274.784900555371,3434.8113874780465,68.26666666666667,0.054905986329836454
428,Company_428,Manufacturing,Oceania,2020,4522.0,-3.8,7459.4,7.3,66.9,72.8,91.7,36.1,936533.3,1248711.1,15608888.4,207.1059929234852,276.14133126934985,3451.7665634674922,66.86666666666666,0.07324251198556997
428,Company_428,Manufacturing,Oceania,2021,5094.4,-4.5,15227.8,12.7,65.3,73.3,89.9,32.7,1049841.8,1399789.1,17497363.5,206.07761463567843,274.77015939070355,3434.6269433103016,65.3,0.1265811587793011
428,Company_428,Manufacturing,Oceania,2022,5229.1,-3.4,6252.6,2.6,65.8,77.2,86.9,33.4,1034972.6,1379963.5,17249543.7,197.9255703658373,263.90076686236637,3298.7595762177043,65.83333333333334,0.026440797738693567
428,Company_428,Manufacturing,Oceania,2023,5931.4,-4.7,13125.6,13.4,67.3,80.6,87.1,34.3,1131647.8,1508863.7,18860796.9,190.78932461139024,254.38576052871161,3179.8221161951647,67.33333333333333,0.1343060947390562
428,Company_428,Manufacturing,Oceania,2024,6125.5,-9.0,25935.4,3.3,69.6,85.2,87.5,36.1,1109808.1,1479744.1,18496801.2,181.1783691127255,241.5711533752347,3019.6394090278345,69.6,0.032724146070067794
428,Company_428,Manufacturing,Oceania,2025,6717.6,-16.8,25218.4,9.7,70.5,83.9,89.3,38.2,1234747.0,1646329.4,20579117.3,183.80775872335357,245.07702155531734,3063.4627396689293,70.46666666666665,0.09666149702065141
429,Company_429,Finance,North America,2015,904.1,17.7,2320.1,-4.449999999999999,81.1,100.0,86.8,56.5,9042.2,4521.1,22605.5,10.001327286804557,5.000663643402278,25.00331821701139,81.10000000000001,
429,Company_429,Finance,North America,2016,849.6,15.6,2212.3,-6.0,81.9,100.0,86.3,59.6,8496.4,4248.2,21240.9,10.000470809792843,5.000235404896421,25.0010593220339,81.96666666666667,-0.06028094237363124
429,Company_429,Finance,North America,2017,840.1,13.3,2182.7,-1.1,82.9,99.6,87.5,61.6,8448.5,4224.3,21121.4,10.056540887989526,5.028329960718962,25.141530770146414,82.89999999999999,-0.011181732580037629
429,Company_429,Finance,North America,2018,799.7,11.4,1517.2,-4.8,81.8,100.0,87.7,57.7,7997.0,3998.5,19992.5,10.0,5.0,25.0,81.8,-0.048089513153195984
429,Company_429,Finance,North America,2019,846.3,10.2,912.8,5.8,81.1,100.0,86.9,56.3,8462.9,4231.4,21157.1,9.999881838591516,4.999881838591516,24.999527354366062,81.06666666666666,0.05827185194447915
429,Company_429,Finance,North America,2020,847.6,6.6,454.2,0.2,81.8,100.0,88.9,56.5,8475.6,4237.8,21189.0,9.999528079282682,4.999764039641341,24.9988201982067,81.8,0.001536098310291889
429,Company_429,Finance,North America,2021,806.2,7.9,855.2,-4.9,82.5,100.0,90.7,56.9,8061.8,4030.9,20154.5,9.99975192259985,4.999875961299925,24.999379806499626,82.53333333333333,-0.04884379424256724
429,Company_429,Finance,North America,2022,787.5,7.6,784.2,-2.3,83.3,100.0,92.1,57.8,7875.3,3937.6,19688.2,10.000380952380953,5.000126984126984,25.00088888888889,83.3,-0.023195236913917228
429,Company_429,Finance,North America,2023,748.0,7.3,578.1,-5.0,82.7,99.6,90.7,57.9,7518.6,3759.3,18796.6,10.051604278074867,5.025802139037434,25.129144385026738,82.73333333333333,-0.05015873015873018
429,Company_429,Finance,North America,2024,707.0,9.4,1048.8,-5.5,82.3,98.7,90.8,57.3,7198.2,3599.1,17995.5,10.181329561527582,5.090664780763791,25.453323903818955,82.26666666666667,-0.05481283422459893
429,Company_429,Finance,North America,2025,678.3,8.3,1075.3,-4.1,82.8,98.0,91.2,59.3,6976.2,3488.1,17440.4,10.284829721362229,5.142414860681114,25.711926876013568,82.83333333333333,-0.04059405940594063
430,Company_430,Healthcare,Oceania,2015,4353.9,11.5,5705.3,16.200000000000003,68.4,78.3,79.2,47.8,283753.3,283753.3,567506.7,65.17221341785526,65.17221341785526,130.34444980362434,68.43333333333334,
430,Company_430,Healthcare,Oceania,2016,4758.0,9.5,10564.3,9.3,69.3,79.6,78.9,49.5,305828.0,305828.0,611656.0,64.27658680117696,64.27658680117696,128.55317360235392,69.33333333333333,0.09281333976434936
430,Company_430,Healthcare,Oceania,2017,5408.4,10.9,9540.1,13.7,71.3,82.6,79.5,51.8,336384.5,336384.5,672769.1,62.196675541749876,62.196675541749876,124.39336957325642,71.3,0.13669609079445144
430,Company_430,Healthcare,Oceania,2018,6696.0,6.4,5773.3,23.8,72.1,84.3,79.6,52.5,408194.1,408194.1,816388.3,60.960887096774194,60.960887096774194,121.92178912783753,72.13333333333333,0.23807410694475273
430,Company_430,Healthcare,Oceania,2019,8402.7,9.6,15022.2,25.5,71.2,84.6,81.1,47.8,510483.5,510483.5,1020967.0,60.75231770740357,60.75231770740357,121.50463541480714,71.16666666666667,0.254883512544803
430,Company_430,Healthcare,Oceania,2020,9352.1,8.1,18718.1,11.3,72.9,85.5,82.4,50.9,562577.6,562577.6,1125155.2,60.155216475444014,60.155216475444014,120.31043295088803,72.93333333333334,0.11298749211562953
430,Company_430,Healthcare,Oceania,2021,10878.0,6.8,11548.2,16.3,73.6,87.1,85.3,48.6,642417.2,642417.2,1284834.4,59.056554513697364,59.056554513697364,118.11310902739473,73.66666666666666,0.16316121512815296
430,Company_430,Healthcare,Oceania,2022,13429.3,9.1,24846.5,23.5,74.1,89.2,85.9,47.1,772612.7,772612.7,1545225.5,57.5318668880731,57.5318668880731,115.0637412225507,74.06666666666668,0.23453759882331293
430,Company_430,Healthcare,Oceania,2023,15594.9,5.0,18129.7,16.1,74.5,89.2,86.6,47.7,897688.7,897688.7,1795377.4,57.56296609789098,57.56296609789098,115.12593219578196,74.5,0.16125933592964636
430,Company_430,Healthcare,Oceania,2024,17661.9,6.8,19682.9,13.3,74.7,89.1,86.6,48.6,1018174.3,1018174.3,2036348.5,57.64806164682169,57.64806164682169,115.29611763173837,74.76666666666667,0.1325433314737512
430,Company_430,Healthcare,Oceania,2025,21277.3,6.0,21502.3,20.5,75.6,89.3,88.0,49.6,1223167.2,1223167.2,2446334.4,57.486955581770246,57.486955581770246,114.97391116354049,75.63333333333334,0.2047005135347837
431,Company_431,Consumer Goods,Asia,2015,324.5,7.1,455.9,14.4,66.9,47.1,78.3,75.5,56487.4,70609.3,282437.1,174.07519260400616,217.59414483821266,870.3762711864406,66.96666666666667,
431,Company_431,Consumer Goods,Asia,2016,369.7,5.9,395.5,14.0,68.4,49.8,77.8,77.6,62958.3,78697.9,314791.4,170.29564511766299,212.86962401947525,851.4779550987288,68.39999999999999,0.13929121725731886
431,Company_431,Consumer Goods,Asia,2017,387.0,6.2,486.0,4.7,70.6,52.8,81.4,77.5,64266.9,80333.6,321334.3,166.0643410852713,207.58036175710595,830.321188630491,70.56666666666666,0.046794698404111434
431,Company_431,Consumer Goods,Asia,2018,450.5,5.8,493.2,16.4,70.4,51.9,82.1,77.1,75368.4,94210.5,376842.2,167.2994450610433,209.1243063263041,836.4976692563819,70.36666666666666,0.1640826873385013
431,Company_431,Consumer Goods,Asia,2019,517.3,5.1,475.9,14.8,71.3,54.1,82.8,76.9,84944.3,106180.4,424721.4,164.2070365358593,205.25884399768026,821.0349893678717,71.26666666666667,0.14827968923418422
431,Company_431,Consumer Goods,Asia,2020,623.0,9.5,765.6,20.4,71.2,54.5,82.8,76.2,102015.1,127518.8,510075.3,163.74815409309792,204.68507223113966,818.7404494382022,71.16666666666667,0.20433017591339664
431,Company_431,Consumer Goods,Asia,2021,657.2,11.1,873.3,5.5,72.6,56.8,81.1,79.8,105427.9,131784.8,527139.3,160.4198113207547,200.5246500304321,802.0987522824103,72.56666666666666,0.054895666131621335
431,Company_431,Consumer Goods,Asia,2022,765.8,12.4,1597.4,16.5,73.5,57.2,82.9,80.4,122418.0,153022.5,612089.9,159.8563593627579,199.8204492034474,799.2816662313921,73.50000000000001,0.1652465003043213
431,Company_431,Consumer Goods,Asia,2023,847.8,13.8,1705.5,10.7,72.6,59.4,79.7,78.5,132939.1,166173.8,664695.3,156.80478886529843,196.0058976173626,784.0237084217977,72.53333333333333,0.10707756594411078
431,Company_431,Consumer Goods,Asia,2024,1051.6,13.4,1986.5,24.0,74.9,62.4,81.1,81.3,160539.0,200673.7,802695.0,152.66165842525677,190.8270254849753,763.3082921262838,74.93333333333334,0.24038688369898553
431,Company_431,Consumer Goods,Asia,2025,1189.8,14.3,4082.3,13.1,74.7,65.4,77.3,81.3,176586.8,220733.5,882934.1,148.41721297697092,185.52151622121366,742.0861489325937,74.66666666666667,0.13141879041460647
432,Company_432,Technology,North America,2015,229.7,16.3,1157.8,10.35,62.5,62.3,47.9,77.4,8772.8,5263.7,17545.5,38.19242490204615,22.91554201131911,76.38441445363517,62.53333333333333,
432,Company_432,Technology,North America,2016,238.3,21.2,1116.3,3.8,62.4,60.2,48.9,78.0,9275.0,5565.0,18550.0,38.921527486361725,23.352916491817037,77.84305497272345,62.36666666666667,0.0374401393121464
432,Company_432,Technology,North America,2017,255.2,16.4,1250.9,7.1,63.9,60.1,49.8,81.8,9940.5,5964.3,19881.0,38.951802507836994,23.371081504702197,77.90360501567399,63.9,0.0709190096516994
432,Company_432,Technology,North America,2018,282.3,17.7,1059.7,10.6,66.0,59.9,53.5,84.5,11023.8,6614.3,22047.7,39.04994686503719,23.43003896563939,78.10024796315976,65.96666666666667,0.10619122257053304
432,Company_432,Technology,North America,2019,310.9,17.5,1836.4,10.1,68.5,64.9,56.7,83.9,11589.6,6953.8,23179.2,37.27758121582503,22.36667738822773,74.55516243165006,68.5,0.1013106624158695
432,Company_432,Technology,North America,2020,371.6,20.3,1174.4,19.5,69.2,64.5,56.9,86.4,13911.1,8346.7,27822.2,37.43568353067815,22.46151776103337,74.8713670613563,69.26666666666667,0.19523962688967522
432,Company_432,Technology,North America,2021,465.2,20.5,1952.5,25.2,71.6,68.7,59.0,87.0,16722.3,10033.4,33444.6,35.946474634565774,21.56792777300086,71.89294926913155,71.56666666666666,0.25188374596340135
432,Company_432,Technology,North America,2022,476.2,22.1,1623.0,2.4,70.8,65.9,58.1,88.5,17587.6,10552.6,35175.2,36.933221335573286,22.160016799664007,73.86644267114657,70.83333333333333,0.023645743766122163
432,Company_432,Technology,North America,2023,555.8,24.0,4002.2,16.7,70.6,65.8,60.4,85.5,20555.3,12333.2,41110.5,36.983267362360564,22.189996401583308,73.96635480388629,70.56666666666666,0.16715665686686254
432,Company_432,Technology,North America,2024,602.9,25.9,4917.6,8.5,70.3,68.0,58.8,84.1,21822.1,13093.3,43644.3,36.19522308840604,21.717200199037983,72.39061204179798,70.3,0.08474271320618931
432,Company_432,Technology,North America,2025,681.0,26.5,3619.8,13.0,71.4,69.4,61.0,83.8,24326.0,14595.6,48652.1,35.72099853157122,21.432599118942733,71.44214390602056,71.39999999999999,0.12954055398905306
433,Company_433,Retail,Middle East,2015,3142.7,8.0,3178.8,13.2,38.4,37.4,52.0,26.0,294911.3,147455.7,589822.6,93.84010564164572,46.92006873070927,187.68021128329144,38.46666666666667,
433,Company_433,Retail,Middle East,2016,3348.6,8.2,5890.0,6.6,40.4,38.4,53.8,29.1,311754.3,155877.2,623508.7,93.09989249238488,46.549961177805656,186.19981484799618,40.43333333333333,0.06551691220924694
433,Company_433,Retail,Middle East,2017,3588.4,9.6,8414.9,7.2,41.3,42.0,51.3,30.6,325004.7,162502.4,650009.4,90.57092297402743,45.28547542080035,181.14184594805485,41.300000000000004,0.07161201696231267
433,Company_433,Retail,Middle East,2018,3979.1,8.9,7037.1,10.9,41.6,42.5,52.9,29.3,359105.4,179552.7,718210.8,90.24789525269534,45.12394762634767,180.4957905053907,41.56666666666667,0.10887860885074119
433,Company_433,Retail,Middle East,2019,4402.2,7.1,7368.7,10.6,41.0,39.7,52.8,30.4,405869.0,202934.5,811738.0,92.19685611739585,46.09842805869793,184.3937122347917,40.96666666666667,0.10633057726621598
433,Company_433,Retail,Middle East,2020,5492.0,7.7,6095.5,24.8,41.5,41.1,53.3,30.2,501198.3,250599.1,1002396.6,91.25970502549163,45.62984340859432,182.51941005098325,41.53333333333334,0.24755803916223718
433,Company_433,Retail,Middle East,2021,6791.2,11.1,13151.7,23.7,40.6,43.3,50.2,28.5,609242.0,304621.0,1218484.0,89.71050771586759,44.855253857933796,179.42101543173519,40.666666666666664,0.23656227239621264
433,Company_433,Retail,Middle East,2022,7662.9,9.9,18447.1,12.8,40.7,41.5,49.3,31.3,696776.6,348388.3,1393553.1,90.9285779535163,45.46428897675815,181.8571428571429,40.699999999999996,0.1283572858993991
433,Company_433,Retail,Middle East,2023,9507.0,11.9,23648.7,24.1,38.9,39.8,47.6,29.4,875784.7,437892.4,1751569.5,92.11998527400863,46.05999789628695,184.23998106658252,38.93333333333334,0.24065301648201087
433,Company_433,Retail,Middle East,2024,10802.0,12.9,21710.8,13.6,39.5,39.7,50.1,28.7,996265.8,498132.9,1992531.6,92.22975374930569,46.11487687465284,184.45950749861137,39.50000000000001,0.13621542021668254
433,Company_433,Retail,Middle East,2025,12701.6,12.4,23639.6,17.6,39.4,38.6,49.3,30.2,1181058.6,590529.3,2362117.3,92.98502550859735,46.49251275429867,185.97005889021852,39.36666666666667,0.17585632290316622
434,Company_434,Transportation,Latin America,2015,334.8,2.6,164.0,12.8,50.8,28.0,53.0,71.5,201678.2,33613.0,672260.7,602.384109916368,100.39725209080048,2007.9471326164874,50.833333333333336,
434,Company_434,Transportation,Latin America,2016,390.8,4.7,195.1,16.7,52.1,28.5,54.1,73.7,234641.1,39106.9,782137.0,600.4122313203685,100.06883316274309,2001.3741044012281,52.1,0.16726403823178027
434,Company_434,Transportation,Latin America,2017,431.3,10.7,455.7,10.4,52.0,28.4,54.0,73.7,259128.8,43188.1,863762.5,600.8087178298168,100.13470901924414,2002.6953396707627,52.03333333333334,0.1036335721596724
434,Company_434,Transportation,Latin America,2018,471.1,11.4,835.1,9.2,52.1,27.1,53.8,75.6,285674.8,47612.5,952249.2,606.3994905540225,101.0666525153895,2021.3313521545317,52.166666666666664,0.09227915603987946
434,Company_434,Transportation,Latin America,2019,507.3,9.4,827.9,7.7,51.7,31.2,50.0,74.0,298851.9,49808.7,996173.1,589.1028976936724,98.183914843288,1963.676522767593,51.73333333333333,0.07684143493950324
434,Company_434,Transportation,Latin America,2020,572.4,9.3,1039.5,12.8,51.9,33.5,49.0,73.1,331615.2,55269.2,1105384.0,579.3417190775682,96.55695317959469,1931.1390635918938,51.86666666666667,0.12832643406268462
434,Company_434,Transportation,Latin America,2021,648.9,5.2,298.1,13.4,51.7,30.8,50.6,73.8,383266.5,63877.8,1277555.2,590.6403143781785,98.4401294498382,1968.801356141162,51.73333333333333,0.13364779874213828
434,Company_434,Transportation,Latin America,2022,745.1,8.1,1161.8,14.8,54.0,33.0,53.9,75.1,433237.5,72206.2,1444124.9,581.4487988189504,96.90806603140517,1938.1625285196617,54.0,0.14825088611496384
434,Company_434,Transportation,Latin America,2023,840.4,4.8,581.9,12.8,56.4,37.5,55.0,76.8,472647.4,78774.6,1575491.4,562.4076630176107,93.73465016658734,1874.6922893860067,56.43333333333334,0.12790229499396055
434,Company_434,Transportation,Latin America,2024,1040.2,4.5,692.9,23.8,56.4,37.7,54.3,77.3,584305.4,97384.2,1947684.5,561.7240915208614,93.62064987502403,1872.4134781772734,56.43333333333334,0.2377439314612091
434,Company_434,Transportation,Latin America,2025,1054.4,0.8,117.9,1.4,57.0,38.5,53.5,79.1,588784.7,98130.8,1962615.8,558.4073406676782,93.06790591805766,1861.3579286798179,57.03333333333333,0.013651220919054019
435,Company_435,Retail,Middle East,2015,1100.1,10.6,1545.3,12.45,20.9,44.3,6.2,12.3,97876.3,48938.2,195752.7,88.97036633033362,44.485228615580404,177.94082356149443,20.933333333333334,
435,Company_435,Retail,Middle East,2016,1093.5,11.5,2371.7,-0.6,21.5,44.8,8.1,11.6,96905.0,48452.5,193809.9,88.61911294010059,44.309556470050296,177.23813443072703,21.5,-0.005999454595036702
435,Company_435,Retail,Middle East,2017,1221.8,13.2,2718.3,11.7,22.2,44.4,8.1,14.0,108611.7,54305.8,217223.4,88.89482730397773,44.44737272876085,177.78965460795547,22.166666666666668,0.11732967535436667
435,Company_435,Retail,Middle East,2018,1383.5,13.5,3377.4,13.2,20.2,46.6,3.2,10.8,120864.3,60432.2,241728.7,87.36125767979762,43.68066498012288,174.72258764004337,20.200000000000003,0.13234571943034878
435,Company_435,Retail,Middle East,2019,1567.5,13.3,3016.2,13.3,20.4,44.4,6.1,10.7,139361.8,69680.9,278723.7,88.90704944178627,44.453524720893135,177.81416267942583,20.400000000000002,0.1329960245753523
435,Company_435,Retail,Middle East,2020,2008.8,12.7,2888.6,28.2,22.9,45.2,9.8,13.8,177486.2,88743.1,354972.5,88.35434090003983,44.177170450019915,176.70873158104342,22.933333333333334,0.28153110047846885
435,Company_435,Retail,Middle East,2021,1894.6,12.4,5198.9,-5.7,23.1,44.4,11.0,13.8,168420.1,84210.0,336840.2,88.89480629156552,44.447376754987864,177.78961258313103,23.066666666666666,-0.05684986061330155
435,Company_435,Retail,Middle East,2022,2208.7,15.8,5581.7,16.6,24.7,46.3,14.7,13.1,193466.7,96733.4,386933.5,87.5930185176801,43.79653189659076,175.1860823108616,24.7,0.1657869735036419
435,Company_435,Retail,Middle East,2023,2610.1,16.2,6018.3,18.2,25.6,47.6,15.1,14.2,226316.4,113158.2,452632.9,86.70794222443584,43.35397111221792,173.41592276158002,25.633333333333336,0.18173586272467968
435,Company_435,Retail,Middle East,2024,2807.4,15.7,5398.5,7.6,25.6,47.4,15.0,14.3,243775.8,121887.9,487551.6,86.83329771318657,43.416648856593284,173.66659542637314,25.566666666666666,0.07559097352591859
435,Company_435,Retail,Middle East,2025,3007.8,15.7,11382.1,7.1,24.9,48.3,14.5,11.8,259145.9,129572.9,518291.8,86.15795598111576,43.07896136711217,172.31591196223152,24.866666666666664,0.0713827740970292
436,Company_436,Finance,Latin America,2015,1853.6,16.5,2843.3,4.45,61.4,97.5,49.5,37.0,19177.4,9588.7,47943.6,10.346029348295211,5.1730146741476055,25.8651273198101,61.333333333333336,
436,Company_436,Finance,Latin America,2016,1743.7,16.9,4582.3,-5.9,63.2,100.0,50.1,39.5,17436.6,8718.3,43591.4,9.999770602741297,4.999885301370648,24.999369157538567,63.199999999999996,-0.05929003021148027
436,Company_436,Finance,Latin America,2017,1863.1,17.1,3047.6,6.8,63.4,100.0,50.5,39.8,18630.6,9315.3,46576.5,9.99978530406312,4.99989265203156,24.999463260157803,63.43333333333334,0.06847508172277328
436,Company_436,Finance,Latin America,2018,1936.9,18.6,5399.2,4.0,63.8,97.8,53.1,40.4,19962.5,9981.3,49906.3,10.306417471216893,5.15323455005421,25.766069492487997,63.76666666666667,0.03961140035424848
436,Company_436,Finance,Latin America,2019,2224.4,18.0,3363.3,14.8,61.8,94.1,51.9,39.2,24069.2,12034.6,60173.0,10.820535874842655,5.410267937421327,27.051339687106633,61.73333333333333,0.14843306314213423
436,Company_436,Finance,Latin America,2020,2064.8,17.4,3663.7,-7.2,63.3,95.9,52.9,41.0,21834.3,10917.2,54585.8,10.574535063928709,5.287291747384734,26.436361875242152,63.26666666666667,-0.07174968530839776
436,Company_436,Finance,Latin America,2021,2216.4,21.2,4203.6,7.3,64.3,96.9,54.0,42.1,23126.7,11563.4,57816.8,10.434353004872767,5.217199061541238,26.08590507128677,64.33333333333333,0.07342115459124354
436,Company_436,Finance,Latin America,2022,2375.5,21.7,4424.1,7.2,63.9,96.6,51.9,43.3,24883.1,12441.6,62207.8,10.47488949694801,5.2374657966743845,26.187244790570407,63.93333333333334,0.07178307164771702
436,Company_436,Finance,Latin America,2023,2392.8,23.3,6405.9,0.7,65.0,99.1,51.5,44.5,24238.0,12119.0,60595.0,10.12955533266466,5.06477766633233,25.32388833166165,65.03333333333333,0.007282677331088339
436,Company_436,Finance,Latin America,2024,2509.0,21.5,4622.3,4.9,66.8,99.7,52.9,47.7,25188.2,12594.1,62970.5,10.039139099242727,5.019569549621363,25.097847748106815,66.76666666666667,0.048562353727850116
436,Company_436,Finance,Latin America,2025,2579.4,18.8,5888.9,2.8,64.4,96.8,52.5,43.9,26945.5,13472.8,67363.8,10.446421648445375,5.223230208575638,26.11607350546639,64.4,0.028058987644479894
437,Company_437,Technology,Africa,2015,670.6,30.3,6332.1,7.0,46.6,63.4,71.9,4.3,25346.0,15207.6,50692.0,37.79600357888458,22.67760214733075,75.59200715776916,46.53333333333334,
437,Company_437,Technology,Africa,2016,721.8,25.9,3888.3,7.6,47.5,65.6,73.2,3.8,26746.6,16048.0,53493.2,37.055417013022996,22.233305624826823,74.11083402604599,47.53333333333334,0.07634953772740816
437,Company_437,Technology,Africa,2017,809.3,23.1,2968.5,12.1,48.5,65.3,72.8,7.5,30067.4,18040.4,60134.7,37.15235388607439,22.29136290621525,74.3045842085753,48.53333333333333,0.12122471598780837
437,Company_437,Technology,Africa,2018,823.3,20.4,2970.1,1.7,47.9,65.7,73.8,4.1,30456.7,18274.0,60913.5,36.993441030001215,22.196040325519252,73.98700352240982,47.86666666666667,0.017298900284196117
437,Company_437,Technology,Africa,2019,843.1,22.8,3035.8,2.4,49.7,68.7,73.3,7.2,30309.2,18185.5,60618.4,35.94970940576444,21.569801921480252,71.89941881152888,49.73333333333333,0.0240495566622132
437,Company_437,Technology,Africa,2020,885.7,21.0,5243.4,5.0,50.9,70.0,74.9,7.8,31437.5,18862.5,62875.0,35.494524105227505,21.2967144631365,70.98904821045501,50.900000000000006,0.0505278140196892
437,Company_437,Technology,Africa,2021,955.4,20.6,6634.8,7.9,51.6,72.0,73.4,9.4,33242.4,19945.5,66484.8,34.794222315260626,20.876596190077453,69.58844463052125,51.6,0.07869481765834929
437,Company_437,Technology,Africa,2022,1021.6,19.9,5887.5,6.9,53.3,70.8,78.4,10.7,35996.5,21597.9,71992.9,35.23541503523884,21.141249021143306,70.47073218480814,53.29999999999999,0.06929034959179403
437,Company_437,Technology,Africa,2023,1094.4,18.1,3197.1,7.1,53.5,69.9,79.6,10.8,38882.8,23329.7,77765.6,35.52887426900585,21.31734283625731,71.0577485380117,53.43333333333334,0.07126076742364917
437,Company_437,Technology,Africa,2024,1148.3,16.7,5190.4,4.9,53.7,68.4,80.7,12.1,41407.3,24844.4,82814.6,36.05965340067927,21.635809457458855,72.11930680135853,53.73333333333334,0.04925073099415189
437,Company_437,Technology,Africa,2025,1331.4,20.9,5361.1,15.9,55.3,68.9,80.6,16.6,47794.7,28676.8,95589.4,35.898077211957336,21.53883130539282,71.79615442391467,55.36666666666667,0.1594531045893932
438,Company_438,Transportation,Asia,2015,572.0,15.8,1607.6,16.05,37.6,22.5,73.6,16.8,357868.5,59644.7,1192895.0,625.6442307692307,104.27395104895105,2085.480769230769,37.63333333333333,
438,Company_438,Transportation,Asia,2016,679.3,15.7,2115.3,18.7,35.4,21.4,69.6,15.2,428077.8,71346.3,1426926.0,630.1748859119682,105.0291476519947,2100.582953039894,35.4,0.1875874125874124
438,Company_438,Transportation,Asia,2017,796.2,18.1,1870.7,17.2,36.6,19.7,73.1,16.9,507278.3,84546.4,1690927.8,637.1242150213513,106.18739010298918,2123.747550866616,36.56666666666666,0.17208891505962032
438,Company_438,Transportation,Asia,2018,940.6,17.6,1352.0,18.1,36.9,17.9,76.9,15.8,606462.1,101077.0,2021540.4,644.760897299596,107.46013183074633,2149.2030618753984,36.86666666666667,0.18136146696809852
438,Company_438,Transportation,Asia,2019,1080.8,20.0,2413.0,14.9,37.5,19.7,75.1,17.7,688977.8,114829.6,2296592.7,637.4702072538861,106.24500370096226,2124.900721687639,37.5,0.14905379544971287
438,Company_438,Transportation,Asia,2020,1155.7,17.3,2195.5,6.9,36.3,18.0,73.3,17.7,744713.7,124119.0,2482379.1,644.383230942286,107.39724842087047,2147.944189668599,36.333333333333336,0.06930051813471505
438,Company_438,Transportation,Asia,2021,1461.7,15.5,2405.0,26.5,38.9,19.0,75.1,22.6,935890.7,155981.8,3119635.8,640.2755011288225,106.71259492371895,2134.2517616473965,38.9,0.264774595483257
438,Company_438,Transportation,Asia,2022,1520.7,14.2,3545.2,4.0,38.3,17.9,76.0,21.1,980400.7,163400.1,3268002.3,644.7035575721707,107.45058196883015,2149.0118366541724,38.333333333333336,0.04036395977286711
438,Company_438,Transportation,Asia,2023,1925.6,18.4,5310.1,26.6,38.5,19.9,74.6,20.9,1225511.6,204251.9,4085038.6,636.4310344827587,106.07182176983797,2121.436746987952,38.46666666666667,0.26625895968961655
438,Company_438,Transportation,Asia,2024,1946.7,20.3,6434.5,1.1,38.0,19.2,75.4,19.4,1244661.2,207443.5,4148870.7,639.3698053115528,106.56161709559768,2131.2327014948373,38.0,0.010957623597839694
438,Company_438,Transportation,Asia,2025,2089.6,18.8,7133.6,7.3,39.9,20.1,74.6,25.1,1328127.1,221354.5,4427090.5,635.5891558192957,105.93151799387444,2118.6305991577337,39.93333333333333,0.07340627728977234
439,Company_439,Utilities,North America,2015,526.3,10.2,523.7,9.600000000000001,77.7,67.2,71.6,94.3,307326.6,192079.1,3073265.7,583.9380581417442,364.9612388371652,5839.3800114003425,77.7,
439,Company_439,Utilities,North America,2016,573.3,8.5,526.1,8.9,78.9,70.8,72.2,93.8,323014.9,201884.3,3230149.4,563.4308390022677,352.14425257282403,5634.30908773766,78.93333333333334,0.08930267908037237
439,Company_439,Utilities,North America,2017,670.0,9.2,861.3,16.9,78.5,71.3,71.0,93.1,375691.2,234807.0,3756911.8,560.7331343283582,350.4582089552239,5607.331044776119,78.46666666666667,0.16867259724402595
439,Company_439,Utilities,North America,2018,736.4,9.0,896.7,9.9,79.3,72.4,72.5,92.9,408396.2,255247.6,4083962.1,554.5847365562195,346.6154263986964,5545.847501357958,79.26666666666667,0.0991044776119403
439,Company_439,Utilities,North America,2019,767.5,9.0,916.9,4.2,79.2,70.7,71.9,95.1,432861.4,270538.4,4328614.1,563.9887947882736,352.49302931596094,5639.888078175895,79.23333333333333,0.04223248234655075
439,Company_439,Utilities,North America,2020,838.6,9.8,874.1,9.3,79.7,70.6,76.0,92.5,473698.5,296061.6,4736984.9,564.8682327689005,353.0426901979489,5648.682208442643,79.7,0.0926384364820847
439,Company_439,Utilities,North America,2021,844.7,9.1,908.9,0.7,82.0,73.1,76.5,96.4,465176.4,290735.3,4651764.0,550.700130223748,344.1876405824553,5507.001302237481,82.0,0.007274028142141731
439,Company_439,Utilities,North America,2022,853.2,9.0,623.9,1.0,82.9,74.3,77.7,96.8,463897.5,289935.9,4638975.2,543.7148382559775,339.8217299578059,5437.148616971402,82.93333333333334,0.010062744169527571
439,Company_439,Utilities,North America,2023,957.0,7.6,606.3,12.2,84.1,73.3,79.0,100.0,526050.5,328781.6,5260505.4,549.6870428422153,343.5544409613375,5496.870846394985,84.10000000000001,0.1216596343178622
439,Company_439,Utilities,North America,2024,1066.0,7.5,892.4,11.4,84.2,76.5,76.1,100.0,566525.9,354078.7,5665258.8,531.4501876172608,332.1563789868668,5314.501688555347,84.2,0.11389759665621724
439,Company_439,Utilities,North America,2025,1183.7,11.8,1133.2,11.0,85.5,79.7,76.9,100.0,608107.2,380067.0,6081072.1,513.7342231984455,321.08388949902843,5137.34231646532,85.53333333333335,0.11041275797373373
440,Company_440,Retail,Oceania,2015,739.5,1.6,165.9,-1.35,46.8,60.4,40.3,39.7,57485.6,28742.8,114971.2,77.73576741041244,38.86788370520622,155.47153482082487,46.79999999999999,
440,Company_440,Retail,Oceania,2016,706.2,1.0,76.0,-4.5,47.1,63.0,39.2,39.0,53611.1,26805.6,107222.3,75.91489662984989,37.95751911639762,151.82993486264513,47.06666666666666,-0.04503042596348883
440,Company_440,Retail,Oceania,2017,759.7,-1.3,2090.6,7.6,47.9,62.0,42.2,39.5,58177.7,29088.9,116355.4,76.57983414505725,38.2899828879821,153.1596682901145,47.9,0.07575757575757569
440,Company_440,Retail,Oceania,2018,760.3,-2.2,2701.3,0.1,48.6,64.3,41.1,40.5,57029.6,28514.8,114059.2,75.00933841904512,37.50466920952256,150.01867683809024,48.63333333333333,0.000789785441621671
440,Company_440,Retail,Oceania,2019,724.5,0.7,103.9,-4.7,48.3,63.7,42.2,39.1,54620.7,27310.4,109241.5,75.39089026915113,37.695514147688066,150.78191856452727,48.333333333333336,-0.047086676311982045
440,Company_440,Retail,Oceania,2020,697.1,1.6,249.7,-3.8,52.4,70.5,45.4,41.4,49262.0,24631.0,98523.9,70.6670492038445,35.33352460192225,141.3339549562473,52.43333333333334,-0.037819185645272535
440,Company_440,Retail,Oceania,2021,693.7,2.3,254.6,-0.5,54.0,71.8,46.6,43.6,48383.5,24191.7,96766.9,69.74700879342655,34.873432319446444,139.49387343231942,54.0,-0.004877349017357591
440,Company_440,Retail,Oceania,2022,683.9,4.6,514.7,-1.4,54.5,73.9,45.7,43.8,46695.2,23347.6,93390.4,68.27781839450212,34.13890919725106,136.55563678900424,54.46666666666667,-0.014127144298688332
440,Company_440,Retail,Oceania,2023,659.5,5.0,705.0,-3.6,54.2,73.7,44.7,44.2,45122.5,22561.2,90244.9,68.41925701288855,34.209552691432904,136.83836239575436,54.20000000000001,-0.03567773066237756
440,Company_440,Retail,Oceania,2024,702.2,3.4,375.0,6.5,54.4,74.4,41.6,47.0,47688.5,23844.2,95376.9,67.91298775277698,33.956422671603534,135.82583309598402,54.333333333333336,0.06474601971190297
440,Company_440,Retail,Oceania,2025,692.9,3.9,338.0,-1.3,54.9,77.5,41.9,45.4,45569.3,22784.7,91138.7,65.76605570789437,32.8831000144321,131.53225573675854,54.93333333333334,-0.013244090002848319
441,Company_441,Finance,North America,2015,1375.4,15.6,3431.7,-3.9,66.7,98.9,50.8,50.3,13964.1,6982.0,34910.2,10.15275556201832,5.076341427948233,25.381852551984874,66.66666666666667,
441,Company_441,Finance,North America,2016,1178.0,17.3,2791.5,-14.3,66.4,97.8,50.2,51.1,12135.4,6067.7,30338.5,10.30169779286927,5.150848896434635,25.754244482173174,66.36666666666666,-0.14352188454267856
441,Company_441,Finance,North America,2017,1132.5,18.2,3301.8,-3.9,67.9,99.2,53.5,50.9,11447.5,5723.8,28618.8,10.108167770419426,5.054128035320089,25.27046357615894,67.86666666666666,-0.03862478777589129
441,Company_441,Finance,North America,2018,1028.6,17.4,3556.3,-9.2,68.1,99.8,55.4,49.2,10315.2,5157.6,25788.1,10.028388100330549,5.014194050165274,25.071067470348048,68.13333333333333,-0.09174392935982345
441,Company_441,Finance,North America,2019,1087.9,16.7,2557.7,5.8,68.8,100.0,59.3,47.2,10878.8,5439.4,27196.9,9.99981615957349,4.999908079786745,24.99944847872047,68.83333333333333,0.05765117635621242
441,Company_441,Finance,North America,2020,1113.5,15.7,2634.0,2.4,70.0,100.0,62.9,47.2,11135.2,5567.6,27837.9,10.000179613830266,5.000089806915133,25.00035922766053,70.03333333333335,0.023531574593252946
441,Company_441,Finance,North America,2021,1069.6,12.9,1405.7,-3.9,70.0,100.0,64.1,45.8,10696.1,5348.1,26740.3,10.00009349289454,5.000093492894541,25.00028047868362,69.96666666666665,-0.039425235743152265
441,Company_441,Finance,North America,2022,997.9,13.2,1712.4,-6.7,70.7,100.0,67.7,44.4,9978.7,4989.4,24946.8,9.999699368674216,4.9998997895580715,24.999298526906504,70.7,-0.06703440538519068
441,Company_441,Finance,North America,2023,1012.2,14.1,2548.7,1.4,72.8,100.0,70.1,48.3,10122.4,5061.2,25306.1,10.000395178818415,5.000197589409208,25.00108674175064,72.8,0.014330093195711102
441,Company_441,Finance,North America,2024,927.0,13.2,1414.8,-8.4,72.2,100.0,71.9,44.8,9269.7,4634.9,23174.3,9.999676375404531,4.999892125134843,24.999244875943905,72.23333333333333,-0.08417308832246595
441,Company_441,Finance,North America,2025,929.9,10.5,1120.2,0.3,72.6,100.0,72.1,45.6,9299.2,4649.6,23248.0,10.000215076889988,5.000107538444994,25.00053769222497,72.56666666666666,0.0031283710895360084
442,Company_442,Consumer Goods,Latin America,2015,1330.0,6.2,1963.7,6.75,45.9,53.6,34.1,50.0,219336.0,274170.0,1096680.2,164.9142857142857,206.14285714285714,824.5715789473684,45.9,
442,Company_442,Consumer Goods,Latin America,2016,1145.8,5.6,1587.1,-13.8,47.2,54.4,35.8,51.6,187798.4,234748.1,938992.2,163.90155349973818,204.87702914993892,819.5079420492233,47.26666666666666,-0.13849624060150378
442,Company_442,Consumer Goods,Latin America,2017,1324.9,6.8,1760.9,15.6,48.6,54.6,38.4,52.9,216730.0,270912.5,1083650.1,163.58215714393538,204.47769642991923,817.9108611970715,48.63333333333333,0.15631000174550547
442,Company_442,Consumer Goods,Latin America,2018,1530.4,6.8,1887.2,15.5,50.7,58.2,37.7,56.2,242536.9,303171.1,1212684.6,158.47941714584422,198.0992550967067,792.3971510716153,50.70000000000001,0.15510604573930098
442,Company_442,Consumer Goods,Latin America,2019,1634.3,7.5,2842.6,6.8,51.6,61.5,36.9,56.4,251621.8,314527.2,1258109.0,153.96304228109895,192.45377225723553,769.8152114054948,51.6,0.06789074751698898
442,Company_442,Consumer Goods,Latin America,2020,1887.6,9.0,1880.5,15.5,53.6,63.7,39.9,57.1,284575.8,355719.7,1422878.9,150.76064844246662,188.45078406442045,753.8031892350074,53.56666666666666,0.15498990393440604
442,Company_442,Consumer Goods,Latin America,2021,1861.7,8.3,3424.1,-1.4,53.1,63.3,40.3,55.8,281752.5,352190.6,1408762.6,151.34151581887522,189.17688134500725,756.7076328087232,53.133333333333326,-0.01372112735749087
442,Company_442,Consumer Goods,Latin America,2022,2069.2,8.6,3760.8,11.1,52.1,59.8,40.0,56.6,323436.5,404295.6,1617182.6,156.30992654165863,195.38739609510924,781.5496810361493,52.13333333333333,0.11145727023688012
442,Company_442,Consumer Goods,Latin America,2023,2207.7,9.0,2311.9,6.7,52.6,58.2,42.5,57.3,349900.7,437375.8,1749503.4,158.49105403813925,198.113783575667,792.4552248946868,52.666666666666664,0.06693408080417562
442,Company_442,Consumer Goods,Latin America,2024,2295.9,7.9,3676.8,4.0,53.4,59.0,41.4,59.7,361216.9,451521.1,1806084.4,157.3312862058452,196.6640968683305,786.656387473322,53.366666666666674,0.03995108030982486
442,Company_442,Consumer Goods,Latin America,2025,2360.5,5.8,1779.4,2.8,55.2,62.2,42.0,61.4,361113.6,451392.0,1805568.1,152.98182588434653,191.22728235543318,764.9091717856387,55.199999999999996,0.028137113985800655
443,Company_443,Consumer Goods,Oceania,2015,1519.1,20.1,6520.1,-5.25,47.3,28.1,71.0,42.7,304726.9,380908.6,1523634.5,200.59699822263184,250.74623132117702,1002.9849911131591,47.26666666666667,
443,Company_443,Consumer Goods,Oceania,2016,1629.7,19.5,6532.8,7.3,47.6,27.0,69.6,46.1,329467.1,411833.9,1647335.7,202.16426336135484,252.70534454194024,1010.8214395287475,47.56666666666666,0.07280626686854075
443,Company_443,Consumer Goods,Oceania,2017,1563.6,19.8,4451.8,-4.1,48.7,26.2,71.2,48.8,317998.0,397497.4,1589989.8,203.37554361729343,254.2193655666411,1016.8775901765158,48.73333333333333,-0.04055961219856419
443,Company_443,Consumer Goods,Oceania,2018,1488.2,20.2,3163.9,-4.8,49.6,27.5,71.7,49.7,299974.5,374968.1,1499872.5,201.568673565381,251.96082515790886,1007.8433678269049,49.63333333333333,-0.048222051675620325
443,Company_443,Consumer Goods,Oceania,2019,1393.8,20.2,5337.0,-6.3,49.3,26.3,71.0,50.7,283272.1,354090.2,1416360.7,203.2372650308509,254.04663509829246,1016.1864686468647,49.333333333333336,-0.0634323343636608
443,Company_443,Consumer Goods,Oceania,2020,1236.8,20.7,3047.8,-11.3,49.8,24.2,72.3,52.8,254866.4,318583.0,1274332.1,206.0692108667529,257.58651358344116,1030.346135187581,49.76666666666667,-0.11264169895250398
443,Company_443,Consumer Goods,Oceania,2021,1283.2,18.9,2730.5,3.7,51.6,25.1,76.0,53.6,262821.7,328527.1,1314108.5,204.8174096009975,256.0217425187032,1024.0870480049875,51.56666666666666,0.03751617076326008
443,Company_443,Consumer Goods,Oceania,2022,1165.8,20.1,4843.9,-9.2,52.0,24.0,77.2,54.6,240576.2,300720.2,1202880.8,206.36146851947163,257.9517927603363,1031.807171041345,51.93333333333334,-0.0914900249376559
443,Company_443,Consumer Goods,Oceania,2023,1139.9,24.5,6361.6,-2.2,52.4,25.4,78.2,53.6,233098.9,291373.6,1165494.4,204.490657075182,255.6132994122291,1022.4531976489164,52.4,-0.02221650368845418
443,Company_443,Consumer Goods,Oceania,2024,1074.5,24.6,2991.3,-5.7,53.9,26.4,80.2,55.0,218230.4,272788.1,1091152.2,203.09948813401581,253.87445323406234,1015.4976268031642,53.86666666666667,-0.05737345381173797
443,Company_443,Consumer Goods,Oceania,2025,969.5,23.8,5701.5,-9.8,54.0,24.6,82.4,54.9,199330.9,249163.6,996654.5,205.60175348117585,257.00216606498196,1028.0087674058793,53.96666666666667,-0.09771986970684043
444,Company_444,Finance,Europe,2015,3591.0,13.1,7131.8,6.05,91.7,97.9,83.7,93.5,36948.2,18474.1,92370.5,10.289111668059036,5.144555834029518,25.722779170147593,91.7,
444,Company_444,Finance,Europe,2016,3957.8,11.5,5636.1,10.2,91.7,99.2,84.3,91.6,40026.9,20013.4,100067.2,10.113421597857396,5.056698165647582,25.28354136136237,91.7,0.10214424951267054
444,Company_444,Finance,Europe,2017,4543.5,12.4,10413.9,14.8,91.8,97.1,84.5,93.9,47306.7,23653.4,118266.8,10.411951138989766,5.205986574226918,26.02988885220645,91.83333333333333,0.14798625499014606
444,Company_444,Finance,Europe,2018,4668.7,13.1,4982.8,2.8,91.2,96.1,86.0,91.5,49267.6,24633.8,123168.9,10.552744875447127,5.2763724377235635,26.381840769379057,91.2,0.02755584901507646
444,Company_444,Finance,Europe,2019,4793.7,6.9,5281.1,2.7,91.0,95.5,84.6,92.8,50960.1,25480.1,127400.3,10.630640215282558,5.315330537997789,26.576610968562907,90.96666666666665,0.026774048450318055
444,Company_444,Finance,Europe,2020,5542.7,5.5,5191.8,15.6,90.9,96.9,82.3,93.5,57837.7,28918.9,144594.3,10.43493243365147,5.217475237700039,26.087340105002976,90.89999999999999,0.15624674051359078
444,Company_444,Finance,Europe,2021,6450.9,8.1,9949.5,16.4,91.5,96.2,84.9,93.4,67977.4,33988.7,169943.4,10.53766141158598,5.26883070579299,26.34413802725201,91.5,0.16385516084218876
444,Company_444,Finance,Europe,2022,6899.5,8.4,9649.0,7.0,91.6,96.6,86.4,91.9,72315.7,36157.8,180789.2,10.481295746068556,5.240640626132329,26.20323211826944,91.63333333333333,0.06954068424560922
444,Company_444,Finance,Europe,2023,6895.5,6.6,5423.9,-0.1,91.9,100.0,87.1,88.5,68955.0,34477.5,172387.4,10.0,5.0,24.999985497788412,91.86666666666667,-0.0005797521559532948
444,Company_444,Finance,Europe,2024,7245.7,7.8,6269.5,5.1,92.3,100.0,88.2,88.6,72457.5,36228.7,181143.7,10.000069006445202,5.00002760257808,25.000165615468486,92.26666666666665,0.050786744978609244
444,Company_444,Finance,Europe,2025,7387.7,8.0,11030.2,2.0,92.1,98.4,86.2,91.8,75563.1,37781.6,188907.9,10.228230707798097,5.114122121905329,25.570597073514083,92.13333333333334,0.01959783043736274
445,Company_445,Finance,Europe,2015,8975.4,23.4,38534.3,1.9,76.5,79.2,76.3,74.0,115843.3,57921.6,289608.1,12.906756244847028,6.453372551641152,32.26687389977048,76.5,
445,Company_445,Finance,Europe,2016,9322.8,19.7,24161.0,3.9,76.7,79.7,75.0,75.4,119760.1,59880.1,299400.3,12.84593684300854,6.422973784699876,32.11484747071695,76.7,0.038705795841968094
445,Company_445,Finance,Europe,2017,9416.9,19.2,21466.3,1.0,77.1,82.1,75.2,73.9,117770.9,58885.5,294427.4,12.506334356316835,6.253172487761366,31.265851819600933,77.06666666666668,0.010093534131376813
445,Company_445,Finance,Europe,2018,10241.8,20.1,32656.1,8.8,75.9,80.8,72.7,74.2,129970.7,64985.4,324926.8,12.690220469058174,6.345115116483432,31.725556054599778,75.89999999999999,0.08759782943431493
445,Company_445,Finance,Europe,2019,11295.2,19.6,40458.5,10.3,77.5,84.4,72.4,75.6,137543.3,68771.6,343858.2,12.177146044337416,6.088568595509597,30.44286068418443,77.46666666666667,0.10285301411861214
445,Company_445,Finance,Europe,2020,11614.4,19.6,39713.3,2.8,78.9,86.1,72.1,78.5,138751.1,69375.5,346877.7,11.94647162143546,5.973231505717041,29.866174748587962,78.89999999999999,0.02825979176995519
445,Company_445,Finance,Europe,2021,13232.4,23.8,33586.7,13.9,78.8,87.3,70.6,78.4,155799.2,77899.6,389497.9,11.774069707687193,5.887034853843597,29.435166712009917,78.76666666666667,0.13930982228957167
445,Company_445,Finance,Europe,2022,12729.7,25.0,58819.4,-3.8,78.7,86.5,67.5,82.0,151276.1,75638.0,378190.2,11.883712891898474,5.9418525181268995,29.709278301923845,78.66666666666667,-0.03799008494301859
445,Company_445,Finance,Europe,2023,12041.4,23.1,34146.6,-5.4,78.3,86.0,66.2,82.6,143977.1,71988.5,359942.7,11.956840566711513,5.978416131014666,29.89209726443769,78.26666666666667,-0.05407040228756377
445,Company_445,Finance,Europe,2024,10933.6,26.3,40777.9,-9.2,78.1,84.5,67.7,82.1,133046.2,66523.1,332615.5,12.16856296187898,6.08428148093949,30.421407404697444,78.1,-0.09199926918796808
445,Company_445,Finance,Europe,2025,10265.6,26.1,26823.3,-6.1,78.5,86.8,70.1,78.7,121619.1,60809.6,304047.8,11.84724711658354,5.923628428927681,29.618122662094763,78.53333333333332,-0.06109607082754076
446,Company_446,Manufacturing,Oceania,2015,1580.7,12.4,3085.2,8.6,50.1,61.0,54.4,34.9,366548.0,488730.7,6109133.7,231.889669133928,309.1862465996078,3864.8280508635416,50.1,
446,Company_446,Manufacturing,Oceania,2016,1758.3,14.4,4820.8,11.2,51.8,59.4,57.9,38.0,413612.0,551482.7,6893534.1,235.2340328726611,313.64539612125344,3920.5676505715746,51.76666666666667,0.11235528563294728
446,Company_446,Manufacturing,Oceania,2017,1704.2,14.9,3340.7,-3.1,53.8,59.9,58.4,43.1,398962.6,531950.1,6649376.8,234.10550404882053,312.14065250557445,3901.7584790517544,53.800000000000004,-0.03076835579821413
446,Company_446,Manufacturing,Oceania,2018,2034.7,15.2,5192.9,19.4,53.9,60.6,58.6,42.6,473735.7,631647.5,7895594.3,232.8282793532216,310.437656657001,3880.4709785226323,53.93333333333334,0.19393263701443497
446,Company_446,Manufacturing,Oceania,2019,2032.8,15.9,3511.4,-0.1,54.0,61.3,58.3,42.3,470190.3,626920.4,7836504.7,231.30180047225502,308.40240062967337,3855.029860291224,53.96666666666666,-0.0009337985943874694
446,Company_446,Manufacturing,Oceania,2020,2250.1,16.7,5079.8,10.7,54.1,62.8,56.7,42.7,513388.8,684518.5,8556480.8,228.16265943735834,304.2169236922804,3802.711346162393,54.06666666666666,0.10689689098780009
446,Company_446,Manufacturing,Oceania,2021,2471.2,19.2,4991.2,9.8,53.1,62.3,55.6,41.5,566468.2,755290.9,9441136.6,229.22798640336677,305.63730171576566,3820.4664130786664,53.13333333333333,0.09826229945335752
446,Company_446,Manufacturing,Oceania,2022,2706.4,20.3,9561.3,9.5,53.3,63.1,53.3,43.4,615739.9,820986.6,10262332.3,227.5125258646172,303.35005911912504,3791.875665090157,53.26666666666667,0.09517643250242802
446,Company_446,Manufacturing,Oceania,2023,2915.9,20.5,6090.5,7.7,52.0,61.5,51.1,43.3,672990.2,897320.3,11216503.1,230.8001646146987,307.7335642511746,3846.669330223944,51.96666666666666,0.07740910434525561
446,Company_446,Manufacturing,Oceania,2024,2996.4,22.2,9202.3,2.8,53.2,64.6,51.0,44.0,672351.5,896468.6,11205857.7,224.38643038312642,299.1818849285809,3739.7736283540244,53.199999999999996,0.02760725676463527
446,Company_446,Manufacturing,Oceania,2025,3027.3,18.1,10443.7,1.0,52.3,64.5,51.7,40.6,679700.4,906267.3,11328340.8,224.5236349222079,299.3648795956793,3742.060846298682,52.26666666666667,0.010312374849819728
447,Company_447,Utilities,North America,2015,1533.1,10.4,1890.1,0.09999999999999999,35.1,30.1,11.0,64.3,1213213.2,758258.2,12132131.6,791.3464222816516,494.5914813123736,7913.463961907247,35.13333333333333,
447,Company_447,Utilities,North America,2016,1436.8,12.3,2463.4,-6.3,34.4,28.3,10.7,64.4,1152042.3,720026.5,11520423.2,801.8111776169266,501.1320295100223,8018.111915367483,34.46666666666667,-0.06281390646402707
447,Company_447,Utilities,North America,2017,1440.6,10.2,1703.7,0.3,35.2,29.1,11.3,65.3,1148138.5,717586.6,11481385.4,796.9863251423019,498.11647924475915,7969.863529085104,35.233333333333334,0.0026447661469932715
447,Company_447,Utilities,North America,2018,1405.4,9.8,1360.9,-2.4,37.5,31.1,14.4,66.9,1104263.0,690164.3,11042629.5,785.728618186993,491.0803330012808,7857.285826099331,37.46666666666667,-0.02443426350131872
447,Company_447,Utilities,North America,2019,1398.2,10.6,1960.3,-0.5,36.9,33.0,11.1,66.7,1083948.4,677467.8,10839484.4,775.2456014876269,484.5285366900301,7752.456300958375,36.93333333333334,-0.00512309662729471
447,Company_447,Utilities,North America,2020,1397.2,10.8,1206.8,-0.1,39.2,35.4,12.9,69.2,1063955.6,664972.3,10639556.1,761.4912682507874,475.9320784425995,7614.912754079587,39.166666666666664,-0.0007152052639107787
447,Company_447,Utilities,North America,2021,1386.3,7.8,1200.4,-0.8,41.7,38.3,13.6,73.1,1033329.3,645830.8,10333292.7,745.3864964293443,465.8665512515329,7453.864747890067,41.666666666666664,-0.007801316919553436
447,Company_447,Utilities,North America,2022,1510.2,7.8,1534.1,8.9,41.8,38.3,14.9,72.1,1125524.2,703452.6,11255242.1,745.281552112303,465.80095351609054,7452.815587339424,41.76666666666666,0.08937459424367034
447,Company_447,Utilities,North America,2023,1556.6,8.1,1076.1,3.1,43.5,42.4,16.5,71.6,1124560.5,702850.3,11245605.5,722.4466786586149,451.5291661313119,7224.46710779905,43.5,0.030724407363263095
447,Company_447,Utilities,North America,2024,1642.4,8.5,1960.8,5.5,45.8,43.8,17.0,76.5,1173551.2,733469.5,11735512.0,714.5343399902581,446.5839624939113,7145.343399902581,45.76666666666667,0.05512013362456658
447,Company_447,Utilities,North America,2025,1692.8,10.1,1598.0,3.1,45.9,44.5,18.6,74.6,1203095.2,751934.5,12030952.0,710.7131379962193,444.19571124763706,7107.131379962193,45.9,0.0306867998051632
448,Company_448,Finance,Middle East,2015,4706.8,14.1,11298.2,8.9,48.3,98.1,39.8,7.0,48317.9,24158.9,120794.7,10.265551967366363,5.132765360754653,25.663869295487377,48.29999999999999,
448,Company_448,Finance,Middle East,2016,4928.6,14.4,11466.3,4.7,50.1,99.0,43.2,8.2,49999.9,24999.9,124999.7,10.144848435661242,5.072414072961895,25.362110944284378,50.133333333333326,0.04712331095436384
448,Company_448,Finance,Middle East,2017,5427.9,14.2,14910.5,10.1,49.2,97.9,40.6,9.2,55855.5,27927.8,139638.8,10.29044381805118,5.1452311206912436,25.726118756793603,49.23333333333333,0.10130665909183123
448,Company_448,Finance,Middle East,2018,5871.6,15.1,10948.0,8.2,49.3,97.7,40.0,10.1,60607.3,30303.6,151518.2,10.32210981674501,5.161046392806049,25.80526602629607,49.26666666666666,0.08174432100812479
448,Company_448,Finance,Middle East,2019,6171.1,11.8,13266.7,5.1,49.1,97.5,40.6,9.1,63833.5,31916.8,159583.8,10.343941922833855,5.17197906370015,25.859862909367855,49.06666666666666,0.05100824306832896
448,Company_448,Finance,Middle East,2020,6752.4,11.5,10032.3,9.4,51.4,100.0,42.2,11.9,67524.5,33762.2,168811.2,10.000074047745986,5.000029619098394,25.00017771459037,51.36666666666667,0.09419714475539198
448,Company_448,Finance,Middle East,2021,8299.8,12.8,10333.5,22.9,52.7,100.0,43.3,14.6,82997.9,41499.0,207494.8,9.999987951516903,5.0,24.99997590303381,52.63333333333333,0.22916296427936733
448,Company_448,Finance,Middle East,2022,10120.4,14.5,17006.5,21.9,54.4,100.0,45.0,18.1,101203.8,50601.9,253009.6,9.99998023793526,4.99999011896763,24.99996047587052,54.36666666666667,0.21935468324537943
448,Company_448,Finance,Middle East,2023,10974.9,13.1,25870.2,8.4,55.0,100.0,41.5,23.4,109748.9,54874.4,274372.2,9.999990888299665,4.999990888299666,24.999972664898998,54.96666666666667,0.08443342160388911
448,Company_448,Finance,Middle East,2024,11835.9,7.6,10353.6,7.8,55.1,100.0,42.7,22.7,118359.2,59179.6,295898.0,10.000016897743306,5.000008448871653,25.000042244358266,55.133333333333326,0.07845173987917886
448,Company_448,Finance,Middle East,2025,13779.0,5.7,14040.1,16.4,54.7,99.5,42.0,22.5,138809.4,69404.7,347023.6,10.073982146745047,5.036991073372524,25.18496262428333,54.666666666666664,0.16417002509314882
449,Company_449,Manufacturing,Oceania,2015,1076.7,12.5,1129.6,7.9,66.3,46.8,82.7,69.4,281729.8,375639.7,4695496.5,261.6604439491037,348.8805609733445,4361.007244357759,66.3,
449,Company_449,Manufacturing,Oceania,2016,1150.4,9.2,1415.0,6.8,64.7,48.9,77.1,68.0,296093.9,394791.8,4934897.7,257.38343184979135,343.17785118219746,4289.723313630042,64.66666666666667,0.06844989319216133
449,Company_449,Manufacturing,Oceania,2017,1077.6,6.6,1137.1,-6.3,66.1,50.1,79.0,69.3,274484.0,365978.6,4574732.8,254.7178916109874,339.62379361544174,4245.297698589458,66.13333333333333,-0.06328233657858151
449,Company_449,Manufacturing,Oceania,2018,1212.1,4.5,906.6,12.5,66.4,52.8,79.5,66.7,301930.2,402573.6,5032169.9,249.0967741935484,332.1290322580645,4151.612820724364,66.33333333333333,0.12481440237564967
449,Company_449,Manufacturing,Oceania,2019,1387.4,4.2,824.4,14.5,65.4,52.0,77.7,66.4,347869.2,463825.6,5797820.2,250.73461150353177,334.31281533804236,4178.910335880063,65.36666666666666,0.1446250309380417
449,Company_449,Manufacturing,Oceania,2020,1509.0,6.6,1644.2,8.8,64.0,48.8,76.2,67.2,388714.7,518286.3,6478578.7,257.597548045063,343.4634194831014,4293.292710404241,64.06666666666666,0.08764595646533069
449,Company_449,Manufacturing,Oceania,2021,1740.5,4.5,1147.5,15.3,64.7,50.2,74.4,69.6,443033.9,590711.9,7383898.4,254.54403906923298,339.39207124389543,4242.400689457053,64.73333333333333,0.1534128561961563
449,Company_449,Manufacturing,Oceania,2022,1846.4,5.6,1753.8,6.1,65.5,50.6,74.4,71.7,468600.0,624800.0,7810000.3,253.79116117850953,338.3882149046794,4229.852848786828,65.56666666666666,0.0608445848893997
449,Company_449,Manufacturing,Oceania,2023,1952.8,5.6,1180.8,5.8,66.9,50.2,76.3,74.3,497133.1,662844.2,8285552.4,254.57450839819745,339.43271200327735,4242.908848832446,66.93333333333334,0.057625649913344734
449,Company_449,Manufacturing,Oceania,2024,2089.5,3.6,1634.1,7.0,65.2,47.6,77.2,70.8,543472.7,724630.2,9057877.7,260.0970088537928,346.79597989949747,4334.949844460397,65.2,0.07000204834084389
449,Company_449,Manufacturing,Oceania,2025,2346.0,2.2,457.6,12.3,66.3,48.9,78.0,71.8,603701.5,804935.3,10061691.0,257.33226768968456,343.1096760443308,4288.87084398977,66.23333333333333,0.12275664034458011
450,Company_450,Utilities,Europe,2015,2623.8,8.8,2301.6,2.1,59.9,22.5,69.5,87.9,2188458.2,1367786.4,21884581.8,834.0796554615443,521.2997941916304,8340.79647839012,59.96666666666667,
450,Company_450,Utilities,Europe,2016,2662.2,7.3,1983.8,1.5,62.1,24.8,71.7,89.9,2186665.4,1366665.9,21866654.0,821.3753286755316,513.3595898129366,8213.753286755316,62.13333333333333,0.014635261833981117
450,Company_450,Utilities,Europe,2017,2564.1,6.9,2380.0,-3.7,61.9,24.2,71.5,90.1,2113640.2,1321025.2,21136402.5,824.3205023205024,515.2003432003432,8243.20521820522,61.93333333333334,-0.036849222447599694
450,Company_450,Utilities,Europe,2018,2706.0,6.9,1750.1,5.5,60.3,23.4,69.2,88.4,2243046.5,1401904.0,22430464.6,828.9159275683666,518.0724316334073,8289.159127864006,60.333333333333336,0.05534105534105538
450,Company_450,Utilities,Europe,2019,3338.5,4.1,1665.5,23.4,61.0,21.1,71.6,90.2,2810439.0,1756524.4,28104389.9,841.8268683540513,526.141800209675,8418.26865358694,60.96666666666666,0.2337398373983739
450,Company_450,Utilities,Europe,2020,4002.0,4.2,2174.7,19.9,60.9,21.3,71.2,90.1,3365600.6,2103500.4,33656006.5,840.9796601699151,525.6122938530734,8409.796726636681,60.86666666666667,0.19874194997753492
450,Company_450,Utilities,Europe,2021,4204.9,2.4,1125.9,5.1,62.0,21.4,73.1,91.6,3532145.3,2207590.8,35321453.1,840.0069680610717,525.0043520654475,8400.069704392496,62.03333333333333,0.0506996501749124
450,Company_450,Utilities,Europe,2022,3594.7,5.7,2084.4,-14.5,61.4,18.7,74.5,91.1,3074037.1,1921273.2,30740371.3,855.158177316605,534.4738643002198,8551.58185662225,61.43333333333334,-0.1451164118052748
450,Company_450,Utilities,Europe,2023,3604.1,5.1,1580.5,0.3,62.9,18.2,77.7,92.8,3093075.5,1933172.2,30930754.9,858.2102327904331,536.3813989622929,8582.102300158153,62.9,0.0026149609146799424
450,Company_450,Utilities,Europe,2024,3485.5,3.8,1735.0,-3.3,61.5,18.0,75.9,90.6,2993821.1,1871138.2,29938211.1,858.9359058958543,536.834944771195,8589.35908764883,61.5,-0.03290696706528673
450,Company_450,Utilities,Europe,2025,3580.7,5.5,2906.8,2.7,64.0,21.9,78.2,91.8,2997393.4,1873370.9,29973934.0,837.0970480632279,523.1856620213924,8370.970480632279,63.96666666666666,0.02731315449720273
451,Company_451,Consumer Goods,Oceania,2015,5983.9,12.6,13027.6,3.25,73.9,62.5,79.2,80.0,912733.1,1140916.3,4563665.4,152.5314761276091,190.66433262587947,762.6573639265363,73.89999999999999,
451,Company_451,Consumer Goods,Oceania,2016,5881.1,10.0,11380.3,-1.7,77.1,67.4,81.5,82.5,856206.0,1070257.5,4281030.2,145.58602982435258,181.9825372804407,727.9301831290064,77.13333333333334,-0.01717943147445633
451,Company_451,Consumer Goods,Oceania,2017,6345.1,9.2,8860.9,7.9,78.3,68.2,80.0,86.7,917138.7,1146423.4,4585693.5,144.54282832421868,180.67853934532155,722.7141416210934,78.3,0.07889680501946916
451,Company_451,Consumer Goods,Oceania,2018,6391.6,9.5,6265.7,0.7,77.7,68.4,78.9,85.9,922164.0,1152705.0,4610820.2,144.277489204581,180.34686150572625,721.3874773139746,77.73333333333333,0.00732848970071398
451,Company_451,Consumer Goods,Oceania,2019,5987.2,10.3,13984.4,-6.3,78.4,68.2,80.6,86.3,865457.5,1081821.8,4327287.3,144.5512927578835,180.6891034206307,722.756430384821,78.36666666666667,-0.0632705425871457
451,Company_451,Consumer Goods,Oceania,2020,6389.5,10.0,8328.9,6.7,79.4,68.2,82.8,87.1,923038.1,1153797.7,4615190.7,144.46171061898426,180.577150011738,722.3085843962751,79.36666666666666,0.06719334580438274
451,Company_451,Consumer Goods,Oceania,2021,6298.5,9.3,12305.7,-1.4,80.5,71.5,82.8,87.1,880908.4,1101135.5,4404542.1,139.86003016591252,174.82503770739063,699.3001667063586,80.46666666666667,-0.014242115971515812
451,Company_451,Consumer Goods,Oceania,2022,6081.4,13.3,10706.6,-3.4,80.1,74.1,80.4,85.8,828326.1,1035407.7,4141630.7,136.20648206005197,170.25811490775152,681.0324431874241,80.10000000000001,-0.03446852425180602
451,Company_451,Consumer Goods,Oceania,2023,6460.9,11.1,12348.0,6.2,83.9,77.2,84.3,90.2,852454.1,1065567.6,4262270.4,131.94045721184355,164.9255676453745,659.702270581498,83.89999999999999,0.062403393955339226
451,Company_451,Consumer Goods,Oceania,2024,6838.6,12.2,9236.5,5.8,85.4,76.6,88.0,91.5,907888.1,1134860.2,4539440.7,132.7593513292194,165.9492001286813,663.7967858918493,85.36666666666667,0.05845934776888684
451,Company_451,Consumer Goods,Oceania,2025,7488.5,16.9,16334.0,9.5,85.8,77.4,87.6,92.3,985934.4,1232418.0,4929672.1,131.65979835748146,164.57474794685183,658.2990051412165,85.76666666666667,0.0950340713011435
452,Company_452,Consumer Goods,Asia,2015,1859.1,10.2,2059.0,4.75,46.1,44.9,55.7,37.7,329244.3,411555.3,1646221.4,177.09875746328868,221.37340648700985,885.4937335269755,46.1,
452,Company_452,Consumer Goods,Asia,2016,2212.6,11.3,3264.9,19.0,46.2,46.4,54.4,37.6,387184.1,483980.1,1935920.4,174.99055409924975,218.73818132513784,874.9527253005514,46.13333333333333,0.19014576945834016
452,Company_452,Consumer Goods,Asia,2017,2307.7,13.1,3995.2,4.3,47.6,51.7,52.0,39.2,386975.4,483719.3,1934877.2,167.68878103739655,209.61099796334014,838.4439918533606,47.63333333333333,0.04298110819849943
452,Company_452,Consumer Goods,Asia,2018,2162.7,14.5,5807.1,-6.3,50.6,53.3,56.3,42.1,357585.0,446981.3,1787925.1,165.34193369399364,206.67744023674112,826.7097147084664,50.56666666666666,-0.06283312388958706
452,Company_452,Consumer Goods,Asia,2019,2316.5,12.9,5955.1,7.1,51.3,55.3,58.0,40.5,376708.5,470885.6,1883542.3,162.61968486941507,203.2745952946255,813.0983380099287,51.26666666666667,0.0711148101909651
452,Company_452,Consumer Goods,Asia,2020,2392.1,12.5,7292.2,3.3,51.5,57.6,56.4,40.4,381074.2,476342.7,1905371.0,159.30529660131268,199.13159984950462,796.5264830065634,51.46666666666667,0.03263544139866181
452,Company_452,Consumer Goods,Asia,2021,2431.7,13.0,6898.1,1.7,53.4,57.2,61.7,41.4,389038.1,486297.6,1945190.6,159.98605913558416,199.98256363860673,799.9303368014148,53.43333333333334,0.016554491869068988
452,Company_452,Consumer Goods,Asia,2022,2550.3,13.1,6548.1,4.9,53.5,55.9,61.6,43.0,412358.2,515447.8,2061791.1,161.69007567737128,202.11261420225068,808.4504175979297,53.5,0.04877246370851673
452,Company_452,Consumer Goods,Asia,2023,2667.7,14.3,4548.5,4.6,54.2,57.0,61.5,44.0,427234.6,534043.3,2136173.2,160.15091651984855,200.1886643925479,800.7546575701916,54.166666666666664,0.04603379994510437
452,Company_452,Consumer Goods,Asia,2024,2961.6,15.2,8924.0,11.0,56.8,60.4,63.9,46.1,460439.6,575549.5,2302197.9,155.46988114532684,194.33735143165856,777.3493719611021,56.800000000000004,0.11016980919893538
452,Company_452,Consumer Goods,Asia,2025,3486.7,17.4,11638.8,17.7,58.8,62.0,62.9,51.5,534199.2,667749.0,2670996.1,153.21054292023976,191.51317865029972,766.0527432816131,58.800000000000004,0.17730280929227438
453,Company_453,Energy,Middle East,2015,2392.7,-0.3,5412.8,4.25,22.0,11.7,29.4,24.8,2675865.0,802759.5,26758649.8,1118.345383875956,335.50361516278684,11183.453755171982,21.966666666666665,
453,Company_453,Energy,Middle East,2016,2498.8,-5.8,7577.8,4.4,21.8,16.9,27.3,21.3,2703614.6,811084.4,27036146.4,1081.965183287978,324.5895629902353,10819.651992956618,21.833333333333332,0.044343210598905225
453,Company_453,Energy,Middle East,2017,2695.7,-8.0,3782.7,7.9,23.0,16.6,29.6,22.9,2921191.4,876357.4,29211914.4,1083.6485513966688,325.09455799977746,10836.485662351151,23.03333333333333,0.07879782295501836
453,Company_453,Energy,Middle East,2018,3113.6,-1.3,5870.2,15.5,25.3,19.2,33.2,23.4,3318535.5,995560.7,33185355.4,1065.8194694244605,319.7458568859198,10658.194822713258,25.26666666666667,0.15502466891716438
453,Company_453,Energy,Middle East,2019,3122.3,5.0,2952.9,0.3,26.5,20.3,33.9,25.3,3303795.8,991138.7,33037957.5,1058.12887935176,317.4386509944592,10581.28863337924,26.5,0.0027941932168551453
453,Company_453,Energy,Middle East,2020,3195.4,6.3,2789.6,2.3,26.7,21.1,36.3,22.8,3363430.4,1009029.1,33634304.1,1052.5850910684107,315.7755210615259,10525.850941979095,26.733333333333334,0.023412228165134552
453,Company_453,Energy,Middle East,2021,3326.5,-1.8,6437.4,4.1,28.3,20.0,38.7,26.2,3526656.8,1057997.0,35266567.6,1060.170389298061,318.0511047647678,10601.703772734105,28.3,0.04102772735807725
453,Company_453,Energy,Middle East,2022,3128.1,6.1,3428.4,-6.0,28.9,21.4,38.1,27.2,3284183.1,985254.9,32841831.4,1049.89709408267,314.9691186343148,10498.97106869985,28.900000000000002,-0.05964226664662564
453,Company_453,Energy,Middle East,2023,3324.6,0.4,180.5,6.3,30.3,25.3,36.9,28.6,3399549.9,1019865.0,33995498.7,1022.5440353726764,306.7632196354449,10225.440263490345,30.26666666666667,0.0628176848566222
453,Company_453,Energy,Middle East,2024,4160.0,-4.7,3394.6,25.1,32.1,22.7,36.4,37.1,4330435.8,1299130.7,43304357.9,1040.9701442307692,312.29103365384617,10409.701418269231,32.06666666666666,0.25127834927510073
453,Company_453,Energy,Middle East,2025,3910.0,-6.6,3410.5,-6.0,33.4,24.3,38.7,37.2,4027081.7,1208124.5,40270816.6,1029.944168797954,308.98324808184145,10299.44158567775,33.4,-0.060096153846153855
454,Company_454,Manufacturing,Middle East,2015,3254.0,8.7,5486.0,-4.1499999999999995,32.2,30.8,36.1,29.8,961287.8,1281717.1,16021464.0,295.41727105101415,393.88970497848806,4923.621389059619,32.233333333333334,
454,Company_454,Manufacturing,Middle East,2016,3281.4,9.2,4222.9,0.8,32.3,33.7,34.2,29.0,948972.3,1265296.4,15816205.5,289.197385262388,385.59651368318396,4819.956573413787,32.300000000000004,0.00842040565457891
454,Company_454,Manufacturing,Middle East,2017,2829.0,9.7,2572.7,-13.8,33.3,36.5,36.9,26.6,801677.8,1068903.7,13361296.8,283.3785083068222,377.8379992930364,4722.975185577943,33.333333333333336,-0.13786798317791193
454,Company_454,Manufacturing,Middle East,2018,3270.3,9.1,5576.4,15.6,33.6,38.1,37.4,25.2,915460.7,1220614.2,15257677.6,279.9317188025563,373.24227135125216,4665.528422468887,33.56666666666667,0.15599151643690345
454,Company_454,Manufacturing,Middle East,2019,2909.4,7.7,3132.0,-11.0,32.1,37.2,33.7,25.3,819987.6,1093316.8,13666459.5,281.8407919158589,375.7877225544786,4697.346360074242,32.06666666666667,-0.11035684799559675
454,Company_454,Manufacturing,Middle East,2020,2510.4,9.3,4594.7,-13.7,33.6,41.4,33.8,25.6,685301.4,913735.2,11421689.8,272.98494263862335,363.9799235181644,4549.748964308477,33.599999999999994,-0.1371416786966385
454,Company_454,Manufacturing,Middle East,2021,2582.0,11.4,4700.1,2.9,34.9,44.3,34.2,26.1,689458.7,919278.3,11490978.9,267.02505809450037,356.03342370255615,4450.417854376453,34.86666666666667,0.028521351179094934
454,Company_454,Manufacturing,Middle East,2022,2838.6,10.6,4423.4,9.9,33.9,42.5,33.1,26.2,768556.3,1024741.7,12809271.9,270.75188473191014,361.0025012330022,4512.531494398648,33.93333333333333,0.09938032532920205
454,Company_454,Manufacturing,Middle East,2023,2580.0,9.6,4806.1,-9.1,34.5,47.1,32.6,23.9,673548.5,898064.6,11225808.0,261.06531007751937,348.0870542635659,4351.088372093023,34.53333333333333,-0.09110124709363765
454,Company_454,Manufacturing,Middle East,2024,2808.4,6.7,3097.2,8.9,35.5,48.6,32.4,25.4,724651.9,966202.5,12077531.0,258.0301595214357,344.04020082609316,4300.502421307506,35.46666666666667,0.08852713178294569
454,Company_454,Manufacturing,Middle East,2025,2136.6,7.3,2078.6,-23.9,36.0,47.5,29.6,30.9,556219.4,741625.9,9270323.6,260.3292146400824,347.10563512122064,4338.820368810259,36.0,-0.23921093861273324
455,Company_455,Consumer Goods,Latin America,2015,704.0,8.5,1037.1,16.6,40.7,67.0,20.7,34.5,102936.0,128670.0,514680.0,146.2159090909091,182.76988636363637,731.0795454545455,40.733333333333334,
455,Company_455,Consumer Goods,Latin America,2016,819.3,6.9,1365.8,16.4,41.3,69.3,19.4,35.2,117147.6,146434.5,585738.2,142.98498718418162,178.73123398022705,714.9251800317344,41.3,0.16377840909090913
455,Company_455,Consumer Goods,Latin America,2017,1023.0,3.8,589.9,24.9,43.1,71.7,20.6,37.0,142879.3,178599.1,714396.3,139.66695992179862,174.58367546432063,698.3346041055719,43.1,0.24862687660197746
455,Company_455,Consumer Goods,Latin America,2018,1250.6,0.4,85.1,22.2,43.9,72.8,21.8,37.1,172619.8,215774.8,863099.2,138.02958579881656,172.53702222932992,690.1480889173197,43.9,0.22248289345063532
455,Company_455,Consumer Goods,Latin America,2019,1460.8,2.2,780.2,16.8,45.1,77.4,21.7,36.1,192391.6,240489.5,961957.8,131.7029025191676,164.62862814895948,658.5143756845565,45.06666666666667,0.16807932192547592
455,Company_455,Consumer Goods,Latin America,2020,1645.7,0.1,33.3,12.7,45.3,76.6,23.0,36.2,218466.9,273083.6,1092334.5,132.7501367199368,165.9376557088169,663.750683599684,45.26666666666667,0.12657447973713043
455,Company_455,Consumer Goods,Latin America,2021,1836.4,5.0,1827.4,11.6,46.3,75.9,24.6,38.4,245673.8,307092.3,1228369.0,133.78011326508386,167.22516880853843,668.9005663254193,46.300000000000004,0.11587774199428824
455,Company_455,Consumer Goods,Latin America,2022,2200.6,7.3,3864.4,19.8,47.5,78.9,24.3,39.5,285184.6,356480.8,1425923.1,129.59401981277833,161.992547487049,647.9701445060439,47.56666666666666,0.19832280548900005
455,Company_455,Consumer Goods,Latin America,2023,2381.3,8.7,3809.0,8.2,46.9,76.4,22.7,41.6,316727.6,395909.5,1583638.0,133.00617309872757,166.25771637340947,665.0308654936379,46.900000000000006,0.08211396891756806
455,Company_455,Consumer Goods,Latin America,2024,2593.5,8.9,4629.0,8.9,48.7,80.6,23.1,42.5,329970.4,412463.0,1649851.8,127.22976672450358,159.03720840562946,636.1487565066512,48.73333333333333,0.08911098979548981
455,Company_455,Consumer Goods,Latin America,2025,3243.5,13.8,10750.5,25.1,48.5,80.2,23.0,42.3,414082.9,517603.6,2070414.3,127.66545398489286,159.58180977339293,638.3272082626792,48.5,0.2506265664160401
456,Company_456,Utilities,Asia,2015,399.3,3.0,142.8,-1.55,34.7,37.1,53.1,13.8,300257.0,187660.6,3002569.6,751.9584272476834,469.97395442023543,7519.583270723767,34.666666666666664,
456,Company_456,Utilities,Asia,2016,404.3,3.0,177.9,1.3,36.5,40.2,54.1,15.2,297102.4,185689.0,2971023.8,734.8562948305714,459.2851842691071,7348.562453623546,36.50000000000001,0.012521913348359615
456,Company_456,Utilities,Asia,2017,393.3,4.5,233.2,-2.7,34.4,38.0,52.1,13.0,293830.5,183644.1,2938304.9,747.0900076277651,466.9313501144165,7470.899822018815,34.36666666666667,-0.027207519168933936
456,Company_456,Utilities,Asia,2018,429.5,4.4,163.6,9.2,37.2,41.9,54.7,15.0,311510.5,194694.0,3115104.5,725.2863795110594,453.3038416763679,7252.8626309662395,37.199999999999996,0.0920416984490211
456,Company_456,Utilities,Asia,2019,427.9,6.9,358.4,-0.4,38.5,45.4,53.9,16.3,301944.0,188715.0,3019439.8,705.6415050245384,441.02594064033656,7056.41458284646,38.53333333333333,-0.0037252619324796843
456,Company_456,Utilities,Asia,2020,468.1,9.2,407.2,9.4,39.8,47.6,53.7,18.0,324619.4,202887.1,3246194.2,693.4830164494766,433.4268318735313,6934.830591753899,39.76666666666667,0.09394718392147716
456,Company_456,Utilities,Asia,2021,449.9,10.5,515.8,-3.9,39.2,46.8,53.4,17.3,313913.0,196195.6,3139130.0,697.739497666148,436.08713047343855,6977.3949766614805,39.166666666666664,-0.03888058107242054
456,Company_456,Utilities,Asia,2022,401.3,12.4,607.7,-10.8,37.0,47.3,51.1,12.6,278824.2,174265.1,2788241.7,694.8023922252679,434.2514328432594,6948.023174682283,37.0,-0.10802400533451872
456,Company_456,Utilities,Asia,2023,408.8,12.1,636.6,1.9,35.9,45.5,50.5,11.6,288183.3,180114.6,2881832.9,704.9493639921722,440.5934442270059,7049.493395303326,35.86666666666667,0.018689259905307676
456,Company_456,Utilities,Asia,2024,378.3,11.2,401.0,-7.5,35.1,45.0,49.0,11.3,267720.5,167325.3,2677204.9,707.6936293946603,442.30848532910386,7076.936029606132,35.1,-0.07460861056751467
456,Company_456,Utilities,Asia,2025,353.9,9.6,311.3,-6.4,35.8,47.6,49.5,10.3,245474.0,153421.2,2454739.9,693.6253178864087,433.51568239615716,6936.25289629839,35.8,-0.06449907480835326
457,Company_457,Transportation,North America,2015,838.1,1.5,203.6,14.75,69.4,41.6,90.7,76.1,457151.1,76191.8,1523837.0,545.4612814699916,90.91015391958,1818.2042715666387,69.46666666666667,
457,Company_457,Transportation,North America,2016,1034.5,1.3,207.5,23.4,70.5,44.8,89.1,77.7,550177.5,91696.3,1833925.1,531.8293861768971,88.63827936201064,1772.7647172547124,70.53333333333332,0.2343395776160362
457,Company_457,Transportation,North America,2017,1195.6,3.0,319.1,15.6,70.6,44.2,89.4,78.1,638864.1,106477.3,2129546.9,534.346018735363,89.05762796922049,1781.15331214453,70.56666666666668,0.1557274045432575
457,Company_457,Transportation,North America,2018,1333.7,9.7,2047.3,11.6,72.2,45.8,88.4,82.3,703787.6,117297.9,2345958.7,527.6955837144785,87.94923895928619,1758.9853040413886,72.16666666666667,0.11550685848109743
457,Company_457,Transportation,North America,2019,1443.7,12.2,2339.7,8.2,71.0,43.6,86.9,82.5,775354.0,129225.7,2584513.2,537.0603310937175,89.51007827110895,1790.2010112904343,71.0,0.08247731873734732
457,Company_457,Transportation,North America,2020,1683.1,20.1,4076.4,16.6,72.3,45.6,87.5,83.9,889735.5,148289.2,2965785.0,528.6290178836671,88.10480660685641,1762.0967262788902,72.33333333333333,0.1658239246380826
457,Company_457,Transportation,North America,2021,1991.4,22.5,4608.2,18.3,72.2,43.3,87.6,85.7,1071360.5,178560.1,3571201.5,537.9936225770814,89.66561213216832,1793.311991563724,72.19999999999999,0.18317390529380329
457,Company_457,Transportation,North America,2022,2257.5,23.0,8140.3,13.4,72.3,43.1,89.3,84.4,1216455.4,202742.6,4054851.3,538.8506755260244,89.80846068660023,1796.168903654485,72.26666666666667,0.13362458571858982
457,Company_457,Transportation,North America,2023,2502.8,26.3,9089.0,10.9,73.0,44.3,92.3,82.3,1336267.4,222711.2,4454224.6,533.9089819402269,88.98481700495445,1779.6965798305894,72.96666666666665,0.10866002214839443
457,Company_457,Transportation,North America,2024,3224.2,21.2,11305.4,28.8,73.4,46.1,90.2,84.0,1697124.6,282854.1,5657081.9,526.3707586378017,87.72845977296693,1754.5691644438932,73.43333333333334,0.2882371743647114
457,Company_457,Transportation,North America,2025,3671.9,27.2,11815.0,13.9,74.8,48.1,92.7,83.5,1902223.8,317037.3,6340745.9,518.0489120074076,86.34148533456793,1726.8296794575017,74.76666666666667,0.1388561503628809
458,Company_458,Transportation,Asia,2015,2249.9,7.1,3068.6,14.149999999999999,23.2,0.8,42.3,26.4,1612202.3,268700.4,5374007.5,716.566202942353,119.42770789812882,2388.553935730477,23.166666666666668,
458,Company_458,Transportation,Asia,2016,2165.0,6.0,2094.4,-3.8,23.7,0.0,44.5,26.6,1558814.8,259802.5,5196049.2,720.0068360277137,120.00115473441109,2400.0227251732103,23.7,-0.03773501044490868
458,Company_458,Transportation,Asia,2017,2243.2,6.8,2126.7,3.6,25.8,2.4,47.5,27.7,1592923.5,265487.2,5309744.9,710.1121166191156,118.35199714693297,2367.040344151213,25.866666666666664,0.0361200923787528
458,Company_458,Transportation,Asia,2018,2632.4,3.8,1489.5,17.4,28.1,4.8,48.7,31.0,1842617.5,307102.9,6142058.3,699.9762574076888,116.66270323659019,2333.2541786962465,28.166666666666668,0.1735021398002854
458,Company_458,Transportation,Asia,2019,3395.2,1.2,380.6,29.0,29.0,7.7,51.4,27.9,2335067.7,389177.9,7783558.9,687.7555666823752,114.62591305372291,2292.518526154571,29.0,0.2897735906397203
458,Company_458,Transportation,Asia,2020,3872.6,1.3,431.9,14.1,30.7,11.6,52.0,28.6,2600362.2,433393.7,8667874.0,671.4770954914012,111.91284924856686,2238.2569849713373,30.733333333333334,0.14061027332705
458,Company_458,Transportation,Asia,2021,3867.2,6.3,4739.0,-0.1,31.7,12.9,55.6,26.5,2574197.8,429033.0,8580659.4,665.6489966901117,110.94150806785271,2218.8300062060407,31.666666666666668,-0.0013944120229303358
458,Company_458,Transportation,Asia,2022,4680.7,4.7,2538.8,21.0,31.6,12.3,54.8,27.9,3129162.1,521527.0,10430540.4,668.5243873779564,111.42072766893841,2228.414638836072,31.666666666666668,0.21035891601158463
458,Company_458,Transportation,Asia,2023,5343.6,8.5,5743.1,14.2,30.7,13.5,51.5,27.0,3544201.2,590700.2,11814004.1,663.2609476757242,110.54349127928735,2210.869844299723,30.666666666666668,0.1416241160510181
458,Company_458,Transportation,Asia,2024,5186.0,10.3,9110.9,-2.9,33.2,17.3,53.7,28.6,3357441.7,559573.6,11191472.5,647.40487851909,107.90080987273429,2158.0162938681065,33.199999999999996,-0.029493225540834
458,Company_458,Transportation,Asia,2025,6688.3,9.8,10626.7,29.0,32.6,17.5,51.4,28.8,4323835.6,720639.3,14412785.3,646.4775204461522,107.74625839151952,2154.9250631700133,32.56666666666667,0.2896837639799461
459,Company_459,Transportation,Middle East,2015,686.2,0.3,29.3,5.05,46.1,27.2,33.1,78.1,415702.2,69283.7,1385674.2,605.8032643544155,100.96721072573592,2019.3445059749342,46.133333333333326,
459,Company_459,Transportation,Middle East,2016,794.1,-3.0,3707.9,15.7,45.8,24.8,35.4,77.2,489216.4,81536.1,1630721.4,616.0639717919657,102.67737060823575,2053.5466565923684,45.800000000000004,0.15724278635966193
459,Company_459,Transportation,Middle East,2017,797.6,-6.7,3173.6,0.4,44.6,25.1,32.9,76.0,490247.7,81708.0,1634159.2,614.6535857572718,102.44232698094282,2048.845536609829,44.666666666666664,0.004407505351970764
459,Company_459,Transportation,Middle East,2018,810.7,-8.1,1402.7,1.6,44.7,23.4,34.7,76.1,503915.3,83985.9,1679717.7,621.5804859997533,103.59676822499074,2071.934994449241,44.73333333333333,0.016424272818455377
459,Company_459,Transportation,Middle East,2019,829.5,-9.8,2104.4,2.3,47.1,24.7,37.1,79.5,511255.6,85209.3,1704185.4,616.3418927064496,102.72368896925859,2054.473056057866,47.1,0.02318983594424573
459,Company_459,Transportation,Middle East,2020,934.8,-8.7,3862.6,12.7,48.9,29.6,36.0,81.0,556835.3,92805.9,1856117.7,595.6731921266581,99.27888318356868,1985.5773427471117,48.86666666666667,0.12694394213381544
459,Company_459,Transportation,Middle East,2021,933.3,-6.6,3900.6,-0.2,50.5,31.9,38.3,81.3,546991.5,91165.3,1823305.0,586.0832529733206,97.680595735562,1953.6108432444016,50.5,-0.0016046213093710016
459,Company_459,Transportation,Middle East,2022,1096.1,-1.4,2803.9,17.4,50.1,30.8,36.3,83.0,647338.0,107889.7,2157793.2,590.582976005839,98.43052641182375,1968.609798376061,50.03333333333333,0.17443480124290156
459,Company_459,Transportation,Middle East,2023,1181.5,-5.3,1296.5,7.8,50.4,30.1,38.1,82.8,701312.5,116885.4,2337708.4,593.5780787134997,98.92966567922133,1978.5936521371138,50.333333333333336,0.07791259921540017
459,Company_459,Transportation,Middle East,2024,1140.8,0.3,53.6,-3.4,51.1,31.0,38.8,83.5,672984.8,112164.1,2243282.7,589.9235624123423,98.32056451612904,1966.411903927069,51.1,-0.03444773592890393
459,Company_459,Transportation,Middle East,2025,1232.1,0.5,70.1,8.0,52.1,34.3,37.9,84.2,709666.9,118277.8,2365556.3,575.9815761707654,95.99691583475368,1919.9385601818035,52.133333333333326,0.08003155680224405
460,Company_460,Technology,North America,2015,1865.7,15.3,9407.7,15.5,56.4,69.3,56.5,43.4,66695.4,40017.2,133390.8,35.748191027496375,21.44889317682371,71.49638205499275,56.4,
460,Company_460,Technology,North America,2016,2165.8,18.1,6626.3,16.1,57.1,69.5,57.7,44.1,77234.1,46340.5,154468.3,35.660772001108135,21.396481669590912,71.32159017453134,57.1,0.16085115506244319
460,Company_460,Technology,North America,2017,2626.8,14.6,12106.5,21.3,55.7,65.9,55.9,45.3,97052.1,58231.3,194104.3,36.946893558702605,22.16815136287498,73.89382518653875,55.70000000000001,0.21285437251823813
460,Company_460,Technology,North America,2018,3167.0,15.6,16304.9,20.6,57.0,66.8,57.2,46.9,115979.5,69587.7,231958.9,36.621250394695295,21.972750236817177,73.24246921376697,56.96666666666667,0.2056494594183036
460,Company_460,Technology,North America,2019,2959.4,15.4,7797.3,-6.6,56.9,64.2,58.2,48.4,111036.0,66621.6,222072.0,37.51976752044333,22.511860512266,75.03953504088666,56.93333333333334,-0.06555099463214398
460,Company_460,Technology,North America,2020,3400.8,18.8,11220.3,14.9,56.9,61.2,59.6,49.8,131176.2,78705.7,262352.4,38.572159491884264,23.14328981416137,77.14431898376853,56.866666666666674,0.14915185510576467
460,Company_460,Technology,North America,2021,4058.5,20.4,17538.3,19.3,56.3,61.1,57.6,50.0,156655.1,93993.1,313310.2,38.59926081064433,23.159566342244673,77.19852162128866,56.23333333333333,0.1933956716066807
460,Company_460,Technology,North America,2022,4747.9,17.7,26411.3,17.0,56.9,60.7,58.7,51.4,183993.9,110396.3,367987.7,38.75269066324059,23.251605973167088,77.50536026453801,56.93333333333334,0.1698657139337192
460,Company_460,Technology,North America,2023,4816.3,22.9,38142.7,1.4,57.7,61.3,59.2,52.5,185572.0,111343.2,371144.0,38.52999190249777,23.11799514149866,77.05998380499554,57.666666666666664,0.014406369131616303
460,Company_460,Technology,North America,2024,5393.0,21.3,26687.3,12.0,58.9,63.5,59.8,53.6,203778.0,122266.8,407556.0,37.78564806230298,22.67138883738179,75.57129612460596,58.96666666666667,0.11973921890247707
460,Company_460,Technology,North America,2025,5487.6,22.4,42782.9,1.8,59.8,64.0,59.5,55.8,206303.4,123782.1,412606.9,37.59446752678766,22.556691449814124,75.18895327647787,59.76666666666667,0.017541257185240244
461,Company_461,Technology,Oceania,2015,1167.2,20.1,7035.1,3.9,77.3,81.8,92.0,57.9,36616.0,21969.6,73232.1,31.370801919122684,18.82248115147361,62.74168951336532,77.23333333333333,
461,Company_461,Technology,Oceania,2016,1221.2,23.0,4901.9,4.6,76.6,79.9,95.1,54.9,39126.4,23475.8,78252.8,32.03930560104815,19.22355060596135,64.0786112020963,76.63333333333334,0.04626456477039076
461,Company_461,Technology,Oceania,2017,1171.1,24.1,9224.2,-4.1,77.1,78.4,95.8,57.0,38124.3,22874.6,76248.6,32.55426522073265,19.532576210400478,65.1085304414653,77.06666666666666,-0.04102522109400597
461,Company_461,Technology,Oceania,2018,1243.3,23.3,9658.4,6.2,79.7,83.0,96.3,59.9,38491.6,23094.9,76983.1,30.959221426847904,18.575484597442294,61.91836242258506,79.73333333333333,0.06165143881820523
461,Company_461,Technology,Oceania,2019,1348.7,28.6,12145.1,8.5,81.6,86.1,98.1,60.5,40283.2,24169.9,80566.4,29.868169348261286,17.92088677986209,59.73633869652257,81.56666666666666,0.08477439073433612
461,Company_461,Technology,Oceania,2020,1391.5,29.7,7569.2,3.2,82.2,84.5,97.0,65.1,42346.0,25407.6,84692.0,30.43190801293568,18.25914480776141,60.86381602587136,82.2,0.03173426262326684
461,Company_461,Technology,Oceania,2021,1382.9,28.1,13400.1,-0.6,83.4,85.3,99.7,65.1,41689.1,25013.5,83378.2,30.146142165015544,18.087714223732736,60.29228433003109,83.36666666666666,-0.00618038088393813
461,Company_461,Technology,Oceania,2022,1520.8,25.7,11035.9,10.0,83.0,85.8,100.0,63.3,45598.7,27359.2,91197.4,29.9833640189374,17.99000526038927,59.9667280378748,83.03333333333335,0.09971798394677833
461,Company_461,Technology,Oceania,2023,1556.3,22.8,7419.1,2.3,82.2,86.7,97.5,62.3,46169.8,27701.9,92339.5,29.666388228490653,17.799845788087133,59.33271220201761,82.16666666666667,0.023342977380326202
461,Company_461,Technology,Oceania,2024,1455.4,20.4,9070.8,-6.5,82.4,89.6,97.1,60.4,41664.5,24998.7,83328.9,28.627525079016078,17.176515047409648,57.25498144839906,82.36666666666666,-0.06483325836920895
461,Company_461,Technology,Oceania,2025,1658.9,20.7,6436.8,14.0,84.1,94.4,98.7,59.3,44718.1,26830.8,89436.1,26.95647718367593,16.173850141660136,53.912894086442826,84.13333333333334,0.13982410333928819
462,Company_462,Technology,North America,2015,11982.8,13.3,28241.6,15.850000000000001,72.9,87.5,76.3,54.8,351992.9,211195.7,703985.7,29.374845612043934,17.62490402910839,58.74968287879294,72.86666666666667,
462,Company_462,Technology,North America,2016,13168.5,14.2,47096.4,9.9,74.0,89.9,77.8,54.2,375890.5,225534.3,751781.0,28.544670995177885,17.12680259710673,57.08934199035577,73.96666666666665,0.09895016189872163
462,Company_462,Technology,North America,2017,14610.9,14.1,49582.1,11.0,74.5,93.1,75.7,54.6,400360.7,240216.4,800721.4,27.401508462859923,16.44090370887488,54.803016925719845,74.46666666666667,0.1095341155029046
462,Company_462,Technology,North America,2018,17881.9,15.3,87011.4,22.4,76.4,97.2,76.0,56.1,464474.1,278684.4,928948.2,25.97453849982384,15.584719744546161,51.94907699964768,76.43333333333332,0.22387395711420943
462,Company_462,Technology,North America,2019,20700.1,17.5,67315.0,15.8,75.0,91.1,75.9,58.1,581872.8,349123.7,1163745.6,28.109661305984034,16.865797749769328,56.21932261196807,75.03333333333333,0.1576007023862116
462,Company_462,Technology,North America,2020,25151.6,17.6,122138.2,21.5,74.9,90.7,74.5,59.4,710396.3,426237.8,1420792.7,28.244576885764726,16.946746926636873,56.48915774741965,74.86666666666666,0.21504727030304194
462,Company_462,Technology,North America,2021,29156.3,18.2,131475.6,15.9,73.5,88.8,71.5,60.1,842942.3,505765.4,1685884.7,28.911154707558918,17.346693510493445,57.8223128449083,73.46666666666667,0.15922247491213293
462,Company_462,Technology,North America,2022,34828.0,20.3,240561.1,19.5,77.2,95.9,72.9,62.7,921057.1,552634.3,1842114.2,26.445879751923737,15.867528999655452,52.891759503847474,77.16666666666667,0.19452742631952624
462,Company_462,Technology,North America,2023,41123.2,14.2,187936.6,18.1,77.9,97.1,72.0,64.7,1069911.6,641947.0,2139823.3,26.017226285892153,15.610336744222241,52.03445500350167,77.93333333333334,0.18075111978867575
462,Company_462,Technology,North America,2024,47479.4,12.7,191563.8,15.5,77.4,99.7,70.9,61.7,1191920.0,715152.0,2383840.0,25.103939813898236,15.062363888338941,50.20787962779647,77.43333333333334,0.1545648198583769
462,Company_462,Technology,North America,2025,51770.7,10.8,121142.0,9.0,76.6,98.9,69.8,61.2,1314957.6,788974.5,2629915.2,25.39964883611773,15.23978814271393,50.79929767223546,76.63333333333333,0.09038235529513838
463,Company_463,Technology,Latin America,2015,65155.0,13.0,153578.4,7.35,70.5,86.1,94.7,30.6,1945530.8,1167318.5,3891061.7,29.860038370040673,17.91602332898473,59.72007827488297,70.46666666666667,
463,Company_463,Technology,Latin America,2016,68669.5,16.7,394555.6,5.4,73.1,89.4,97.2,32.8,1971577.0,1182946.2,3943154.0,28.711101726385078,17.226661035831047,57.422203452770155,73.13333333333334,0.053940603177039304
463,Company_463,Technology,Latin America,2017,83114.5,14.7,409731.9,21.0,73.5,89.4,97.4,33.8,2387654.4,1432592.6,4775308.8,28.727290665287043,17.236373917908427,57.45458133057409,73.53333333333335,0.2103553979568804
463,Company_463,Technology,Latin America,2018,90837.3,11.9,173300.2,9.3,73.7,89.6,95.7,35.9,2602217.9,1561330.7,5204435.7,28.647019451260658,17.18821123040865,57.29403780165197,73.73333333333333,0.09291760162185914
463,Company_463,Technology,Latin America,2019,96549.6,15.9,381557.9,6.3,74.5,92.2,97.0,34.4,2677541.4,1606524.9,5355082.9,27.732288896069996,16.639373959084242,55.46457882787707,74.53333333333333,0.06288496025311185
463,Company_463,Technology,Latin America,2020,99728.8,16.7,545600.5,3.3,75.5,91.9,97.3,37.4,2776799.6,1666079.7,5553599.1,27.843507592591106,16.706103953923037,55.68701418246283,75.53333333333333,0.032928152990794324
463,Company_463,Technology,Latin America,2021,108061.0,20.2,628139.8,8.4,76.7,91.9,100.0,38.2,3006683.8,1804010.3,6013367.6,27.82394943596672,16.69436984666068,55.64789887193344,76.7,0.08354858375915475
463,Company_463,Technology,Latin America,2022,122750.0,21.0,743858.3,13.6,76.8,91.3,100.0,39.2,3444329.1,2066597.5,6888658.2,28.05970753564155,16.83582484725051,56.1194150712831,76.83333333333333,0.13593248257928403
463,Company_463,Technology,Latin America,2023,120210.2,21.6,485151.6,-2.1,76.7,90.3,96.2,43.5,3414305.9,2048583.6,6828611.9,28.402796934037212,17.041678659548026,56.80559469995059,76.66666666666667,-0.020690835030549914
463,Company_463,Technology,Latin America,2024,123910.1,20.0,865271.7,3.1,77.5,90.2,97.2,45.2,3523717.5,2114230.5,7047435.1,28.43769394101046,17.062616364606274,56.87538868905762,77.53333333333335,0.030778586176547496
463,Company_463,Technology,Latin America,2025,144823.6,17.6,635311.9,16.9,78.0,90.7,97.5,45.8,4093549.1,2456129.5,8187098.2,28.26575986234288,16.959456193603803,56.53151972468576,78.0,0.16877962329140228
464,Company_464,Energy,Europe,2015,11208.8,30.6,64648.8,12.899999999999999,68.5,55.5,74.2,75.9,9096171.7,2728851.5,90961717.3,811.5205641995575,243.4561683677111,8115.20566876026,68.53333333333333,
464,Company_464,Energy,Europe,2016,12507.1,25.2,41675.2,11.6,70.0,59.0,71.8,79.3,9846414.4,2953924.3,98464144.5,787.2659849205651,236.1797938770778,7872.6598891829435,70.03333333333335,0.11582863464420812
464,Company_464,Energy,Europe,2017,14151.6,28.9,50109.4,13.1,68.8,56.2,70.9,79.3,11412781.3,3423834.4,114127813.4,806.4657918539247,241.93973826281126,8064.657946804602,68.8,0.13148531634031868
464,Company_464,Energy,Europe,2018,15909.4,34.4,75199.3,12.4,70.1,56.0,72.5,81.9,12855698.5,3856709.5,128556984.6,808.0567777540323,242.41703018341357,8080.567752397953,70.13333333333334,0.12421210322507692
464,Company_464,Energy,Europe,2019,17665.6,27.4,79614.8,11.0,68.6,54.9,71.9,78.9,14409295.2,4322788.6,144092952.0,815.6697310026266,244.70092156507562,8156.697310026267,68.56666666666668,0.11038756961293328
464,Company_464,Energy,Europe,2020,20253.3,19.6,75066.6,14.6,69.9,57.2,73.7,78.9,16196377.7,4858913.3,161963776.9,799.6908010052682,239.90723980783378,7996.908005115216,69.93333333333334,0.1464824291277964
464,Company_464,Energy,Europe,2021,23778.5,12.0,27235.5,17.4,70.5,56.9,75.5,79.1,19067575.5,5720272.7,190675755.2,801.8830245810291,240.56490947704862,8018.83025422125,70.5,0.17405558600326865
464,Company_464,Energy,Europe,2022,28506.9,10.7,53031.6,19.9,70.3,56.4,76.4,78.3,22958338.8,6887501.6,229583388.2,805.3607652884039,241.60822818335208,8053.607659899883,70.36666666666667,0.19885190403095243
464,Company_464,Energy,Europe,2023,28427.9,11.1,53824.5,-0.3,70.0,57.4,75.5,77.0,22697144.8,6809143.4,226971447.7,798.4108850812054,239.52326411729322,7984.10884025904,69.96666666666667,-0.0027712588881989575
464,Company_464,Energy,Europe,2024,32047.7,9.8,45352.7,12.7,69.0,56.3,75.9,74.7,25829936.2,7748980.9,258299361.9,805.9840862214761,241.79522711458233,8059.840859094413,68.96666666666665,0.12733265559538332
464,Company_464,Energy,Europe,2025,37009.3,7.0,27245.1,15.5,67.8,56.7,72.1,74.7,29721371.1,8916411.3,297213711.2,803.078445147571,240.92353273366425,8030.784456879756,67.83333333333333,0.15481922259631742
465,Company_465,Retail,Oceania,2015,1424.1,3.3,1001.0,-1.0,59.7,30.3,91.9,57.0,140678.4,70339.2,281356.7,98.78407415209607,49.392037076048034,197.5680780844042,59.73333333333333,
465,Company_465,Retail,Oceania,2016,1287.8,3.1,742.5,-9.6,62.1,33.7,92.6,60.1,124114.7,62057.3,248229.3,96.37731014132629,48.18861624475851,192.7545426308433,62.13333333333333,-0.09570957095709565
465,Company_465,Retail,Oceania,2017,1264.8,-0.2,2745.1,-1.8,63.4,38.4,93.7,58.2,117817.1,58908.6,235634.3,93.15077482605946,46.57542694497154,186.30162871600254,63.43333333333334,-0.017859916136045983
465,Company_465,Retail,Oceania,2018,1272.4,-0.1,2997.5,0.6,63.8,37.0,93.7,60.9,119740.5,59870.2,239481.0,94.10602011945929,47.052970763910714,188.21204023891858,63.86666666666667,0.006008855154965298
465,Company_465,Retail,Oceania,2019,1269.5,2.5,502.5,-0.2,63.7,35.2,95.8,60.1,121068.7,60534.3,242137.3,95.36723119338322,47.68357621110674,190.73438361559667,63.699999999999996,-0.0022791574976422924
465,Company_465,Retail,Oceania,2020,1158.9,1.7,305.1,-8.7,63.4,37.0,94.7,58.4,109061.2,54530.6,218122.4,94.10751574769176,47.05375787384588,188.21503149538353,63.36666666666667,-0.08712091374556907
465,Company_465,Retail,Oceania,2021,1217.5,3.6,621.7,5.1,64.7,39.9,96.1,58.0,112053.0,56026.5,224106.0,92.035318275154,46.017659137577,184.070636550308,64.66666666666667,0.050565191129519294
465,Company_465,Retail,Oceania,2022,1249.2,4.4,901.0,2.6,65.1,36.9,95.5,62.9,117679.9,58840.0,235359.8,94.20421069484469,47.102145373038745,188.40842138968938,65.10000000000001,0.026036960985626356
465,Company_465,Retail,Oceania,2023,1218.3,3.6,714.2,-2.5,63.4,38.8,94.1,57.4,113099.2,56549.6,226198.3,92.83362061889518,46.41681030944759,185.66715915620125,63.43333333333333,-0.024735830931796432
465,Company_465,Retail,Oceania,2024,1308.4,3.9,1199.7,7.4,62.2,40.8,93.0,52.7,119643.7,59821.8,239287.3,91.44275450932436,45.72133904004891,182.88543258942218,62.166666666666664,0.07395551177870807
465,Company_465,Retail,Oceania,2025,1217.1,4.0,813.6,-7.0,62.9,42.0,93.0,53.6,110268.2,55134.1,220536.3,90.59912907731493,45.299564538657464,181.1981759921124,62.86666666666667,-0.06977988382757583
466,Company_466,Consumer Goods,Oceania,2015,1551.5,6.5,1050.7,3.55,58.2,64.0,89.1,21.6,233358.0,291697.5,1166790.2,150.40799226554947,188.00999033193685,752.0400902352562,58.23333333333333,
466,Company_466,Consumer Goods,Oceania,2016,1543.8,7.1,2170.4,-0.5,57.7,64.3,86.6,22.1,231486.1,289357.6,1157430.3,149.94565358207024,187.43205078378028,749.7281383598912,57.66666666666666,-0.0049629390912020455
466,Company_466,Consumer Goods,Oceania,2017,1751.8,4.1,1138.7,13.5,59.1,67.2,88.4,21.8,255656.8,319571.0,1278283.9,145.93949080945313,182.4243635118164,729.6973969631237,59.13333333333335,0.1347324783002979
466,Company_466,Consumer Goods,Oceania,2018,1629.2,3.6,874.1,-7.0,59.0,68.0,87.3,21.8,235897.0,294871.3,1179485.0,144.79315001227596,180.9914682052541,723.9657500613798,59.03333333333334,-0.06998515812307338
466,Company_466,Consumer Goods,Oceania,2019,1698.0,5.7,1220.6,4.2,60.0,68.2,89.0,22.9,245374.9,306718.7,1226874.7,144.50818610129565,180.63527679623087,722.5410482921084,60.03333333333333,0.04222931500122762
466,Company_466,Consumer Goods,Oceania,2020,1711.6,6.0,2256.6,0.8,61.1,69.0,89.0,25.2,245474.1,306842.7,1227370.7,143.41791306379997,179.27243514839918,717.089682168731,61.06666666666666,0.008009422850412173
466,Company_466,Consumer Goods,Oceania,2021,1760.6,5.0,1156.8,2.9,60.5,68.8,88.6,24.1,253046.0,316307.5,1265229.9,143.72713847551972,179.65892309439965,718.6356355787799,60.49999999999999,0.02862818415517654
466,Company_466,Consumer Goods,Oceania,2022,1788.2,1.0,185.5,1.6,62.3,71.1,93.8,21.9,251090.3,313862.9,1255451.4,140.41511016664802,175.51890168884913,702.0754949110838,62.26666666666666,0.01567647392934224
466,Company_466,Consumer Goods,Oceania,2023,1934.4,-0.5,4197.0,8.2,64.4,73.1,97.4,22.7,266280.6,332850.7,1331402.9,137.6553970223325,172.06922043010752,688.2769334160463,64.39999999999999,0.08175819259590655
466,Company_466,Consumer Goods,Oceania,2024,2129.5,0.4,177.6,10.1,66.3,73.2,97.4,28.4,292843.0,366053.8,1464215.1,137.51725757220004,171.89659544494012,687.5863348203804,66.33333333333334,0.10085814722911501
466,Company_466,Consumer Goods,Oceania,2025,2475.3,1.1,398.9,16.2,65.4,72.1,95.4,28.6,344039.9,430049.9,1720199.6,138.98917302953177,173.7364763867006,694.9459055468024,65.36666666666666,0.16238553651091814
467,Company_467,Manufacturing,Middle East,2015,539.0,8.1,629.9,13.45,34.1,64.0,36.2,2.0,121627.4,162169.9,2027123.6,225.65380333951762,300.8717996289425,3760.8972170686457,34.06666666666667,
467,Company_467,Manufacturing,Middle East,2016,620.2,11.6,1050.9,15.1,34.5,64.7,36.4,2.3,138964.9,185286.5,2316081.7,224.0646565623992,298.7528216704289,3734.410996452757,34.46666666666666,0.1506493506493507
467,Company_467,Manufacturing,Middle East,2017,743.4,10.0,831.7,19.9,35.8,67.3,39.4,0.8,162535.1,216713.5,2708918.4,218.63747645951037,291.51668011837506,3643.958030669895,35.83333333333333,0.19864559819413086
467,Company_467,Manufacturing,Middle East,2018,735.6,10.8,831.6,-1.0,37.4,69.6,39.8,2.7,157323.0,209764.0,2622050.5,213.87030995106036,285.16041326808045,3564.5058455682433,37.36666666666667,-0.010492332526230719
467,Company_467,Manufacturing,Middle East,2019,700.0,8.2,757.8,-4.8,39.9,70.5,44.4,4.9,148414.1,197885.4,2473568.0,212.02014285714287,282.69342857142857,3533.6685714285713,39.93333333333334,-0.04839586731919521
467,Company_467,Manufacturing,Middle East,2020,802.5,6.1,430.3,14.7,40.5,73.6,44.2,3.7,164939.0,219918.7,2748983.2,205.53146417445484,274.0419937694704,3425.524236760125,40.5,0.14642857142857135
467,Company_467,Manufacturing,Middle East,2021,931.1,10.4,1453.9,16.0,41.2,74.9,45.1,3.5,188822.9,251763.9,3147048.5,202.79551068628504,270.3940500483299,3379.9253571045,41.166666666666664,0.1602492211838007
467,Company_467,Manufacturing,Middle East,2022,993.9,10.0,1465.9,6.7,40.6,76.3,44.3,1.3,198642.3,264856.3,3310704.2,199.86145487473587,266.4818392192373,3331.0234430023143,40.63333333333333,0.0674471055740522
467,Company_467,Manufacturing,Middle East,2023,1142.4,10.8,1594.7,14.9,41.9,76.3,46.4,3.1,228175.0,304233.3,3802915.9,199.7330182072829,266.31066176470586,3328.882965686274,41.93333333333333,0.14941140959855126
467,Company_467,Manufacturing,Middle East,2024,1282.1,8.5,2177.5,12.2,41.6,76.2,46.4,2.3,256415.2,341886.9,4273586.1,199.99625614226662,266.66164885734344,3333.2704937212384,41.63333333333333,0.12228641456582623
467,Company_467,Manufacturing,Middle East,2025,1357.5,7.8,1993.0,5.9,43.0,78.0,47.4,3.5,266280.2,355040.3,4438004.1,196.1548434622468,261.5398158379374,3269.2479558011046,42.96666666666667,0.05880976522892145
468,Company_468,Utilities,Asia,2015,982.7,7.4,612.8,1.4000000000000001,48.1,23.4,33.5,87.2,814625.5,509141.0,8146255.5,828.9666225704691,518.1042027068281,8289.66673450697,48.03333333333333,
468,Company_468,Utilities,Asia,2016,1052.1,8.0,1106.8,7.1,49.5,24.6,37.1,86.7,864825.1,540515.7,8648250.9,821.9989544720084,513.7493584260052,8219.989449672086,49.46666666666667,0.07062175638546853
468,Company_468,Utilities,Asia,2017,1003.6,9.6,1241.1,-4.6,51.1,28.2,37.1,87.9,804934.2,503083.9,8049341.8,802.046831406935,501.27929453965726,8020.468114786767,51.06666666666666,-0.04609827963121371
468,Company_468,Utilities,Asia,2018,989.3,6.7,729.5,-1.4,51.5,31.1,35.7,87.6,777283.1,485801.9,7772831.1,785.6899828161327,491.0562013544931,7856.899929242899,51.46666666666667,-0.014248704663212486
468,Company_468,Utilities,Asia,2019,971.9,6.0,655.6,-1.8,51.3,29.9,36.7,87.4,770146.0,481341.2,7701459.7,792.4127996707481,495.25794834859556,7924.127688033749,51.333333333333336,-0.017588193672293473
468,Company_468,Utilities,Asia,2020,950.0,4.6,432.2,-2.2,51.1,31.0,34.7,87.5,747027.2,466892.0,7470271.6,786.3444210526316,491.46526315789475,7863.443789473684,51.06666666666666,-0.022533182426175524
468,Company_468,Utilities,Asia,2021,804.4,3.6,409.0,-15.3,54.0,37.1,37.1,87.8,605292.0,378307.5,6052920.1,752.4763799104924,470.2977374440577,7524.763923421183,54.0,-0.15326315789473688
468,Company_468,Utilities,Asia,2022,837.9,0.5,48.6,4.2,55.4,40.0,36.4,89.7,616759.7,385474.8,6167597.2,736.077932927557,460.0486931614751,7360.779567967538,55.366666666666674,0.04164594728990556
468,Company_468,Utilities,Asia,2023,875.3,-1.0,611.5,4.5,54.9,40.9,36.9,87.0,639694.2,399808.9,6396942.1,730.8285159373929,456.76785102250665,7308.285273620473,54.93333333333334,0.04463539801885674
468,Company_468,Utilities,Asia,2024,1028.3,-0.6,1097.2,17.5,56.1,42.8,38.5,87.1,740689.8,462931.1,7406897.7,720.3051638626861,450.1907031022075,7203.051346883206,56.133333333333326,0.17479721238432533
468,Company_468,Utilities,Asia,2025,1076.9,1.7,221.5,4.7,56.3,46.8,35.5,86.7,751827.3,469892.0,7518272.7,698.1403101495032,436.33763580648156,6981.402822917634,56.333333333333336,0.04726247204123313
469,Company_469,Retail,Middle East,2015,1265.0,4.1,531.4,4.0,48.5,30.5,64.7,50.5,124782.4,62391.2,249564.9,98.64221343873517,49.321106719367585,197.28450592885375,48.56666666666666,
469,Company_469,Retail,Middle East,2016,1322.8,3.6,532.4,4.6,46.9,27.6,61.4,51.8,133203.6,66601.8,266407.3,100.69821590565468,50.34910795282734,201.39650740852736,46.93333333333334,0.04569169960474295
469,Company_469,Retail,Middle East,2017,1332.8,3.2,457.5,0.8,47.3,29.1,60.6,52.0,132777.2,66388.6,265554.4,99.62274909963986,49.81137454981993,199.24549819927972,47.23333333333333,0.007559721802237629
469,Company_469,Retail,Middle East,2018,1399.4,0.7,189.2,5.0,46.5,27.8,62.4,49.3,140668.1,70334.0,281336.2,100.5202944118908,50.260111476347,201.0405888237816,46.5,0.04996998799519825
469,Company_469,Retail,Middle East,2019,1549.6,2.2,352.3,10.7,47.1,29.1,60.8,51.3,154427.5,77213.7,308854.9,99.65636293236965,49.82814919979349,199.31266133195666,47.06666666666666,0.10733171359153904
469,Company_469,Retail,Middle East,2020,1565.7,0.7,112.9,1.0,47.8,31.5,62.1,49.9,153350.4,76675.2,306700.8,97.94366736922781,48.971833684613905,195.88733473845562,47.833333333333336,0.010389778007227735
469,Company_469,Retail,Middle East,2021,1599.2,3.2,967.3,2.1,47.0,31.6,60.8,48.6,156559.1,78279.6,313118.2,97.89838669334668,48.94922461230615,195.79677338669336,47.0,0.021396180622085925
469,Company_469,Retail,Middle East,2022,1828.9,1.5,526.4,14.4,48.1,31.5,61.0,51.9,179168.8,89584.4,358337.5,97.96533435398325,48.982667176991626,195.93061403029142,48.13333333333333,0.14363431715857922
469,Company_469,Retail,Middle East,2023,1890.9,0.4,93.3,3.4,50.2,32.6,61.8,56.1,183723.7,91861.8,367447.4,97.16203924057328,48.580993177851816,194.32407848114656,50.166666666666664,0.033900158565257854
469,Company_469,Retail,Middle East,2024,2068.9,-1.4,7636.2,9.4,52.4,33.8,66.9,56.4,199251.6,99625.8,398503.3,96.30798975300884,48.15399487650442,192.6160278408816,52.36666666666667,0.0941350679570574
469,Company_469,Retail,Middle East,2025,1981.9,2.1,553.6,-4.2,52.5,36.2,64.8,56.7,187634.1,93817.1,375268.3,94.67384832736263,47.33694939199758,189.34774711135776,52.56666666666666,-0.042051331625501454
470,Company_470,Technology,North America,2015,2560.2,24.6,10175.5,17.3,64.1,67.8,56.7,67.9,92864.9,55718.9,185729.7,36.272517772049056,21.763495039450046,72.54499648464964,64.13333333333334,
470,Company_470,Technology,North America,2016,3099.8,28.5,21370.9,21.1,65.5,67.0,60.2,69.2,113318.5,67991.1,226637.0,36.55671333634428,21.93402800180657,73.11342667268856,65.46666666666667,0.2107647840012501
470,Company_470,Technology,North America,2017,4080.4,27.7,21727.2,31.6,66.3,64.8,64.4,69.7,152328.1,91396.8,304656.1,37.3316586609156,22.398980492108617,74.66329281442995,66.3,0.31634298987031406
470,Company_470,Technology,North America,2018,4808.1,26.7,33939.7,17.8,67.5,67.3,66.4,68.8,175191.1,105114.7,350382.3,36.43665897131923,21.86200370208606,72.87333874087477,67.5,0.17834035878835408
470,Company_470,Technology,North America,2019,5617.7,26.9,32786.8,16.8,69.0,72.2,66.0,68.7,195080.0,117048.0,390160.0,34.725955462199835,20.8355732773199,69.45191092439967,68.96666666666665,0.16838252116220542
470,Company_470,Technology,North America,2020,6472.4,22.4,35544.5,15.2,69.1,69.6,68.7,69.2,230773.6,138464.1,461547.1,35.65502750139052,21.39300723070268,71.31003955256165,69.16666666666667,0.15214411591932642
470,Company_470,Technology,North America,2021,7987.7,20.9,45065.6,23.4,71.9,70.4,72.1,73.3,282554.5,169532.7,565109.0,35.37369956307823,21.22421973784694,70.74739912615647,71.93333333333334,0.23411717446387748
470,Company_470,Technology,North America,2022,9560.1,22.0,67940.5,19.7,72.9,71.0,71.8,76.0,335948.0,201568.8,671896.0,35.14063660421962,21.084381962531772,70.28127320843925,72.93333333333334,0.19685266096623577
470,Company_470,Technology,North America,2023,10414.1,25.7,60695.7,8.9,72.3,71.5,70.9,74.6,364323.5,218594.1,728646.9,34.98367597776092,20.99020558665655,69.96734235315581,72.33333333333333,0.08932960952291302
470,Company_470,Technology,North America,2024,11907.1,24.4,56117.7,14.3,73.2,71.9,71.2,76.6,414952.4,248971.4,829904.8,34.84915722552091,20.909490975972318,69.69831445104182,73.23333333333333,0.14336332472321178
470,Company_470,Technology,North America,2025,13820.7,25.2,89811.5,16.1,73.9,72.9,73.8,75.0,476729.9,286037.9,953459.7,34.493904071429085,20.696339548648044,68.98780090733464,73.89999999999999,0.16071083639173267
471,Company_471,Utilities,Africa,2015,1158.5,13.8,1376.3,5.9,37.4,28.3,62.7,21.3,928617.5,580386.0,9286175.5,801.5688390159689,500.98057833405267,8015.6888217522655,37.43333333333333,
471,Company_471,Utilities,Africa,2016,1239.4,13.7,1576.8,7.0,36.3,27.3,61.8,19.9,1000443.9,625277.4,10004438.6,807.2001775052445,504.50008068420203,8072.001452315636,36.333333333333336,0.06983167889512298
471,Company_471,Utilities,Africa,2017,1299.3,12.7,2240.7,4.8,36.7,31.5,60.5,18.2,1018302.3,636439.0,10183023.5,783.731470791965,489.83221734780267,7837.315092742246,36.733333333333334,0.048329837017911714
471,Company_471,Utilities,Africa,2018,1283.3,14.5,1540.2,-1.2,37.4,28.3,63.5,20.3,1028820.0,643012.5,10288199.6,801.6987454219591,501.0617158887244,8016.987142523182,37.36666666666667,-0.012314323097052271
471,Company_471,Utilities,Africa,2019,1312.6,16.4,2511.7,2.3,38.0,30.9,63.1,20.0,1032875.6,645547.3,10328756.2,786.8928843516685,491.8080908121287,7868.928995886028,38.0,0.022831761863944422
471,Company_471,Utilities,Africa,2020,1458.5,18.2,2166.7,11.1,38.7,30.2,63.2,22.8,1153352.0,720845.0,11533519.9,790.7795680493658,494.2372300308536,7907.795611930065,38.733333333333334,0.1111534359286912
471,Company_471,Utilities,Africa,2021,1711.3,17.2,3676.3,17.3,40.8,31.2,64.4,26.8,1343391.5,839619.7,13433915.3,785.0122713726407,490.6326769122889,7850.122889031731,40.800000000000004,0.17332876242715112
471,Company_471,Utilities,Africa,2022,2021.7,18.2,3569.7,18.1,41.4,32.2,66.2,25.8,1576254.6,985159.1,15762546.1,779.6679032497403,487.2924271652569,7796.679081960726,41.4,0.1813825746508504
471,Company_471,Utilities,Africa,2023,2375.4,16.9,5457.6,17.5,42.4,33.7,66.4,27.2,1831808.6,1144880.4,18318085.7,771.1579523448682,481.97373074008584,7711.5793971541625,42.43333333333334,0.17495177326012756
471,Company_471,Utilities,Africa,2024,2350.1,21.0,5246.8,-1.1,43.9,39.3,66.3,26.2,1739098.3,1086936.5,17390983.4,740.0103399855326,462.5064890855708,7400.103570060848,43.93333333333333,-0.010650837753641618
471,Company_471,Utilities,Africa,2025,2247.5,17.1,5054.1,-4.4,42.9,38.1,63.4,27.1,1678067.8,1048792.3,16780677.6,746.6375083426029,466.6484093437153,7466.3749054505015,42.86666666666667,-0.043657716692906634
472,Company_472,Healthcare,Europe,2015,2663.9,17.1,6440.1,5.75,92.4,88.6,95.9,92.5,154412.5,154412.5,308825.0,57.96482600698224,57.96482600698224,115.92965201396449,92.33333333333333,
472,Company_472,Healthcare,Europe,2016,2639.5,15.0,8974.6,-0.9,92.6,90.7,97.1,90.1,149156.1,149156.1,298312.2,56.50922523205153,56.50922523205153,113.01845046410305,92.63333333333333,-0.009159502984346313
472,Company_472,Healthcare,Europe,2017,3072.8,16.4,9740.6,16.4,92.6,88.5,98.8,90.3,178339.4,178339.4,356678.8,58.0380760218693,58.0380760218693,116.0761520437386,92.53333333333335,0.16415987876491767
472,Company_472,Healthcare,Europe,2018,3418.6,17.5,11564.9,11.3,93.7,91.8,97.6,91.8,190601.4,190601.4,381202.8,55.75422687649915,55.75422687649915,111.5084537529983,93.73333333333333,0.1125357979692787
472,Company_472,Healthcare,Europe,2019,3354.5,14.8,8043.6,-1.9,93.5,92.2,96.7,91.7,186100.6,186100.6,372201.2,55.47789536443583,55.47789536443583,110.95579072887166,93.53333333333335,-0.018750365646755918
472,Company_472,Healthcare,Europe,2020,3544.1,18.1,9746.7,5.7,95.3,96.5,97.3,92.2,185991.8,185991.8,371983.7,52.47927541547924,52.47927541547924,104.95857904686663,95.33333333333333,0.056521091071694674
472,Company_472,Healthcare,Europe,2021,3677.1,20.5,13851.6,3.8,95.1,97.4,97.2,90.7,190661.1,190661.1,381322.2,51.850942318675045,51.850942318675045,103.70188463735009,95.10000000000001,0.03752715781157412
472,Company_472,Healthcare,Europe,2022,3790.9,20.9,18402.2,3.1,94.8,96.5,97.5,90.5,198902.0,198902.0,397804.1,52.46827930042998,52.46827930042998,104.93658497982008,94.83333333333333,0.03094830165075746
472,Company_472,Healthcare,Europe,2023,4092.1,18.4,18000.0,7.9,96.3,96.4,99.6,92.9,214876.5,214876.5,429752.9,52.51008039881724,52.51008039881724,105.02013636030401,96.3,0.07945342794587029
472,Company_472,Healthcare,Europe,2024,4331.3,16.9,13637.0,5.8,94.3,94.3,98.0,90.7,233749.2,233749.2,467498.4,53.9674462632466,53.9674462632466,107.9348925264932,94.33333333333333,0.05845409447471961
472,Company_472,Healthcare,Europe,2025,4953.8,14.2,9569.8,14.4,95.6,96.5,99.2,91.3,259802.9,259802.9,519605.9,52.44517340223666,52.44517340223666,104.89036699099681,95.66666666666667,0.1437212846027751
473,Company_473,Retail,Asia,2015,665.2,6.2,693.0,-0.09999999999999998,55.4,69.9,65.2,31.0,47255.3,23627.6,94510.6,71.0392363199038,35.519542994588086,142.0784726398076,55.366666666666674,
473,Company_473,Retail,Asia,2016,654.2,6.7,658.7,-1.7,54.9,70.9,64.1,29.7,46024.6,23012.3,92049.2,70.35249159278507,35.176245796392536,140.70498318557014,54.9,-0.01653638003607938
473,Company_473,Retail,Asia,2017,736.0,8.5,898.9,12.5,56.4,75.9,63.0,30.2,49238.0,24619.0,98476.1,66.89945652173913,33.44972826086956,133.7990489130435,56.36666666666667,0.12503821461326803
473,Company_473,Retail,Asia,2018,636.0,5.4,359.7,-13.6,59.6,80.3,63.7,34.8,40575.3,20287.7,81150.7,63.797641509433966,31.898899371069184,127.59544025157233,59.6,-0.13586956521739135
473,Company_473,Retail,Asia,2019,616.1,7.6,834.3,-3.1,60.7,81.6,66.2,34.3,38726.6,19363.3,77453.2,62.85765297841259,31.428826489206294,125.71530595682518,60.70000000000001,-0.03128930817610054
473,Company_473,Retail,Asia,2020,619.1,7.1,830.9,0.5,61.5,82.1,65.7,36.7,38727.0,19363.5,77454.0,62.55370699402358,31.27685349701179,125.10741398804716,61.5,0.004869339392955752
473,Company_473,Retail,Asia,2021,610.3,6.5,563.4,-1.4,60.1,81.3,64.3,34.8,38495.8,19247.9,76991.7,63.07684745207276,31.53842372603638,126.15385875798788,60.133333333333326,-0.014214181876918253
473,Company_473,Retail,Asia,2022,670.5,4.2,552.2,9.9,61.3,84.6,64.9,34.5,40743.9,20371.9,81487.8,60.76644295302014,30.38314690529456,121.53288590604028,61.333333333333336,0.09864001310830739
473,Company_473,Retail,Asia,2023,707.4,6.4,1049.0,5.5,61.0,86.1,65.3,31.6,42268.9,21134.4,84537.8,59.7524738478937,29.87616624257846,119.5049476957874,60.99999999999999,0.055033557046979764
473,Company_473,Retail,Asia,2024,816.7,6.8,830.7,15.4,61.9,89.1,63.8,32.7,47037.3,23518.7,94074.6,57.59434308803722,28.79723276600955,115.18868617607444,61.86666666666665,0.15450947130336457
473,Company_473,Retail,Asia,2025,810.8,4.9,773.6,-0.7,61.5,87.8,64.1,32.8,47483.0,23741.5,94966.0,58.56314750863345,29.281573754316724,117.1262950172669,61.56666666666666,-0.007224194930819272
474,Company_474,Consumer Goods,Latin America,2015,1709.9,7.8,1879.8,5.15,56.5,52.5,48.3,68.6,284597.0,355746.3,1422985.1,166.4407275279256,208.0509386513831,832.2036961225803,56.46666666666666,
474,Company_474,Consumer Goods,Latin America,2016,1775.3,7.0,1411.9,3.8,58.4,54.6,49.6,71.0,290417.6,363022.0,1452088.0,163.58790063651213,204.4848757956402,817.9395031825608,58.4,0.03824785075150583
474,Company_474,Consumer Goods,Latin America,2017,1952.6,4.6,2059.9,10.0,59.1,57.3,47.5,72.4,311936.1,389920.1,1559680.4,159.75422513571647,199.69276861620403,798.7710744648161,59.06666666666666,0.09987044443192694
474,Company_474,Consumer Goods,Latin America,2018,2055.5,5.3,1288.8,5.3,61.0,61.5,48.0,73.5,316391.4,395489.2,1581956.8,153.9243006567745,192.4053514959864,769.6214059839456,61.0,0.052698965481921656
474,Company_474,Consumer Goods,Latin America,2019,2250.2,5.3,2745.9,9.5,59.0,57.9,46.0,73.1,357650.0,447062.5,1788249.8,158.94142742867302,198.67678428584128,794.7070482623768,59.0,0.0947214789588906
474,Company_474,Consumer Goods,Latin America,2020,2581.3,6.9,2400.7,14.7,59.7,60.5,43.7,74.9,401033.4,501291.8,2005167.1,155.36101964126604,194.20129392166737,776.8051369464998,59.70000000000001,0.14714247622433585
474,Company_474,Consumer Goods,Latin America,2021,2711.1,7.8,4209.8,5.0,60.4,61.1,44.1,76.1,418775.7,523469.6,2093878.5,154.4670797831139,193.08384050754307,772.3353989155694,60.43333333333334,0.05028474024716223
474,Company_474,Consumer Goods,Latin America,2022,2779.4,9.1,4091.4,2.5,61.5,59.5,44.4,80.5,435653.7,544567.1,2178268.3,156.74379362452328,195.92973303590702,783.7188961646398,61.46666666666667,0.02519272619969759
474,Company_474,Consumer Goods,Latin America,2023,2853.5,8.2,3532.3,2.7,63.8,63.2,46.4,81.9,432521.0,540651.3,2162605.2,151.57560890134923,189.46952864902752,757.8781145961101,63.833333333333336,0.02666043030869969
474,Company_474,Consumer Goods,Latin America,2024,2901.7,7.1,3717.1,1.7,63.9,62.9,48.9,79.9,440716.9,550896.2,2203584.7,151.88231036978326,189.85291380914637,759.4116207740291,63.9,0.016891536709304322
474,Company_474,Consumer Goods,Latin America,2025,3310.2,7.4,3092.2,14.1,64.7,62.2,48.7,83.2,506418.5,633023.2,2532092.7,152.9872817352426,191.23412482629448,764.9364690955231,64.7,0.14077954302650175
475,Company_475,Technology,Asia,2015,15990.5,28.2,70900.9,1.35,70.0,94.4,39.5,76.1,431120.1,258672.0,862240.2,26.96101435227166,16.17660485913511,53.92202870454332,70.0,
475,Company_475,Technology,Asia,2016,17113.2,27.2,88642.0,7.0,71.1,93.6,41.5,78.2,465983.0,279589.8,931965.9,27.229448612766753,16.33766916766005,54.45889138209102,71.10000000000001,0.07021043744723432
475,Company_475,Technology,Asia,2017,15932.6,28.0,145292.2,-6.9,70.0,92.0,41.8,76.1,442714.1,265628.5,885428.3,27.786682650665927,16.67201210097536,55.57337157777136,69.96666666666667,-0.06898768202323358
475,Company_475,Technology,Asia,2018,15964.9,27.8,98692.6,0.2,69.5,88.3,43.3,76.9,464404.3,278642.6,928808.7,29.089082925668183,17.453451008149127,58.17817211507745,69.5,0.002027289958951961
475,Company_475,Technology,Asia,2019,14985.6,24.5,109139.2,-6.1,68.4,84.3,46.0,74.9,456993.2,274195.9,913986.4,30.495489002775997,18.297292067051036,60.990978005551995,68.4,-0.06134081641601263
475,Company_475,Technology,Asia,2020,15667.9,25.5,94544.7,4.6,65.6,78.8,46.1,72.0,507984.2,304790.5,1015968.4,32.421971036322674,19.45318134529835,64.84394207264535,65.63333333333334,0.045530375827461
475,Company_475,Technology,Asia,2021,14562.1,24.9,119736.5,-7.1,65.7,80.4,47.5,69.2,463951.0,278370.6,927902.1,31.86017126650689,19.116102759904134,63.72034940015519,65.7,-0.07057742262843136
475,Company_475,Technology,Asia,2022,13669.0,26.8,98835.2,-6.1,66.9,84.4,48.6,67.8,416125.1,249675.0,832250.2,30.442980466749578,18.26578389055527,60.885960933499156,66.93333333333334,-0.06133043997775045
475,Company_475,Technology,Asia,2023,14077.8,21.5,86747.2,3.0,67.5,86.2,49.7,66.7,419812.5,251887.5,839625.0,29.820888206964156,17.892532924178493,59.64177641392831,67.53333333333335,0.029907089033579526
475,Company_475,Technology,Asia,2024,14436.5,20.6,48495.3,2.5,69.9,86.5,53.0,70.1,428891.5,257334.9,857782.9,29.708828317112875,17.825296990267724,59.41764970733904,69.86666666666666,0.025479833496711235
475,Company_475,Technology,Asia,2025,15423.2,20.0,104668.6,6.8,68.7,86.5,52.8,66.7,458546.5,275127.9,917093.1,29.73095725919394,17.838574355516364,59.461921002126665,68.66666666666667,0.06834759117514633
476,Company_476,Retail,Asia,2015,1962.4,4.7,2281.9,2.1500000000000004,48.5,38.1,40.8,66.5,183085.9,91542.9,366171.7,93.29693232776192,46.64844068487566,186.59381369751324,48.46666666666667,
476,Company_476,Retail,Asia,2016,1967.8,7.4,3432.5,0.3,49.6,41.7,41.1,66.0,178690.0,89345.0,357379.9,90.8069925805468,45.4034962902734,181.61393434292106,49.6,0.002751732572360277
476,Company_476,Retail,Asia,2017,2031.0,8.1,3557.4,3.2,47.8,41.3,36.6,65.6,185038.9,92519.4,370077.8,91.10728705071394,45.55361890694239,182.21457410142787,47.833333333333336,0.032117085069620854
476,Company_476,Retail,Asia,2018,2053.4,10.4,5235.7,1.1,46.9,41.4,36.8,62.6,186928.6,93464.3,373857.2,91.03370020453882,45.51685010226941,182.06740040907764,46.93333333333333,0.011029049729197382
476,Company_476,Retail,Asia,2019,2176.5,11.6,6014.6,6.0,44.9,38.5,35.9,60.3,202464.1,101232.1,404928.3,93.02278888123134,46.5114174132782,186.04562370778774,44.9,0.05994935229375664
476,Company_476,Retail,Asia,2020,2257.0,10.1,3702.6,3.7,46.6,39.7,36.7,63.5,208045.6,104022.8,416091.2,92.17793531236154,46.08896765618077,184.35587062472308,46.63333333333333,0.03698598667585573
476,Company_476,Retail,Asia,2021,2204.1,12.1,5418.6,-2.3,47.3,37.5,36.8,67.7,206581.9,103291.0,413163.9,93.72619209654735,46.863118733269815,187.45242956308698,47.333333333333336,-0.02343819229065136
476,Company_476,Retail,Asia,2022,2324.1,11.4,6434.0,5.4,49.7,39.3,38.9,70.8,214878.3,107439.1,429756.6,92.45656383116045,46.228260401876,184.9131276623209,49.666666666666664,0.05444399074452155
476,Company_476,Retail,Asia,2023,2010.4,11.5,5011.6,-13.5,48.6,38.5,39.4,68.0,187116.1,93558.1,374232.2,93.07406486271388,46.537057302029446,186.14812972542776,48.63333333333333,-0.1349769803364742
476,Company_476,Retail,Asia,2024,2118.9,8.8,2907.6,5.4,50.8,42.4,41.1,68.9,191310.0,95655.0,382620.0,90.28741328047572,45.14370664023786,180.57482656095144,50.800000000000004,0.053969359331476285
476,Company_476,Retail,Asia,2025,1745.6,9.7,1841.3,-17.6,51.6,45.5,37.7,71.6,153915.8,76957.9,307831.6,88.17357928505957,44.08678964252979,176.34715857011915,51.6,-0.17617631790079769
477,Company_477,Manufacturing,Latin America,2015,913.2,6.7,1283.5,5.5,41.9,49.8,48.5,27.3,233295.5,311060.7,3888258.6,255.4703241349102,340.62713534822603,4257.83902759527,41.86666666666667,
477,Company_477,Manufacturing,Latin America,2016,1002.7,8.9,947.2,9.8,40.6,48.7,47.9,25.2,258436.4,344581.9,4307273.5,257.74050064824974,343.65403410790867,4295.67517702204,40.6,0.09800700832238274
477,Company_477,Manufacturing,Latin America,2017,1032.5,9.1,1784.4,3.0,40.0,48.5,48.5,22.9,266615.2,355486.9,4443586.4,258.2229539951574,344.29723970944315,4303.7156416464895,39.96666666666667,0.029719756657025975
477,Company_477,Manufacturing,Latin America,2018,1046.5,6.5,874.7,1.4,39.7,47.8,49.3,22.0,271700.8,362267.8,4528346.9,259.62809364548497,346.1708552317248,4327.135117056857,39.699999999999996,0.013559322033898313
477,Company_477,Manufacturing,Latin America,2019,1064.4,5.6,1084.8,1.7,41.3,51.8,49.6,22.4,267360.8,356481.1,4456014.1,251.184517098835,334.912720781661,4186.4093385945125,41.26666666666667,0.01710463449593891
477,Company_477,Manufacturing,Latin America,2020,1089.4,1.8,271.9,2.3,42.6,54.9,49.3,23.5,266609.3,355479.1,4443488.3,244.7304020561777,326.30723333945286,4078.8400036717453,42.56666666666666,0.02348741074783911
477,Company_477,Manufacturing,Latin America,2021,1189.5,4.3,1126.4,9.2,43.3,54.4,50.6,24.9,292300.7,389734.3,4871678.8,245.7340899537621,327.64548129466164,4095.5685582177384,43.300000000000004,0.09188544152744615
477,Company_477,Manufacturing,Latin America,2022,1413.0,4.9,1061.6,18.8,45.1,56.5,49.2,29.6,341083.9,454778.5,5684731.3,241.38987968860582,321.85314932767164,4023.1644019815994,45.1,0.18789407313997475
477,Company_477,Manufacturing,Latin America,2023,1623.8,5.1,752.4,14.9,45.9,56.0,50.1,31.5,393756.4,525008.5,6562606.1,242.4907008252248,323.3209139056534,4041.511331444759,45.86666666666667,0.1491861288039631
477,Company_477,Manufacturing,Latin America,2024,1753.7,4.8,685.2,8.0,45.1,53.8,47.2,34.2,433059.8,577413.1,7217663.9,246.94063979015795,329.25420539430917,4115.6776529623085,45.06666666666666,0.07999753664244369
477,Company_477,Manufacturing,Latin America,2025,1697.0,4.1,1461.8,-3.2,45.1,54.1,47.3,33.8,417966.9,557289.3,6966115.7,246.29752504419565,328.3967589864467,4104.959163229229,45.06666666666666,-0.03233164167189373
478,Company_478,Finance,Europe,2015,10944.1,12.7,20845.9,0.09999999999999999,92.9,95.6,91.3,91.8,116237.7,58118.9,290594.3,10.621037819464368,5.310523478403889,26.552599117332626,92.89999999999999,
478,Company_478,Finance,Europe,2016,10934.9,14.2,12558.2,-0.1,94.8,96.9,93.9,93.5,114147.8,57073.9,285369.5,10.438851749901692,5.219425874950846,26.09712937475423,94.76666666666667,-0.000840635593607586
478,Company_478,Finance,Europe,2017,11134.7,13.4,19537.6,1.8,96.0,96.2,97.2,94.7,117294.6,58647.3,293236.6,10.534149999550953,5.267074999775477,26.335383979810857,96.03333333333335,0.018271772032666167
478,Company_478,Finance,Europe,2018,10837.1,11.7,24150.1,-2.7,96.7,97.7,99.8,92.6,111790.8,55895.4,279477.1,10.315564126934328,5.157782063467164,25.788919544896693,96.7,-0.026727258031199796
478,Company_478,Finance,Europe,2019,10871.3,10.7,22787.5,0.3,96.9,98.2,100.0,92.4,111402.8,55701.4,278507.0,10.247422111431016,5.123711055715508,25.618555278577542,96.86666666666667,0.0031558258205608425
478,Company_478,Finance,Europe,2020,11330.8,11.6,16094.0,4.2,98.2,100.0,100.0,94.6,113307.9,56653.9,283269.7,9.99999117449783,4.999991174497829,24.99997352349349,98.2,0.04226725414623833
478,Company_478,Finance,Europe,2021,10703.0,9.7,20031.1,-5.5,97.7,99.6,100.0,93.5,107689.2,53844.6,269223.1,10.061590208352799,5.030795104176399,25.153984864056806,97.7,-0.05540650262999958
478,Company_478,Finance,Europe,2022,10378.7,8.8,12644.8,-3.0,97.8,100.0,99.0,94.5,103827.1,51913.6,259567.8,10.003863682349428,5.001936658733753,25.009664023432606,97.83333333333333,-0.030299915911426667
478,Company_478,Finance,Europe,2023,11534.2,9.8,12115.6,11.1,98.8,100.0,100.0,96.3,115341.6,57670.8,288353.9,9.999965320525048,4.999982660262524,24.99990463144388,98.76666666666667,0.11133378939558902
478,Company_478,Finance,Europe,2024,11424.6,10.6,13965.0,-0.9,98.3,100.0,100.0,94.9,114245.9,57122.9,285614.7,9.999991246958317,4.999991246958318,24.999973740874953,98.3,-0.009502176137053286
478,Company_478,Finance,Europe,2025,11483.5,7.9,15330.3,0.5,98.0,100.0,100.0,94.0,114835.2,57417.6,287088.0,10.000017416292941,5.000008708146471,25.000043540732356,98.0,0.005155541550688758
479,Company_479,Transportation,Oceania,2015,763.8,8.2,1062.2,6.699999999999999,37.3,5.9,90.4,15.7,531079.4,88513.2,1770264.5,695.3121235925636,115.885310290652,2317.706860434669,37.333333333333336,
479,Company_479,Transportation,Oceania,2016,831.1,9.5,1419.1,8.8,38.3,8.5,89.8,16.8,568828.7,94804.8,1896095.6,684.428708939959,114.07147154373722,2281.4289495848875,38.36666666666667,0.08811207122283338
479,Company_479,Transportation,Oceania,2017,716.7,7.9,471.4,-13.8,40.2,11.5,91.3,17.8,481382.3,80230.4,1604607.7,671.6649923259382,111.94418864238871,2238.883354262592,40.199999999999996,-0.13764889904945254
479,Company_479,Transportation,Oceania,2018,749.9,7.4,664.4,4.6,41.8,13.8,90.6,20.9,496447.7,82741.3,1654825.8,662.018535804774,110.33644485931458,2206.7286304840645,41.76666666666666,0.04632342681735713
479,Company_479,Transportation,Oceania,2019,793.6,11.2,1117.2,5.8,44.7,18.2,92.4,23.4,510654.7,85109.1,1702182.4,643.4661038306451,107.24432963709678,2144.887096774193,44.666666666666664,0.05827443659154552
479,Company_479,Transportation,Oceania,2020,709.5,10.2,1173.8,-10.6,46.0,20.4,91.9,25.5,450058.9,75009.8,1500196.3,634.3324876673714,105.72205778717407,2114.4415785764622,45.93333333333334,-0.1059727822580645
479,Company_479,Transportation,Oceania,2021,768.7,12.4,1333.8,8.4,46.3,20.5,93.8,24.6,487157.2,81192.9,1623857.3,633.7416417327956,105.6236503187199,2112.4720957460645,46.300000000000004,0.08343904157857662
479,Company_479,Transportation,Oceania,2022,826.8,8.9,1167.9,7.6,47.3,22.9,95.7,23.2,515629.7,85938.3,1718765.6,623.6450169327528,103.94085631349783,2078.81664247702,47.26666666666666,0.0755821516846622
479,Company_479,Transportation,Oceania,2023,916.5,4.4,700.2,10.8,48.2,24.7,94.5,25.2,564815.9,94136.0,1882719.7,616.2748499727223,102.71249318057829,2054.2495362793234,48.13333333333333,0.10849056603773599
479,Company_479,Transportation,Oceania,2024,925.2,4.8,770.4,1.0,49.4,24.4,97.4,26.5,571291.9,95215.3,1904306.4,617.4793558149589,102.91320795503675,2058.2645914396885,49.43333333333334,0.00949263502454989
479,Company_479,Transportation,Oceania,2025,997.1,3.5,389.5,7.8,47.4,23.2,96.1,22.8,620759.4,103459.9,2069198.2,622.5648380302879,103.7608063383813,2075.216327349313,47.36666666666667,0.07771292693471676
480,Company_480,Retail,Middle East,2015,620.0,8.4,1241.8,-0.9000000000000001,26.9,12.0,26.0,42.7,69177.6,34588.8,138355.2,111.5767741935484,55.7883870967742,223.1535483870968,26.900000000000002,
480,Company_480,Retail,Middle East,2016,534.9,5.8,480.6,-13.7,25.6,13.0,23.2,40.7,59316.3,29658.2,118632.6,110.89231632080764,55.446251635819785,221.78463264161527,25.633333333333336,-0.1372580645161291
480,Company_480,Retail,Middle East,2017,520.3,4.6,513.6,-2.7,27.1,16.1,21.6,43.5,56579.9,28289.9,113159.7,108.74476263694024,54.37228522006536,217.48933307707094,27.066666666666666,-0.0272948214619555
480,Company_480,Retail,Middle East,2018,524.8,4.2,443.6,0.9,27.0,16.5,21.4,43.0,56913.9,28457.0,113827.9,108.44874237804879,54.224466463414636,216.89767530487805,26.96666666666667,0.008648856428983276
480,Company_480,Retail,Middle East,2019,569.5,4.0,421.2,8.5,29.1,17.9,21.1,48.3,61214.3,30607.2,122428.7,107.48779631255488,53.743985952589995,214.97576821773484,29.099999999999998,0.08517530487804881
480,Company_480,Retail,Middle East,2020,660.4,3.2,295.9,16.0,32.7,23.0,23.7,51.3,68624.2,34312.1,137248.3,103.9130829800121,51.95654149000605,207.82601453664444,32.666666666666664,0.15961369622475852
480,Company_480,Retail,Middle East,2021,588.1,4.2,441.3,-11.0,33.2,21.3,22.5,55.8,61810.5,30905.3,123621.0,105.10202346539704,52.55109675225302,210.20404693079408,33.199999999999996,-0.1094791035735917
480,Company_480,Retail,Middle East,2022,652.5,5.0,471.8,11.0,34.2,22.5,26.0,54.0,68025.8,34012.9,136051.5,104.25409961685824,52.12704980842912,208.5080459770115,34.166666666666664,0.10950518619282423
480,Company_480,Retail,Middle East,2023,625.0,3.7,527.5,-4.2,34.9,22.7,27.9,54.3,65077.8,32538.9,130155.6,104.12448,52.06224,208.24896,34.96666666666666,-0.04214559386973182
480,Company_480,Retail,Middle East,2024,649.7,2.9,257.1,4.0,33.7,22.4,24.4,54.3,67798.0,33899.0,135596.0,104.35277820532552,52.17638910266276,208.70555641065104,33.699999999999996,0.03952
480,Company_480,Retail,Middle East,2025,574.3,4.1,517.1,-11.6,34.5,23.1,26.0,54.3,59618.7,29809.4,119237.4,103.81107435138429,51.90562423820304,207.62214870276858,34.46666666666667,-0.11605356318300764
481,Company_481,Transportation,Middle East,2015,477.1,-3.1,1885.8,0.8,20.1,22.0,17.9,20.3,299500.2,49916.7,998334.1,627.7514147977363,104.62523579962271,2092.504925592119,20.066666666666666,
481,Company_481,Transportation,Middle East,2016,501.8,0.1,10.0,5.2,20.0,21.1,17.4,21.7,316914.0,52819.0,1056380.1,631.5544041450777,105.25906735751295,2105.181546432842,20.066666666666666,0.05177111716621252
481,Company_481,Transportation,Middle East,2017,608.8,1.7,178.9,21.3,18.3,21.4,13.6,19.9,383544.1,63924.0,1278480.4,630.0001642575559,105.00000000000001,2100.0006570302235,18.3,0.21323236349143082
481,Company_481,Transportation,Middle East,2018,609.1,2.8,326.7,0.1,17.7,21.5,14.2,17.3,383572.5,63928.8,1278575.0,629.7364964702019,104.9561648333607,2099.121654900673,17.666666666666668,0.0004927726675427735
481,Company_481,Transportation,Middle East,2019,616.0,3.8,460.9,1.1,17.9,22.4,12.8,18.5,385510.0,64251.7,1285033.2,625.827922077922,104.3047077922078,2086.092857142857,17.900000000000002,0.011328189131505573
481,Company_481,Transportation,Middle East,2020,614.5,5.7,547.7,-0.2,19.1,22.0,15.8,19.5,385784.0,64297.3,1285946.7,627.8014646053703,104.63352318958503,2092.6716029292106,19.099999999999998,-0.0024350649350649567
481,Company_481,Transportation,Middle East,2021,579.0,5.7,507.4,-5.8,20.6,23.2,17.3,21.2,360522.3,60087.0,1201740.9,622.6637305699481,103.77720207253886,2075.5455958549223,20.566666666666666,-0.05777054515866553
481,Company_481,Transportation,Middle East,2022,646.6,6.1,390.2,11.7,20.4,24.2,14.8,22.1,399871.8,66645.3,1332905.8,618.4222084751004,103.07036807918342,2061.40705227343,20.366666666666667,0.1167530224525044
481,Company_481,Transportation,Middle East,2023,638.2,5.6,383.9,-1.3,20.1,23.9,13.2,23.2,395508.7,65918.1,1318362.2,619.7253212159197,103.2875274208712,2065.7508617988087,20.099999999999998,-0.012991030003093096
481,Company_481,Transportation,Middle East,2024,684.2,4.6,257.1,7.2,20.2,22.1,14.3,24.2,429243.1,71540.5,1430810.2,627.3649517684887,104.560800935399,2091.2163110201695,20.200000000000003,0.07207771858351619
481,Company_481,Transportation,Middle East,2025,687.4,3.9,250.8,0.5,21.7,25.4,15.5,24.1,421608.7,70268.1,1405362.4,613.3382310154204,102.22301425661915,2044.460867035205,21.666666666666668,0.004676995030692632
482,Company_482,Energy,Europe,2015,6995.6,5.7,7171.5,-2.6,76.5,70.3,80.3,78.9,4950585.8,1485175.7,49505858.3,707.6713648579106,212.30140373949337,7076.713691463205,76.5,
482,Company_482,Energy,Europe,2016,6807.3,4.7,3090.0,-2.7,77.4,72.4,80.5,79.3,4718540.3,1415562.1,47185402.7,693.1588588720931,207.94765913063918,6931.588544650596,77.39999999999999,-0.026916919206358303
482,Company_482,Energy,Europe,2017,6333.9,5.0,5364.3,-7.0,78.0,73.5,81.6,78.9,4342339.3,1302701.8,43423392.6,685.5711804733261,205.67135572080394,6855.711741581017,78.0,-0.0695429906130185
482,Company_482,Energy,Europe,2018,6270.1,12.2,12810.2,-1.0,79.6,74.8,84.4,79.7,4242039.9,1272612.0,42420398.8,676.5505972791502,202.96518396835776,6765.505940894083,79.63333333333333,-0.010072782961524362
482,Company_482,Energy,Europe,2019,6088.9,-0.4,23599.0,-2.9,80.7,74.0,87.1,81.1,4153554.5,1246066.3,41535544.7,682.1518665111926,204.64555174169394,6821.518615841943,80.73333333333333,-0.02889906062104286
482,Company_482,Energy,Europe,2020,5852.8,7.1,8063.3,-3.9,80.4,73.1,88.9,79.1,4028373.1,1208511.9,40283730.6,688.2813525150356,206.48440062875886,6882.813456806998,80.36666666666666,-0.03877547668708625
482,Company_482,Energy,Europe,2021,5756.7,14.2,14529.9,-1.6,82.4,74.7,91.8,80.9,3898687.2,1169606.2,38986872.5,677.2434207097817,203.1730331613598,6772.434293953133,82.46666666666667,-0.01641949152542377
482,Company_482,Energy,Europe,2022,6403.0,7.2,8505.3,11.2,81.5,71.3,92.1,81.1,4488513.2,1346553.9,44885131.6,701.0015930032797,210.30046853037638,7010.0158675620805,81.49999999999999,0.11226918199662994
482,Company_482,Energy,Europe,2023,6231.6,14.5,8689.4,-2.7,83.9,74.3,93.1,84.1,4235755.9,1270726.8,42357559.2,679.7220457025484,203.9166185249374,6797.220489119969,83.83333333333333,-0.02676870217085736
482,Company_482,Energy,Europe,2024,6283.2,12.3,11949.4,0.8,84.7,76.1,92.5,85.7,4193606.4,1258081.9,41936063.5,667.4316271963331,200.2294849758085,6674.316192386045,84.76666666666667,0.008280377431157282
482,Company_482,Energy,Europe,2025,6124.6,17.3,16641.6,-2.5,86.2,76.6,96.0,86.0,4066475.1,1219942.5,40664750.7,663.9576625412271,199.18729386408907,6639.576576429481,86.2,-0.02524191494779726
483,Company_483,Transportation,Asia,2015,566.3,2.4,218.2,7.8999999999999995,24.4,33.3,4.5,35.4,328500.2,54750.0,1095000.7,580.0815822002473,96.68020483842487,1933.6053328624405,24.399999999999995,
483,Company_483,Transportation,Asia,2016,615.8,-0.6,2957.8,8.7,24.3,38.1,4.9,30.0,344941.0,57490.2,1149803.5,560.1510230594349,93.35855797336798,1867.1703475154272,24.333333333333332,0.08740950026487737
483,Company_483,Transportation,Asia,2017,608.5,1.7,118.1,-1.2,25.2,38.2,6.1,31.4,340619.8,56770.0,1135399.4,559.7695973705834,93.2949876746097,1865.8987674609693,25.233333333333334,-0.011854498213705655
483,Company_483,Transportation,Asia,2018,699.8,-2.2,2826.2,15.0,26.9,39.6,6.4,34.7,387466.0,64577.7,1291553.5,553.6810517290655,92.28022292083453,1845.6037439268364,26.900000000000002,0.15004108463434673
483,Company_483,Transportation,Asia,2019,648.8,-3.7,2526.4,-7.3,27.3,38.2,8.0,35.8,362969.6,60494.9,1209898.5,559.4475955610358,93.24121454993836,1864.8250616522812,27.333333333333332,-0.07287796513289513
483,Company_483,Transportation,Asia,2020,694.9,-5.3,3368.6,7.1,26.6,36.6,8.6,34.5,393506.4,65584.4,1311688.0,566.2777378040006,94.37962296733342,1887.5924593466686,26.566666666666666,0.0710542540073984
483,Company_483,Transportation,Asia,2021,881.5,-4.9,1752.9,26.9,27.3,37.3,9.8,34.8,496742.5,82790.4,1655808.2,563.5195689166194,93.91990924560407,1878.3984117980715,27.299999999999997,0.268527845733199
483,Company_483,Transportation,Asia,2022,1096.1,-6.9,5266.4,24.4,29.7,37.0,14.4,37.8,618641.2,103106.9,2062137.4,564.4021530882219,94.06705592555424,1881.340571115774,29.73333333333333,0.24344866704480994
483,Company_483,Transportation,Asia,2023,1074.0,-5.6,4115.8,-2.0,29.7,38.5,14.4,36.3,599823.2,99970.5,1999410.7,558.4945996275604,93.08240223463687,1861.648696461825,29.73333333333333,-0.020162393942158463
483,Company_483,Transportation,Asia,2024,1275.5,-8.1,5826.9,18.8,29.4,38.7,14.8,34.7,711233.3,118538.9,2370777.7,557.6113680909448,92.93524108192865,1858.7045864366917,29.400000000000002,0.18761638733705777
483,Company_483,Transportation,Asia,2025,1216.0,-7.4,4261.1,-4.7,28.5,36.0,14.5,34.9,691542.5,115257.1,2305141.6,568.7027138157895,94.78379934210527,1895.675657894737,28.46666666666667,-0.04664837318698545
484,Company_484,Manufacturing,Africa,2015,1242.7,10.5,2504.0,6.7,48.7,38.5,80.2,27.5,346883.5,462511.4,5781392.0,279.1369598454977,372.1826667739599,4652.282932324776,48.73333333333333,
484,Company_484,Manufacturing,Africa,2016,1347.7,8.6,2426.2,8.4,49.9,36.8,81.0,31.7,380968.5,507958.0,6349475.6,282.68049269125174,376.90732358833566,4711.341990057134,49.833333333333336,0.08449344169952533
484,Company_484,Manufacturing,Africa,2017,1446.0,8.9,1421.3,7.3,51.7,40.9,83.2,31.0,396233.9,528311.9,6603899.0,274.0206777316736,365.3609266943292,4567.011756569847,51.699999999999996,0.07293908139793714
484,Company_484,Manufacturing,Africa,2018,1380.2,6.2,1722.4,-4.6,51.6,41.4,85.6,27.8,376842.1,502456.1,6280701.8,273.0344153021301,364.0458629184176,4550.573684973192,51.6,-0.04550484094052554
484,Company_484,Manufacturing,Africa,2019,1409.5,7.8,1373.2,2.1,53.3,41.8,89.6,28.5,383721.4,511628.6,6395357.4,272.2393756651295,362.98588151826885,4537.323448031217,53.29999999999999,0.021228807419214624
484,Company_484,Manufacturing,Africa,2020,1414.7,5.8,1062.9,0.4,54.3,44.9,91.2,26.8,375847.7,501130.3,6264128.3,265.6730755637238,354.23079098041984,4427.884569166607,54.300000000000004,0.0036892515076267784
484,Company_484,Manufacturing,Africa,2021,1506.9,3.1,436.2,6.5,55.3,45.6,92.7,27.5,398140.7,530854.3,6635678.3,264.21175924082553,352.2823677749021,4403.529298559957,55.26666666666667,0.06517282816144765
484,Company_484,Manufacturing,Africa,2022,1642.9,4.6,1368.1,9.0,55.4,47.1,94.1,25.1,428810.9,571747.9,7146848.8,261.00852151683,348.0113823117658,4350.1423093310605,55.43333333333333,0.09025150972194562
484,Company_484,Manufacturing,Africa,2023,1902.0,4.4,1734.0,15.8,54.9,46.3,92.0,26.3,499915.4,666553.9,8331923.6,262.836698212408,350.44894847528917,4380.611777076761,54.866666666666674,0.1577089293322782
484,Company_484,Manufacturing,Africa,2024,1935.3,9.7,3930.6,1.8,56.0,48.3,90.9,28.9,500539.5,667386.0,8342324.7,258.6366454813207,344.84886064176095,4310.610603007286,56.03333333333333,0.0175078864353313
484,Company_484,Manufacturing,Africa,2025,2067.9,12.6,3730.1,6.9,55.1,46.2,92.2,26.7,543819.3,725092.4,9063655.0,262.9814304366749,350.6419072488998,4383.023840611248,55.03333333333333,0.06851650906836149
485,Company_485,Finance,Africa,2015,1348.5,15.2,3923.2,-2.35,46.7,94.5,42.6,2.9,14515.0,7257.5,36287.4,10.763811642565814,5.381905821282907,26.909454949944383,46.666666666666664,
485,Company_485,Finance,Africa,2016,1427.5,17.8,4010.5,5.9,47.8,95.0,43.0,5.2,15265.6,7632.8,38164.0,10.693940455341506,5.346970227670753,26.734851138353765,47.73333333333333,0.05858361142009638
485,Company_485,Finance,Africa,2017,1474.7,17.6,2575.9,3.3,49.1,94.4,46.1,6.7,15908.0,7954.0,39769.9,10.787278768563096,5.393639384281548,26.968129111005627,49.06666666666666,0.033064798598949174
485,Company_485,Finance,Africa,2018,1324.4,19.8,2540.6,-10.2,50.1,94.1,48.7,7.3,14334.7,7167.4,35836.8,10.823542736333433,5.411809121111446,27.058894593778316,50.03333333333334,-0.10191903437987382
485,Company_485,Finance,Africa,2019,1278.0,21.1,2623.2,-3.5,49.1,94.2,46.1,7.0,13826.0,6913.0,34565.0,10.818466353677621,5.409233176838811,27.046165884194053,49.1,-0.03503473270915136
485,Company_485,Finance,Africa,2020,1316.2,24.9,5726.1,3.0,50.8,94.8,46.5,10.9,14112.4,7056.2,35281.1,10.722078711442029,5.361039355721014,26.805272754900468,50.73333333333334,0.029890453834115815
485,Company_485,Finance,Africa,2021,1171.2,22.3,2968.3,-11.0,52.1,97.8,48.3,10.4,12079.4,6039.7,30198.6,10.313695355191257,5.1568476775956285,25.784323770491802,52.166666666666664,-0.11016562832396293
485,Company_485,Finance,Africa,2022,1107.8,22.0,2229.6,-5.4,53.4,100.0,48.5,11.7,11078.2,5539.1,27695.6,10.000180538003251,5.000090269001626,25.000541614009748,53.4,-0.05413251366120231
485,Company_485,Finance,Africa,2023,1132.1,20.0,3326.6,2.2,51.9,99.1,49.6,6.8,11458.5,5729.3,28646.3,10.12145570179313,5.0607720166063075,25.303683420192563,51.833333333333336,0.02193536739483659
485,Company_485,Finance,Africa,2024,1046.5,20.9,2029.1,-7.6,49.4,98.4,48.2,1.5,10694.4,5347.2,26736.0,10.219206880076445,5.109603440038223,25.548017200191115,49.366666666666674,-0.07561169507993981
485,Company_485,Finance,Africa,2025,1034.0,25.6,2847.1,-1.2,49.5,98.4,47.6,2.4,10575.2,5287.6,26438.0,10.227466150870407,5.113733075435204,25.568665377176014,49.46666666666667,-0.011944577161968506
486,Company_486,Healthcare,Middle East,2015,1025.9,17.3,4358.0,7.25,71.3,76.9,76.9,60.2,67911.6,67911.6,135823.1,66.19709523345355,66.19709523345355,132.39409299151964,71.33333333333333,
486,Company_486,Healthcare,Middle East,2016,1149.6,21.6,5133.7,12.1,74.4,82.7,78.0,62.5,71435.3,71435.3,142870.6,62.139265831593605,62.139265831593605,124.27853166318721,74.39999999999999,0.12057705429379073
486,Company_486,Healthcare,Middle East,2017,1162.8,21.1,5362.2,1.1,73.3,84.4,77.2,58.4,70811.3,70811.3,141622.5,60.897230822153425,60.897230822153425,121.79437564499484,73.33333333333334,0.011482254697286143
486,Company_486,Healthcare,Middle East,2018,1290.2,24.5,7614.9,11.0,75.1,86.5,78.4,60.3,76660.1,76660.1,153320.1,59.41722213610293,59.41722213610293,118.83436676484266,75.06666666666666,0.10956312349501207
486,Company_486,Healthcare,Middle East,2019,1391.1,23.2,6839.3,7.8,76.7,87.8,80.2,62.1,81474.6,81474.6,162949.2,58.568470994177275,58.568470994177275,117.13694198835455,76.7,0.07820492946829938
486,Company_486,Healthcare,Middle East,2020,1577.0,21.3,7139.1,13.4,76.0,87.8,79.2,61.0,92319.2,92319.2,184638.5,58.54102726696259,58.54102726696259,117.08211794546608,76.0,0.13363525267773713
486,Company_486,Healthcare,Middle East,2021,1811.9,22.8,7727.1,14.9,77.2,88.3,80.3,63.0,105396.9,105396.9,210793.7,58.16926982725315,58.16926982725315,116.33848446382251,77.2,0.14895370957514276
486,Company_486,Healthcare,Middle East,2022,1789.8,23.1,4206.7,-1.2,79.8,91.9,82.8,64.6,99671.6,99671.6,199343.3,55.688680299474804,55.688680299474804,111.37741647111409,79.76666666666667,-0.012197141122578636
486,Company_486,Healthcare,Middle East,2023,1909.4,23.0,7813.0,6.7,79.4,92.7,82.3,63.3,105254.5,105254.5,210508.9,55.12438462344192,55.12438462344192,110.2487168744108,79.43333333333334,0.06682310872723218
486,Company_486,Healthcare,Middle East,2024,2017.1,23.2,10396.4,5.6,79.6,93.3,82.3,63.2,110248.4,110248.4,220496.8,54.65688364483665,54.65688364483665,109.3137672896733,79.60000000000001,0.05640515345134589
486,Company_486,Healthcare,Middle East,2025,1983.6,25.9,8796.8,-1.7,80.6,94.0,83.1,64.8,107482.6,107482.6,214965.1,54.185622101230095,54.185622101230095,108.37119378907039,80.63333333333333,-0.01660800158643594
487,Company_487,Technology,Europe,2015,5833.1,20.4,40753.8,21.75,70.1,86.2,70.5,53.7,174079.9,104447.9,348159.8,29.843462309920966,17.906070528535427,59.68692461984193,70.13333333333333,
487,Company_487,Technology,Europe,2016,8051.7,20.4,29562.0,38.0,69.6,85.2,69.7,54.0,243062.4,145837.4,486124.8,30.187711911770187,18.112622179167133,60.37542382354037,69.63333333333334,0.380346642437126
487,Company_487,Technology,Europe,2017,9785.6,19.2,59989.4,21.5,68.9,86.6,68.1,52.0,290412.9,174247.7,580825.8,29.67757725637672,17.80654226618705,59.35515451275344,68.89999999999999,0.21534582758920484
487,Company_487,Technology,Europe,2018,10510.1,19.4,34330.7,7.4,70.9,89.4,69.4,54.1,301883.5,181130.1,603766.9,28.723180559652143,17.233908335791288,57.446351604646956,70.96666666666667,0.0740373610202747
487,Company_487,Technology,Europe,2019,13255.9,22.0,70587.6,26.1,70.8,88.5,67.9,56.1,384915.5,230949.3,769831.0,29.037296600004527,17.422377960002716,58.074593200009055,70.83333333333333,0.2612534609566035
487,Company_487,Technology,Europe,2020,17187.3,26.5,138772.4,29.7,72.0,91.5,67.5,57.2,481061.8,288637.1,962123.6,27.989375876373835,16.793626689474205,55.97875175274767,72.06666666666666,0.2965773730942447
487,Company_487,Technology,Europe,2021,19212.7,24.5,121394.2,11.8,72.5,91.8,66.9,58.8,535175.4,321105.2,1070350.7,27.855293633898413,16.71317409838284,55.710582062906305,72.5,0.11784282580742778
487,Company_487,Technology,Europe,2022,23431.0,28.2,204098.5,22.0,73.1,94.5,68.2,56.5,630988.1,378592.9,1261976.3,26.929627416670222,16.15777815714225,53.85925910119073,73.06666666666666,0.21955789659964497
487,Company_487,Technology,Europe,2023,26595.2,26.2,131235.5,13.5,74.8,98.2,69.5,56.6,681889.2,409133.5,1363778.3,25.63955901816869,15.383734658885814,51.27911427626038,74.76666666666667,0.13504331868038078
487,Company_487,Technology,Europe,2024,33809.5,29.9,309020.1,27.1,73.5,97.2,68.3,55.0,878687.3,527212.4,1757374.6,25.989360978423225,15.593617178603647,51.97872195684645,73.5,0.27126323547106246
487,Company_487,Technology,Europe,2025,35369.4,33.5,345403.5,4.6,74.1,96.2,68.8,57.3,931728.7,559037.2,1863457.4,26.34279066085373,15.805673831051697,52.68558132170746,74.10000000000001,0.04613791981543658
488,Company_488,Utilities,Oceania,2015,2212.8,11.5,2249.8,4.55,47.7,44.4,49.3,49.5,1574023.0,983764.4,15740229.9,711.326373825018,444.5789949385394,7113.263693058568,47.73333333333333,
488,Company_488,Utilities,Oceania,2016,2380.7,14.3,4065.2,7.6,48.7,46.3,48.9,50.8,1667671.8,1042294.9,16676718.5,700.4964086193137,437.8102658881842,7004.964296215399,48.666666666666664,0.07587671728127243
488,Company_488,Utilities,Oceania,2017,2125.8,15.5,4889.6,-10.7,49.8,45.2,50.3,53.7,1502444.8,939028.0,15024448.0,706.7667701571173,441.7292313481983,7067.667701571173,49.73333333333333,-0.10706934935103107
488,Company_488,Utilities,Oceania,2018,2141.5,19.7,3980.1,0.7,48.5,44.1,47.4,54.0,1527083.0,954426.9,15270830.1,713.0903572262433,445.6814849404623,7130.903618958674,48.5,0.007385454887571585
488,Company_488,Utilities,Oceania,2019,2329.8,20.8,5643.8,8.8,47.9,45.4,46.6,51.7,1644302.3,1027689.0,16443023.3,705.7697227229805,441.1061035281998,7057.6973559962225,47.9,0.08792902171375205
488,Company_488,Utilities,Oceania,2020,2678.9,19.6,5281.2,15.0,48.6,47.5,47.7,50.5,1859307.0,1162066.9,18593070.1,694.0561424465266,433.7850983612676,6940.56146179402,48.56666666666666,0.14984118808481406
488,Company_488,Utilities,Oceania,2021,2705.8,17.5,5563.3,1.0,50.5,51.2,45.8,54.5,1821502.1,1138438.8,18215021.4,673.1843077832804,420.7401877448444,6731.843225663389,50.5,0.010041434917316794
488,Company_488,Utilities,Oceania,2022,2777.9,18.6,5243.5,2.7,50.2,51.3,45.5,53.7,1868980.6,1168112.9,18689806.2,672.8034126498434,420.5021419057561,6728.034198495266,50.166666666666664,0.026646463153226385
488,Company_488,Utilities,Oceania,2023,2898.0,17.3,6264.9,4.3,52.5,56.6,47.1,53.7,1863155.9,1164472.4,18631558.7,642.9109385783298,401.81932367149756,6429.10928226363,52.46666666666667,0.04323409769970121
488,Company_488,Utilities,Oceania,2024,3192.1,15.3,7130.5,10.2,52.3,55.4,46.9,54.5,2074920.9,1296825.5,20749208.8,650.0175119827073,406.26092540960497,6500.175057172395,52.26666666666667,0.10148378191856455
488,Company_488,Utilities,Oceania,2025,3344.3,13.7,4074.3,4.8,54.3,58.9,47.4,56.6,2106759.7,1316724.8,21067596.8,629.9553568758784,393.722094309721,6299.553508955536,54.300000000000004,0.04768021051972071
489,Company_489,Consumer Goods,Asia,2015,2579.4,8.5,2384.8,-4.800000000000001,59.1,45.7,57.5,74.2,454151.1,567688.9,2270755.5,176.06850430332634,220.0856400713344,880.3425215166318,59.13333333333333,
489,Company_489,Consumer Goods,Asia,2016,2497.4,9.6,2964.4,-3.2,62.6,50.3,58.0,79.5,423599.8,529499.8,2117999.1,169.61632097381275,212.02042123808764,848.0816449107072,62.6,-0.031790338838489585
489,Company_489,Consumer Goods,Asia,2017,2580.6,10.0,5754.0,3.3,63.1,49.5,58.4,81.4,440562.3,550702.9,2202811.6,170.72087886538014,213.40110826939474,853.604433077579,63.1,0.033314647233122274
489,Company_489,Consumer Goods,Asia,2018,2364.4,5.2,2972.8,-8.4,62.7,50.3,58.8,79.1,400974.4,501218.0,2004872.0,169.58822534258164,211.98528167822704,847.9411267129082,62.73333333333333,-0.08377896613190727
489,Company_489,Consumer Goods,Asia,2019,2080.5,6.7,2886.0,-12.0,64.1,51.5,61.4,79.3,349205.3,436506.7,1746026.7,167.84681566931025,209.8085556356645,839.2341744772891,64.06666666666666,-0.12007274572830318
489,Company_489,Consumer Goods,Asia,2020,1920.2,6.9,2172.5,-7.7,64.8,54.2,60.0,80.4,315190.5,393988.1,1575952.5,164.14462035204664,205.18076242058117,820.7231017602332,64.86666666666667,-0.07704878634943524
489,Company_489,Consumer Goods,Asia,2021,1838.7,7.4,2536.5,-4.2,66.2,53.8,63.7,81.0,302691.2,378364.0,1513455.9,164.62239625822593,205.7779953227824,823.1119269048784,66.16666666666667,-0.04244349546922199
489,Company_489,Consumer Goods,Asia,2022,1684.8,7.1,2842.9,-8.4,68.4,56.2,66.3,82.9,271871.7,339839.6,1359358.4,161.3673433048433,201.7091642924976,806.8366571699904,68.46666666666667,-0.08370044052863446
489,Company_489,Consumer Goods,Asia,2023,1710.1,8.4,2827.2,1.5,70.9,60.0,67.5,85.1,266877.2,333596.5,1334386.1,156.05941173030817,195.0742646628852,780.2971171276535,70.86666666666666,0.015016619183285895
489,Company_489,Consumer Goods,Asia,2024,1639.3,9.9,1720.1,-4.1,72.5,64.1,67.1,86.3,246364.3,307955.4,1231821.7,150.2862807295797,187.85786616238641,751.4315256511926,72.5,-0.041401087655692614
489,Company_489,Consumer Goods,Asia,2025,1551.2,12.6,4125.2,-5.4,73.9,69.7,68.3,83.6,221008.6,276260.7,1105043.0,142.47588963383188,178.09482980918,712.3794481691593,73.86666666666666,-0.05374245104617814
490,Company_490,Retail,Africa,2015,1371.1,8.6,1203.2,8.95,62.2,85.7,66.1,34.8,82250.1,41125.0,164500.1,59.988403471665094,29.99416526876231,119.97673400918971,62.20000000000001,
490,Company_490,Retail,Africa,2016,1440.0,10.2,3297.4,5.0,61.5,86.7,63.5,34.2,85456.7,42728.3,170913.3,59.34493055555556,29.672430555555557,118.68979166666666,61.46666666666666,0.05025162278462547
490,Company_490,Retail,Africa,2017,1507.3,7.5,1203.7,4.7,60.4,87.3,61.7,32.2,88723.8,44361.9,177447.6,58.86273469116964,29.43136734558482,117.72546938233928,60.4,0.04673611111111109
490,Company_490,Retail,Africa,2018,1782.0,9.5,3713.2,18.2,61.3,89.3,60.2,34.4,102430.3,51215.1,204860.5,57.48052749719417,28.74023569023569,114.96099887766555,61.300000000000004,0.18224640084920063
490,Company_490,Retail,Africa,2019,1851.0,9.9,2992.0,3.9,63.7,91.6,64.4,35.1,103379.9,51689.9,206759.8,55.85083738519719,27.92539168017288,111.70167477039438,63.699999999999996,0.03872053872053871
490,Company_490,Retail,Africa,2020,2126.5,13.4,3874.9,14.9,65.1,92.3,65.0,38.2,117838.1,58919.1,235676.3,55.414107688690336,27.70707735715965,110.82826240300963,65.16666666666667,0.14883846569421944
490,Company_490,Retail,Africa,2021,2389.3,12.0,4296.0,12.4,66.0,91.9,68.0,38.1,132955.3,66477.7,265910.6,55.646130665885394,27.82308625957393,111.29226133177079,66.0,0.12358335292734557
490,Company_490,Retail,Africa,2022,2776.3,10.6,7022.4,16.2,66.8,92.4,68.4,39.7,153668.8,76834.4,307337.7,55.35021431401505,27.675107157007524,110.7004646471923,66.83333333333333,0.16197212572720043
490,Company_490,Retail,Africa,2023,3235.8,11.0,7974.4,16.5,66.0,91.2,67.8,39.0,181755.2,90877.6,363510.5,56.170097039372024,28.085048519686012,112.34022498300266,66.0,0.1655080502827504
490,Company_490,Retail,Africa,2024,3413.3,9.7,3547.7,5.5,67.0,93.6,69.9,37.6,185990.6,92995.3,371981.1,54.48996572232151,27.244982861160754,108.9799021474819,67.03333333333333,0.054855059027133946
490,Company_490,Retail,Africa,2025,3460.4,7.9,4293.1,1.4,67.3,95.9,70.4,35.5,182892.9,91446.4,365785.7,52.853109467113626,26.426540284360186,105.70619003583401,67.26666666666667,0.013798962880496868
491,Company_491,Transportation,Latin America,2015,632.5,13.3,736.6,-0.19999999999999996,28.3,30.9,34.7,19.3,373310.2,62218.4,1244367.2,590.2137549407115,98.3690118577075,1967.3789723320158,28.299999999999997,
491,Company_491,Transportation,Latin America,2016,648.4,14.7,949.7,2.5,30.2,34.1,38.0,18.6,374065.5,62344.2,1246884.9,576.905459592844,96.15083281924738,1923.0180444170264,30.23333333333333,0.025138339920948605
491,Company_491,Transportation,Latin America,2017,668.8,14.1,1792.1,3.1,32.0,39.2,40.1,16.6,371304.0,61884.0,1237679.9,555.1794258373207,92.5299043062201,1850.5979366028707,31.96666666666667,0.031462060456508345
491,Company_491,Transportation,Latin America,2018,711.5,11.8,1598.2,6.4,31.5,39.5,36.6,18.3,394102.8,65683.8,1313676.0,553.9041461700632,92.31735769501054,1846.3471539002107,31.466666666666665,0.06384569377990434
491,Company_491,Transportation,Latin America,2019,675.8,14.4,1532.7,-5.0,30.9,41.0,34.6,17.2,370302.8,61717.1,1234342.8,547.9473216928085,91.32450429121042,1826.4912696063925,30.933333333333334,-0.050175685172171525
491,Company_491,Transportation,Latin America,2020,642.8,18.2,2318.8,-4.9,34.0,44.6,35.5,21.8,342417.3,57069.5,1141390.9,532.6964841319228,88.78266957062851,1775.6547915370254,33.96666666666666,-0.04883101509322285
491,Company_491,Transportation,Latin America,2021,677.6,25.6,3349.3,5.4,36.3,48.6,37.7,22.8,349655.4,58275.9,1165518.1,516.0203659976387,86.00339433293979,1720.068034238489,36.36666666666667,0.0541381456129435
491,Company_491,Transportation,Latin America,2022,647.6,24.2,2855.5,-4.4,37.4,48.9,36.6,26.6,333273.2,55545.5,1110910.6,514.6281655342805,85.77130945027794,1715.4271155033973,37.36666666666667,-0.044273907910271526
491,Company_491,Transportation,Latin America,2023,569.6,23.5,1084.8,-12.0,37.9,48.0,36.2,29.5,295285.5,49214.3,984285.1,518.4085323033707,86.40150983146067,1728.0286165730336,37.9,-0.12044471896232245
491,Company_491,Transportation,Latin America,2024,553.0,24.1,1151.6,-2.9,38.7,49.8,37.2,28.9,282465.3,47077.5,941550.9,510.78716094032546,85.13110307414105,1702.6236889692586,38.63333333333333,-0.0291432584269663
491,Company_491,Transportation,Latin America,2025,617.0,22.1,1751.0,11.6,38.3,50.6,37.0,27.2,313194.3,52199.1,1043981.1,507.60826580226905,84.60145867098865,1692.0277147487843,38.266666666666666,0.11573236889692584
492,Company_492,Manufacturing,Africa,2015,1756.4,8.2,2438.4,0.05,44.7,14.2,71.5,48.4,579868.7,773158.2,9664478.1,330.14615121840126,440.19483033477565,5502.4357207925295,44.699999999999996,
492,Company_492,Manufacturing,Africa,2016,1734.4,5.3,2030.5,-1.3,43.8,12.9,70.6,47.7,577245.6,769660.8,9620759.4,332.82149446494464,443.7619926199262,5547.024561808118,43.73333333333333,-0.012525620587565456
492,Company_492,Manufacturing,Africa,2017,2033.6,6.7,2985.1,17.3,47.1,15.0,74.7,51.5,667903.8,890538.4,11131729.4,328.4342053501181,437.9122738001574,5473.903127458694,47.06666666666666,0.17250922509225086
492,Company_492,Manufacturing,Africa,2018,1890.7,3.4,1111.5,-7.0,47.1,17.0,75.1,49.1,613188.4,817584.5,10219806.8,324.31818903051783,432.42423441053575,5405.303221029249,47.06666666666666,-0.07026947285601881
492,Company_492,Manufacturing,Africa,2019,1865.1,0.6,186.3,-1.4,48.0,17.8,75.3,50.9,601883.2,802510.9,10031386.5,322.7082730148517,430.277679480993,5378.471127553483,48.0,-0.01353995874543823
492,Company_492,Manufacturing,Africa,2020,1868.4,-3.0,6351.7,0.2,46.6,13.7,76.5,49.7,618831.0,825108.0,10313849.9,331.2090558766859,441.6120745022479,5520.150877756369,46.63333333333333,0.0017693421264275422
492,Company_492,Manufacturing,Africa,2021,2080.1,-4.2,7147.8,11.3,43.5,10.7,73.5,46.3,702195.4,936260.5,11703256.1,337.5777126099707,450.10360078842365,5626.294937743378,43.5,0.11330550203382561
492,Company_492,Manufacturing,Africa,2022,2135.9,-3.7,5719.5,2.7,45.3,13.7,75.4,46.7,707468.9,943291.8,11791148.0,331.22753874245046,441.6366871108198,5520.458822978604,45.26666666666667,0.026825633383010583
492,Company_492,Manufacturing,Africa,2023,2133.2,-2.6,5261.3,-0.1,44.2,13.3,75.6,43.8,708359.8,944479.8,11805997.4,332.0644102756423,442.7525782861429,5534.407181698857,44.23333333333333,-0.0012641041247251072
492,Company_492,Manufacturing,Africa,2024,2106.5,-6.0,1394.2,-1.3,44.7,15.3,75.6,43.2,690605.6,920807.5,11510093.9,327.84505103251837,437.1267505340612,5464.084452883931,44.699999999999996,-0.012516407275454666
492,Company_492,Manufacturing,Africa,2025,2385.0,-7.2,4091.1,13.2,46.7,16.3,78.3,45.6,777161.5,1036215.4,12952692.5,325.8538784067086,434.47186582809223,5430.898322851153,46.73333333333333,0.13220982672679793
493,Company_493,Energy,Latin America,2015,1889.7,-7.4,1224.1,-3.05,42.6,43.8,69.8,14.3,1687956.9,506387.1,16879568.5,893.2406731227178,267.9722178123512,8932.406466634915,42.63333333333333,
493,Company_493,Energy,Latin America,2016,1838.3,-11.4,7896.6,-2.7,43.0,44.1,67.7,17.3,1638578.6,491573.6,16385786.3,891.3553826905294,267.40662568677584,8913.55399009955,43.03333333333334,-0.027200084669524283
493,Company_493,Energy,Latin America,2017,1805.5,-15.2,5313.1,-1.8,43.2,45.6,68.1,15.8,1590567.6,477170.3,15905676.2,880.956854057048,264.2870672943783,8809.568651343117,43.166666666666664,-0.017842571941467655
493,Company_493,Energy,Latin America,2018,1630.8,-13.3,7954.2,-9.7,41.6,43.9,66.0,14.9,1455802.6,436740.8,14558026.3,892.6922982585235,267.8077017414766,8926.923166544027,41.6,-0.09675990030462478
493,Company_493,Energy,Latin America,2019,1417.6,-20.0,1942.4,-13.1,43.7,48.6,65.4,17.0,1218868.7,365660.6,12188687.4,859.8114418735892,257.94342550790066,8598.114700902936,43.666666666666664,-0.13073338238901155
493,Company_493,Energy,Latin America,2020,1069.5,-20.0,3280.8,-24.6,43.2,50.6,62.2,16.7,904387.9,271316.4,9043879.0,845.6174848059841,253.68527349228614,8456.174848059842,43.166666666666664,-0.245555869074492
493,Company_493,Energy,Latin America,2021,1112.9,-20.0,4338.6,4.1,45.5,51.3,66.5,18.6,935617.2,280685.1,9356171.6,840.7019498607241,252.2105310450175,8407.01913918591,45.46666666666667,0.04057971014492767
493,Company_493,Energy,Latin America,2022,1235.8,-20.0,2557.3,11.0,47.2,52.7,68.2,20.7,1027054.7,308116.4,10270546.8,831.0848842854831,249.3254571937207,8310.848681016347,47.199999999999996,0.11043220415131616
493,Company_493,Energy,Latin America,2023,1219.1,-20.0,5728.7,-1.3,48.1,53.1,68.5,22.6,1009568.6,302870.6,10095685.9,828.1261586416209,248.43786399803133,8281.261504388483,48.06666666666666,-0.013513513513513598
493,Company_493,Energy,Latin America,2024,1177.8,-20.0,4343.6,-3.4,47.5,54.9,65.5,22.0,960617.6,288185.3,9606176.1,815.6033282390898,244.68101545253862,8156.033367294956,47.46666666666667,-0.03387745057829539
493,Company_493,Energy,Latin America,2025,1049.1,-20.0,4317.0,-10.9,46.4,54.2,62.4,22.5,860562.5,258168.8,8605625.5,820.2864359927557,246.08597845772567,8202.864836526547,46.36666666666667,-0.10927152317880795
494,Company_494,Consumer Goods,Africa,2015,788.7,11.3,1534.1,3.4,28.8,28.5,47.4,10.6,157796.8,197246.0,788984.2,200.07201724356534,250.09002155445668,1000.3603397996702,28.833333333333332,
494,Company_494,Consumer Goods,Africa,2016,781.6,10.8,1599.5,-0.9,28.2,25.1,49.9,9.7,160126.5,200158.1,800632.3,204.8701381780962,256.0876407369498,1024.3504350051178,28.233333333333334,-0.009002155445670068
494,Company_494,Consumer Goods,Africa,2017,949.4,11.4,1540.1,21.5,29.9,27.0,52.7,10.0,191956.4,239945.6,959782.2,202.18706551506213,252.7339372235096,1010.9355382346745,29.900000000000002,0.21468781985670415
494,Company_494,Consumer Goods,Africa,2018,981.1,9.7,1258.2,3.3,30.8,27.5,54.9,10.1,197739.4,247174.2,988697.0,201.5486698603608,251.93578636224646,1007.7433493018041,30.833333333333332,0.03338950916368244
494,Company_494,Consumer Goods,Africa,2019,842.9,11.0,1963.0,-14.1,32.4,28.4,55.2,13.5,168792.3,210990.4,843961.7,200.2518685490568,250.31486534582987,1001.2595800213549,32.36666666666667,-0.14086229742126188
494,Company_494,Consumer Goods,Africa,2020,991.7,8.4,1250.2,17.6,33.1,30.4,57.8,11.3,195841.2,244801.5,979206.0,197.48028637692852,246.85035797116063,987.4014318846425,33.166666666666664,0.17653339660695222
494,Company_494,Consumer Goods,Africa,2021,958.4,5.7,1204.6,-3.4,35.6,33.8,58.3,14.6,184708.5,230885.6,923542.3,192.72589732888147,240.90734557595994,963.6292779632722,35.56666666666666,-0.03357870323686607
494,Company_494,Consumer Goods,Africa,2022,1097.5,5.7,773.8,14.5,35.9,35.6,57.3,14.8,208695.0,260868.8,1043475.2,190.15489749430523,237.6936674259681,950.7746697038724,35.9,0.14513772954924886
494,Company_494,Consumer Goods,Africa,2023,1101.9,5.1,1017.6,0.4,38.6,40.8,60.1,15.0,201529.3,251911.7,1007646.7,182.89254923314272,228.61575460568108,914.4629276703874,38.63333333333333,0.004009111617312211
494,Company_494,Consumer Goods,Africa,2024,1379.4,3.8,859.8,25.2,38.2,41.0,61.2,12.4,251874.7,314843.4,1259373.6,182.59728867623605,228.246628969117,912.986515876468,38.2,0.2518377348216716
494,Company_494,Consumer Goods,Africa,2025,1428.2,1.8,274.7,3.5,39.0,39.8,59.9,17.1,263116.7,328895.8,1315583.3,184.22958969332026,230.28693460299675,921.1478084301918,38.93333333333333,0.03537770044947064
495,Company_495,Consumer Goods,Latin America,2015,629.7,12.3,1198.7,7.8999999999999995,42.8,48.3,60.4,19.9,108590.7,135738.4,542953.6,172.44830871843735,215.5604255994918,862.2417023979672,42.86666666666667,
495,Company_495,Consumer Goods,Latin America,2016,728.1,8.5,1350.1,15.6,44.4,49.2,61.8,22.1,124606.0,155757.5,623030.1,171.1385798654031,213.92322483175388,855.6930366707869,44.36666666666667,0.15626488804192462
495,Company_495,Consumer Goods,Latin America,2017,806.3,10.0,1956.4,10.7,44.2,46.3,64.6,21.7,141265.6,176582.0,706327.9,175.20228202902146,219.00285253627683,876.0112861217909,44.199999999999996,0.10740282928169198
495,Company_495,Consumer Goods,Latin America,2018,876.2,13.1,1435.2,8.7,43.0,47.3,61.8,19.9,152306.1,190382.6,761530.5,173.82572472038348,217.28212736818077,869.1286236019173,43.0,0.0866922981520526
495,Company_495,Consumer Goods,Latin America,2019,1021.6,10.4,1858.2,16.6,43.9,47.7,62.2,21.8,177029.6,221287.0,885148.2,173.28660924040722,216.608261550509,866.4332419733751,43.900000000000006,0.16594384843642995
495,Company_495,Consumer Goods,Latin America,2020,1037.6,13.2,2672.9,1.6,44.6,47.7,59.5,26.7,179776.1,224720.1,898880.6,173.26146877409408,216.5768118735544,866.3074402467232,44.63333333333333,0.01566170712607673
495,Company_495,Consumer Goods,Latin America,2021,1134.8,14.1,2624.3,9.4,46.2,44.4,63.0,31.3,201736.9,252171.2,1008684.7,177.77308776876984,222.21642580190343,888.8656150863588,46.23333333333334,0.09367771781033163
495,Company_495,Consumer Goods,Latin America,2022,1135.8,12.8,2065.5,0.1,45.6,43.2,62.0,31.5,203867.9,254834.9,1019339.6,179.49278041908786,224.36599753477725,897.463990139109,45.56666666666666,0.0008812125484667366
495,Company_495,Consumer Goods,Latin America,2023,1198.2,11.2,2133.7,5.5,45.5,44.9,61.8,30.0,212276.6,265345.7,1061383.0,177.1629110332165,221.45359706226006,885.8145551660824,45.56666666666666,0.054939249867934636
495,Company_495,Consumer Goods,Latin America,2024,1283.2,10.9,1649.3,7.1,45.0,44.1,58.2,32.7,228797.6,285996.9,1143987.8,178.30236907730674,222.87788341645887,891.5116895261846,45.0,0.07093974294775496
495,Company_495,Consumer Goods,Latin America,2025,1358.9,12.5,3262.1,5.9,45.2,43.9,60.5,31.1,242654.0,303317.5,1213269.9,178.5664876002649,223.20810950033115,892.8323644123923,45.166666666666664,0.058993142144638355
496,Company_496,Manufacturing,North America,2015,1540.1,8.1,1250.1,7.6,47.1,7.7,56.6,77.0,529497.9,705997.2,8824965.6,343.8074800337641,458.40997337835205,5730.125056814492,47.1,
496,Company_496,Manufacturing,North America,2016,1737.8,8.0,1646.9,12.8,47.7,9.8,54.3,79.1,589707.6,786276.8,9828460.5,339.3414662216596,452.45528829554615,5655.6913914144325,47.73333333333333,0.12836828777352127
496,Company_496,Manufacturing,North America,2017,1685.4,8.9,2618.8,-3.0,49.9,12.0,55.7,81.9,564231.4,752308.5,9403856.4,334.7759582295004,446.36792452830184,5579.599145603417,49.866666666666674,-0.03015306709632859
496,Company_496,Manufacturing,North America,2018,1840.1,8.0,1708.3,9.2,49.5,10.3,56.9,81.4,622725.0,830300.0,10378750.1,338.41910765719257,451.2254768762567,5640.318515298081,49.53333333333334,0.09178829951346845
496,Company_496,Manufacturing,North America,2019,1822.7,5.8,2231.5,-0.9,51.3,13.9,59.6,80.4,603070.7,804094.2,10051177.7,330.866681296977,441.1555384868601,5514.444340813079,51.300000000000004,-0.009456007825661583
496,Company_496,Manufacturing,North America,2020,2152.7,1.6,693.0,18.1,51.7,15.8,57.2,82.0,703601.8,938135.7,11726696.2,326.8461931527849,435.7949087192828,5447.436335764389,51.666666666666664,0.18105009052504517
496,Company_496,Manufacturing,North America,2021,2374.3,3.8,1363.9,10.3,51.4,17.0,58.9,78.5,770225.5,1026967.4,12837092.2,324.4010866360611,432.53481025986605,5406.685001895295,51.46666666666667,0.10294049333395283
496,Company_496,Manufacturing,North America,2022,2436.1,5.1,1227.3,2.6,51.2,14.7,57.7,81.1,801668.7,1068891.6,13361144.6,329.07873240014777,438.7716432001971,5484.645375805591,51.166666666666664,0.0260287242555699
496,Company_496,Manufacturing,North America,2023,2712.2,1.4,720.2,11.3,52.3,13.9,59.8,83.3,897201.5,1196268.7,14953358.7,330.8021163631001,441.0695007742792,5513.368741243271,52.333333333333336,0.11333689093222765
496,Company_496,Manufacturing,North America,2024,2875.2,3.8,1291.1,6.0,54.1,16.9,59.1,86.2,932944.2,1243925.6,15549069.5,324.47975792988314,432.6396772398442,5407.995791597106,54.06666666666666,0.06009881277191953
496,Company_496,Manufacturing,North America,2025,2784.7,2.0,535.8,-3.2,55.7,17.3,59.5,90.1,901052.3,1201403.1,15017538.3,323.5724853664668,431.42999245879275,5392.87474413761,55.633333333333326,-0.03147607122982754
497,Company_497,Utilities,Africa,2015,788.4,6.5,437.5,5.8,42.8,53.8,56.9,17.8,519233.7,324521.1,5192337.0,658.5917047184171,411.6198630136986,6585.917047184171,42.833333333333336,
497,Company_497,Utilities,Africa,2016,866.6,8.4,859.2,9.9,42.8,58.3,55.2,14.9,549147.4,343217.2,5491474.5,633.6803600276944,396.0503115624279,6336.804177244403,42.800000000000004,0.09918822932521576
497,Company_497,Utilities,Africa,2017,908.3,8.0,844.7,4.8,41.2,57.6,50.2,16.0,579135.0,361959.4,5791350.0,637.6032147968733,398.5020367719917,6376.032147968733,41.26666666666667,0.04811908608354476
497,Company_497,Utilities,Africa,2018,842.5,6.0,500.0,-7.3,43.4,60.8,51.2,18.1,521830.5,326144.0,5218304.5,619.3833827893175,387.1145400593472,6193.833234421365,43.36666666666667,-0.07244302543212588
497,Company_497,Utilities,Africa,2019,945.4,6.5,669.0,12.2,43.3,59.9,51.5,18.6,590314.4,368946.5,5903143.8,624.407023482124,390.2543896763275,6244.070023270573,43.333333333333336,0.12213649851632047
497,Company_497,Utilities,Africa,2020,1010.0,8.1,1134.3,6.8,44.7,62.6,50.1,21.2,615431.1,384644.4,6154311.2,609.3377227722772,380.83603960396044,6093.377425742575,44.63333333333333,0.06833086524222565
497,Company_497,Utilities,Africa,2021,1056.5,9.6,1410.8,4.6,44.2,62.0,46.2,24.2,647129.8,404456.1,6471297.7,612.5222905821108,382.82640795078083,6125.222621864647,44.13333333333333,0.04603960396039608
497,Company_497,Utilities,Africa,2022,1162.4,10.5,1596.4,10.0,45.3,63.9,46.5,25.4,699616.2,437260.1,6996161.5,601.8721610461114,376.1700791465932,6018.721180316586,45.26666666666667,0.1002366303833413
497,Company_497,Utilities,Africa,2023,1180.2,10.3,1108.9,1.5,45.9,66.5,47.2,24.2,693602.5,433501.6,6936024.8,587.6991187934249,367.31198102016606,5876.991018471445,45.96666666666667,0.015313145216792723
497,Company_497,Utilities,Africa,2024,1141.0,11.1,1295.1,-3.3,48.7,66.2,52.0,27.9,672508.0,420317.5,6725079.8,589.4022787028922,368.3764241893076,5894.022611744084,48.699999999999996,-0.033214709371293005
497,Company_497,Utilities,Africa,2025,1248.2,13.0,2098.6,9.4,48.8,66.1,50.9,29.3,736145.4,460090.8,7361453.6,589.7655824387117,368.60342893767023,5897.655503925653,48.76666666666667,0.09395267309377742
498,Company_498,Technology,Europe,2015,10394.1,16.1,29205.0,11.649999999999999,76.8,99.6,72.9,57.9,261192.7,156715.6,522385.4,25.12893853243667,15.077361195293484,50.25787706487334,76.8,
498,Company_498,Technology,Europe,2016,12250.1,16.8,33542.1,17.9,75.8,100.0,71.5,55.8,306252.1,183751.3,612504.3,24.999967347205327,14.999983673602664,49.99994285760933,75.76666666666667,0.17856283853339883
498,Company_498,Technology,Europe,2017,13743.1,13.5,61316.1,12.2,76.6,100.0,74.1,55.7,343578.2,206146.9,687156.4,25.000050934650844,15.000029105514766,50.00010186930169,76.60000000000001,0.12187655610974613
498,Company_498,Technology,Europe,2018,15090.6,15.2,36801.0,9.8,77.3,99.0,75.9,57.1,382319.1,229391.5,764638.2,25.3349171007117,15.200952911083721,50.6698342014234,77.33333333333333,0.09804920287271424
498,Company_498,Technology,Europe,2019,15305.3,18.4,89324.0,1.4,77.9,100.0,76.9,56.7,382633.2,229579.9,765266.4,25.00004573579087,15.00002613473764,50.00009147158174,77.86666666666667,0.014227399838309784
498,Company_498,Technology,Europe,2020,16693.0,17.4,58898.6,9.1,79.9,100.0,79.4,60.3,417324.3,250394.6,834648.6,24.999958066255317,14.999976037860181,49.999916132510634,79.89999999999999,0.09066793855723176
498,Company_498,Technology,Europe,2021,20724.2,13.4,49870.2,24.1,78.1,97.5,80.2,56.6,536253.0,321751.8,1072506.1,25.875691220891518,15.52541473253491,51.75138726705977,78.1,0.24149044509674722
498,Company_498,Technology,Europe,2022,22609.6,13.8,67722.0,9.1,78.1,98.9,76.5,58.9,573980.3,344388.2,1147960.6,25.38657472931852,15.231945722171115,50.77314945863704,78.10000000000001,0.09097576746026381
498,Company_498,Technology,Europe,2023,27573.6,9.5,83533.7,22.0,78.8,100.0,75.8,60.5,689340.9,413604.5,1378681.7,25.000032639916444,15.000018133286913,50.0000616531755,78.76666666666667,0.21955275635128446
498,Company_498,Technology,Europe,2024,32430.1,10.2,78406.0,17.6,78.8,97.6,76.5,62.1,837744.1,502646.5,1675488.2,25.83230085630325,15.499381747203987,51.6646017126065,78.73333333333333,0.17612861577741024
498,Company_498,Technology,Europe,2025,36032.9,11.4,67997.0,11.1,78.1,98.7,76.5,59.0,917194.6,550316.8,1834389.3,25.454365316141637,15.27262029978159,50.90873340752479,78.06666666666666,0.11109432286671961
499,Company_499,Transportation,Asia,2015,439.4,-1.3,980.1,11.399999999999999,40.2,10.6,45.1,64.9,296899.2,49483.2,989664.1,675.6923076923077,112.61538461538461,2252.3079198907603,40.2,
499,Company_499,Transportation,Asia,2016,434.3,1.7,102.9,-1.2,42.2,12.3,45.9,68.3,290297.1,48382.9,967657.2,668.42528206309,111.40432880497352,2228.0847340548007,42.166666666666664,-0.011606736458807387
499,Company_499,Transportation,Asia,2017,491.1,1.8,121.5,13.1,41.1,11.1,43.8,68.4,330776.1,55129.4,1102587.1,673.5412339645693,112.25697413968642,2245.137650173081,41.1,0.1307851715404098
499,Company_499,Transportation,Asia,2018,513.1,2.2,195.7,4.5,43.2,13.3,46.3,70.0,340725.9,56787.6,1135752.9,664.0535957902943,110.67550185149094,2213.5117910738645,43.199999999999996,0.04479739360619028
499,Company_499,Transportation,Asia,2019,516.6,7.0,666.8,0.7,42.1,10.2,44.4,71.7,349739.6,58289.9,1165798.8,677.0027100271002,112.83372048006194,2256.6759581881533,42.1,0.006821282401091366
499,Company_499,Transportation,Asia,2020,566.7,12.1,953.1,9.7,42.3,8.1,45.4,73.5,388826.8,64804.5,1296089.3,686.1245809070053,114.35415563790365,2287.0818775366156,42.333333333333336,0.09698025551684086
499,Company_499,Transportation,Asia,2021,697.3,8.6,594.8,23.0,42.0,11.6,44.3,70.3,468164.1,78027.4,1560547.1,671.395525598738,111.89932597160475,2237.9852287394237,42.06666666666666,0.23045703193929756
499,Company_499,Transportation,Asia,2022,790.1,11.5,1315.3,13.3,41.2,11.6,43.2,68.8,530476.0,88412.7,1768253.3,671.4036197949627,111.90064548791291,2238.0120237944566,41.199999999999996,0.13308475548544396
499,Company_499,Transportation,Asia,2023,956.1,11.0,2101.3,21.0,42.2,13.7,42.3,70.5,633321.9,105553.6,2111072.8,662.4013178537809,110.40016734651188,2208.0041836627965,42.166666666666664,0.2100999873433742
499,Company_499,Transportation,Asia,2024,1212.0,10.9,1340.5,26.8,43.9,14.9,43.5,73.5,796818.7,132803.1,2656062.3,657.4411716171617,109.57351485148516,2191.4705445544555,43.96666666666667,0.26764982742390964
499,Company_499,Transportation,Asia,2025,1267.1,9.4,1181.7,4.5,43.9,14.4,44.9,72.4,835544.0,139257.3,2785146.8,659.4144108594429,109.90237550311736,2198.0481414253018,43.9,0.045462046204620465
500,Company_500,Utilities,Middle East,2015,1306.2,10.3,1994.3,7.75,42.8,63.5,24.9,40.0,789403.8,493377.4,7894037.9,604.351401010565,377.71964477109174,6043.513933547696,42.800000000000004,
500,Company_500,Utilities,Middle East,2016,1419.0,9.3,1802.3,8.6,42.2,60.3,26.8,39.4,882807.0,551754.4,8828070.1,622.1331923890064,388.8332628611698,6221.331994362226,42.166666666666664,0.08635737253100584
500,Company_500,Utilities,Middle East,2017,1428.5,6.8,1306.5,0.7,42.2,61.6,27.4,37.7,878237.3,548898.3,8782373.1,614.7968498424922,384.24802240112007,6147.968568428421,42.233333333333334,0.006694855532064725
500,Company_500,Utilities,Middle East,2018,1395.4,6.8,1416.5,-2.3,44.2,61.8,30.2,40.4,856481.3,535300.8,8564813.0,613.7890927332664,383.6181740002867,6137.890927332664,44.13333333333333,-0.02317115855792784
500,Company_500,Utilities,Middle East,2019,1595.1,5.5,1244.7,14.3,47.3,66.7,31.2,44.0,935820.9,584888.1,9358209.4,586.6847846529998,366.6780139176227,5866.848097297976,47.300000000000004,0.14311308585351856
500,Company_500,Utilities,Middle East,2020,1820.3,5.5,1247.9,14.1,46.4,66.5,31.5,41.1,1069403.9,668377.4,10694038.6,587.4877218040982,367.17980552656155,5874.876998296984,46.36666666666667,0.14118237101122189
500,Company_500,Utilities,Middle East,2021,2100.2,7.9,2251.4,15.4,48.0,68.0,32.7,43.5,1216899.3,760562.1,12168993.0,579.4206742215027,362.13793924388153,5794.206742215028,48.06666666666666,0.15376586276987303
500,Company_500,Utilities,Middle East,2022,2286.3,8.8,2702.9,8.9,50.0,70.5,34.0,45.4,1292261.6,807663.5,12922616.4,565.2196124743034,353.26225779643966,5652.196299698202,49.96666666666667,0.08861060851347502
500,Company_500,Utilities,Middle East,2023,2301.1,5.9,1620.3,0.6,50.3,71.3,32.3,47.3,1289765.3,806103.3,12897653.1,560.4994567815393,350.31215505627745,5604.994611272869,50.29999999999999,0.006473341206315819
500,Company_500,Utilities,Middle East,2024,2333.7,6.7,1942.0,1.4,51.1,72.3,32.2,48.8,1295431.5,809644.7,12954315.1,555.0976989330248,346.93606718944164,5550.977032180657,51.1,0.01416713745599929
500,Company_500,Utilities,Middle East,2025,2495.0,8.0,2350.2,6.9,52.6,75.4,33.2,49.3,1342217.8,838886.1,13422177.7,537.9630460921844,336.22689378757514,5379.630340681362,52.63333333333333,0.06911771007413137
501,Company_501,Retail,Europe,2015,588.7,3.8,327.7,2.85,51.7,28.6,81.9,44.5,58864.7,29432.4,117729.4,99.99099711228129,49.99558348904365,199.98199422456258,51.666666666666664,
501,Company_501,Retail,Europe,2016,505.1,4.2,496.0,-14.2,50.1,26.5,84.6,39.1,51222.9,25611.4,102445.8,101.41140368243911,50.70560285092061,202.82280736487823,50.06666666666666,-0.1420078138270766
501,Company_501,Retail,Europe,2017,515.5,1.4,138.6,2.1,51.1,26.6,87.7,38.9,52272.6,26136.3,104545.2,101.40174587778856,50.70087293889428,202.8034917555771,51.06666666666667,0.020589982181746125
501,Company_501,Retail,Europe,2018,534.1,4.0,276.9,3.6,51.8,28.8,88.4,38.2,53316.3,26658.1,106632.6,99.82456468826062,49.91218872870248,199.64912937652124,51.800000000000004,0.0360814742967992
501,Company_501,Retail,Europe,2019,531.9,6.8,599.5,-0.4,50.6,30.8,86.4,34.5,52376.1,26188.0,104752.1,98.46982515510435,49.2348185749201,196.93946230494456,50.56666666666666,-0.00411907882419027
501,Company_501,Retail,Europe,2020,628.3,5.5,516.5,18.1,50.5,32.8,85.2,33.4,60959.1,30479.5,121918.1,97.02228234919625,48.51106159477957,194.0444055387554,50.46666666666667,0.1812370746380898
501,Company_501,Retail,Europe,2021,632.7,4.2,414.4,0.7,50.3,33.3,85.6,32.0,61194.3,30597.2,122388.6,96.71929824561403,48.35972814920183,193.43859649122805,50.29999999999999,0.007003024033105376
501,Company_501,Retail,Europe,2022,656.5,3.9,478.2,3.8,51.0,32.8,85.8,34.3,63683.1,31841.5,127366.1,97.0039603960396,48.501904036557505,194.00776846915463,50.96666666666666,0.03761656393235335
501,Company_501,Retail,Europe,2023,746.0,3.7,334.1,13.6,51.6,34.4,85.8,34.7,71549.6,35774.8,143099.1,95.91099195710457,47.955495978552285,191.82184986595175,51.633333333333326,0.13632901751713633
501,Company_501,Retail,Europe,2024,793.5,4.8,781.1,6.4,53.0,36.3,87.1,35.5,75068.2,37534.1,150136.5,94.60390674228103,47.30195337114051,189.20793950850663,52.96666666666666,0.06367292225201071
501,Company_501,Retail,Europe,2025,789.9,4.0,425.3,-0.5,54.2,37.8,89.5,35.5,73895.4,36947.7,147790.8,93.55032282567413,46.775161412837065,187.10064565134826,54.26666666666667,-0.004536862003780784
502,Company_502,Manufacturing,Asia,2015,207.8,0.5,19.5,6.95,34.2,24.1,26.8,51.7,64270.1,85693.5,1071168.2,309.28825794032724,412.38450433108756,5154.803657362849,34.2,
502,Company_502,Manufacturing,Asia,2016,225.2,5.6,271.5,8.4,32.7,22.4,27.0,48.7,70471.5,93962.0,1174524.6,312.9285079928952,417.2380106571936,5215.473357015986,32.699999999999996,0.08373435996150125
502,Company_502,Manufacturing,Asia,2017,257.1,0.6,34.4,14.1,33.0,23.5,27.9,47.7,79870.5,106494.0,1331174.4,310.659276546091,414.2123687281213,5177.652275379229,33.03333333333333,0.14165186500888116
502,Company_502,Manufacturing,Asia,2018,303.5,2.1,54.6,18.1,33.9,25.3,28.3,48.2,93173.6,124231.5,1552894.1,306.9970345963756,409.329489291598,5116.619769357496,33.93333333333334,0.18047452353169957
502,Company_502,Manufacturing,Asia,2019,309.7,3.1,134.0,2.0,35.9,27.6,30.3,49.9,93518.0,124690.6,1558633.0,301.9631901840491,402.6173716499839,5032.71876009041,35.93333333333334,0.020428336079077347
502,Company_502,Manufacturing,Asia,2020,326.8,2.5,151.3,5.5,37.7,31.1,30.2,51.8,96301.3,128401.8,1605022.2,294.6796205630355,392.906364749082,4911.328641370868,37.699999999999996,0.05521472392638049
502,Company_502,Manufacturing,Asia,2021,340.6,3.3,155.9,4.2,41.3,36.7,32.4,54.9,96338.2,128450.9,1605635.9,282.8485026423958,377.13123899001755,4714.139459776864,41.333333333333336,0.04222766217870255
502,Company_502,Manufacturing,Asia,2022,311.1,5.8,383.7,-8.7,42.8,37.2,35.1,56.0,87718.7,116958.3,1461978.8,281.96303439408547,375.9508196721311,4699.3854066216645,42.76666666666667,-0.08661186142102173
502,Company_502,Manufacturing,Asia,2023,337.6,7.6,275.8,8.5,42.3,36.4,34.0,56.7,95736.6,127648.8,1595609.6,283.57997630331755,378.10663507109,4726.331753554502,42.36666666666667,0.08518161362905818
502,Company_502,Manufacturing,Asia,2024,318.4,10.6,392.7,-5.7,43.2,39.8,33.9,56.0,88041.0,117388.0,1467350.4,276.5106783919598,368.6809045226131,4608.51256281407,43.23333333333333,-0.056872037914692086
502,Company_502,Manufacturing,Asia,2025,398.0,10.8,505.2,25.0,43.6,41.5,33.7,55.6,108569.3,144759.0,1809488.1,272.7871859296483,363.71608040201005,4546.452512562814,43.6,0.25
503,Company_503,Manufacturing,North America,2015,2648.5,19.3,7077.4,11.8,50.8,5.6,80.6,66.1,922106.2,1229475.0,15368437.5,348.16167642061544,464.21559373230133,5802.694921653766,50.76666666666666,
503,Company_503,Manufacturing,North America,2016,3164.0,19.6,7913.1,19.5,51.1,7.8,82.2,63.2,1086964.5,1449285.9,18116074.3,343.54124525916563,458.0549620733249,5725.687199747155,51.06666666666666,0.19463847460826877
503,Company_503,Manufacturing,North America,2017,3190.8,19.3,5750.1,0.8,51.8,9.7,83.7,62.1,1083468.2,1444624.2,18057802.5,339.5600476369562,452.7467092892064,5659.33386611508,51.833333333333336,0.008470290771175781
503,Company_503,Manufacturing,North America,2018,3295.3,18.1,11541.7,3.3,53.8,16.3,83.2,61.9,1073559.9,1431413.2,17892664.8,325.78517889114795,434.3802385215306,5429.752920826631,53.800000000000004,0.03275040742133628
503,Company_503,Manufacturing,North America,2019,3604.2,18.2,12347.4,9.4,53.7,15.1,81.9,64.1,1182916.0,1577221.3,19715266.0,328.20487209366854,437.60648687642197,5470.081016591755,53.699999999999996,0.0937395684763147
503,Company_503,Manufacturing,North America,2020,4273.3,15.7,5439.4,18.6,52.7,16.6,80.8,60.6,1389653.9,1852871.8,23160898.0,325.19455689981976,433.5927269323474,5419.909203659935,52.666666666666664,0.18564452583097513
503,Company_503,Manufacturing,North America,2021,4680.7,17.0,13185.1,9.5,52.2,18.6,80.6,57.4,1502595.5,2003460.6,25043257.9,321.01939880787063,428.025850834277,5350.323220885764,52.199999999999996,0.09533615706830778
503,Company_503,Manufacturing,North America,2022,5124.1,17.4,11309.4,9.5,52.9,18.9,83.5,56.4,1641772.7,2189030.2,27362877.5,320.40215842782146,427.2028648933471,5340.035811166838,52.93333333333334,0.09472942081312641
503,Company_503,Manufacturing,North America,2023,5856.2,16.8,19681.9,14.3,53.6,20.2,86.7,53.9,1859351.7,2479135.6,30989195.5,317.50140022540216,423.3352003005362,5291.6900891363,53.6,0.14287387053336187
503,Company_503,Manufacturing,North America,2024,6773.1,16.1,14688.3,15.7,53.7,19.7,88.1,53.4,2157538.6,2876718.2,35958977.2,318.54521563242827,424.72696401942983,5309.0870059500085,53.73333333333333,0.15656910624637144
503,Company_503,Manufacturing,North America,2025,7727.0,13.7,15421.0,14.1,54.8,23.1,89.4,51.7,2406765.8,3209021.0,40112762.6,311.4748026400932,415.2997282257021,5191.24661576291,54.73333333333333,0.14083654456600359
504,Company_504,Retail,Europe,2015,1688.7,0.4,140.7,14.7,59.8,46.4,85.8,47.1,147782.3,73891.2,295564.7,87.51246520992478,43.756262213537035,175.02498963699887,59.76666666666666,
504,Company_504,Retail,Europe,2016,1853.1,-0.3,6201.6,9.7,59.0,47.1,83.9,46.0,161271.6,80635.8,322543.3,87.02800712319898,43.51400356159949,174.05606821002644,59.0,0.0973529934268964
504,Company_504,Retail,Europe,2017,2270.0,-0.2,5261.1,22.5,60.3,47.4,87.5,45.9,197005.9,98502.9,394011.8,86.78674008810573,43.39334801762114,173.57348017621146,60.26666666666667,0.2249743672764557
504,Company_504,Retail,Europe,2018,2320.7,-3.3,4025.2,2.2,62.4,52.6,90.1,44.4,192962.8,96481.4,385925.6,83.14853277028483,41.574266385142415,166.29706554056966,62.36666666666667,0.022334801762114553
504,Company_504,Retail,Europe,2019,2636.1,-3.4,13041.5,13.6,62.7,54.3,93.1,40.9,216205.8,108102.9,432411.5,82.01729828155229,41.00864914077614,164.0345586282766,62.76666666666666,0.13590726935838338
504,Company_504,Retail,Europe,2020,3052.9,-2.8,4918.0,15.8,63.8,55.2,97.1,39.2,248374.2,124187.1,496748.4,81.35680828065118,40.67840414032559,162.71361656130236,63.833333333333336,0.15811236296043396
504,Company_504,Retail,Europe,2021,3700.1,-3.5,17567.2,21.2,64.4,57.0,97.2,39.1,296493.0,148246.5,592985.9,80.13107753844491,40.06553876922246,160.26212805059325,64.43333333333332,0.2119951521504142
504,Company_504,Retail,Europe,2022,4423.4,-2.0,13587.8,19.5,64.2,56.3,99.0,37.2,356411.6,178205.8,712823.2,80.57412849844012,40.28706424922006,161.14825699688024,64.16666666666667,0.19548120321072404
504,Company_504,Retail,Europe,2023,4924.1,0.4,402.0,11.3,65.5,57.9,99.4,39.3,391342.0,195671.0,782684.1,79.47482788732965,39.737413943664826,158.949676082939,65.53333333333335,0.11319347108559041
504,Company_504,Retail,Europe,2024,5287.6,0.7,545.5,7.4,66.7,62.2,100.0,38.0,404340.1,202170.0,808680.1,76.46949466676752,38.234737877297825,152.93897042136317,66.73333333333333,0.07382059665725715
504,Company_504,Retail,Europe,2025,6532.5,1.0,959.5,23.5,67.2,63.2,98.5,39.9,494836.2,247418.1,989672.4,75.74989667049368,37.87494833524684,151.49979334098737,67.2,0.23543762765716014
505,Company_505,Transportation,North America,2015,295.5,8.3,472.4,-3.3,67.7,29.0,84.4,89.7,176812.9,29468.8,589376.4,598.3516074450084,99.72521150592216,1994.5055837563452,67.7,
505,Company_505,Transportation,North America,2016,278.4,11.6,291.7,-5.8,68.2,29.9,84.6,90.0,165533.8,27589.0,551779.2,594.5897988505748,99.0984195402299,1981.9655172413793,68.16666666666667,-0.05786802030456861
505,Company_505,Transportation,North America,2017,306.6,13.8,627.5,10.1,69.7,33.3,84.8,91.0,177924.6,29654.1,593081.9,580.3150684931506,96.71917808219177,1934.383235485975,69.7,0.10129310344827602
505,Company_505,Transportation,North America,2018,314.1,17.7,1062.0,2.5,68.3,30.6,85.5,88.9,185737.9,30956.3,619126.2,591.3336517032792,98.55555555555554,1971.1117478510025,68.33333333333333,0.024461839530332652
505,Company_505,Transportation,North America,2019,295.7,17.3,957.7,-5.9,67.0,28.6,84.8,87.6,177332.9,29555.5,591109.6,599.7054447074738,99.95096381467704,1999.017923571187,67.0,-0.05858007004138821
505,Company_505,Transportation,North America,2020,280.6,19.6,1075.4,-5.1,66.2,28.8,81.9,87.9,168103.5,28017.3,560345.1,599.0858873841768,99.84782608695652,1996.953314326443,66.2,-0.05106526885356766
505,Company_505,Transportation,North America,2021,287.9,17.3,915.4,2.6,66.9,29.4,83.0,88.3,171778.8,28629.8,572596.0,596.6613407433136,99.44355679055228,1988.8711358110456,66.89999999999999,0.026015680684247977
505,Company_505,Transportation,North America,2022,272.3,17.4,658.4,-5.4,66.9,28.1,83.0,89.6,163926.2,27321.0,546420.6,602.0058758721998,100.33419023136247,2006.6860080793242,66.89999999999999,-0.0541854810698158
505,Company_505,Transportation,North America,2023,268.2,21.1,721.7,-1.5,70.7,31.0,86.6,94.6,158180.0,26363.3,527266.7,589.7837434750187,98.29716629381059,1965.9459358687545,70.73333333333333,-0.015056922511935467
505,Company_505,Transportation,North America,2024,272.0,22.1,960.6,1.4,71.7,32.0,85.0,98.0,159277.4,26546.2,530924.6,585.5786764705882,97.59632352941176,1951.9286764705882,71.66666666666667,0.014168530947054503
505,Company_505,Transportation,North America,2025,251.9,19.7,922.2,-7.4,72.7,32.6,85.5,100.0,146905.3,24484.2,489684.4,583.1889638745533,97.19809448193728,1943.9634775704644,72.7,-0.07389705882352937
506,Company_506,Retail,North America,2015,3689.7,5.9,4447.8,12.649999999999999,61.8,19.4,81.4,84.6,392745.3,196372.6,785490.5,106.44369460931783,53.22183375342169,212.88736211616123,61.800000000000004,
506,Company_506,Retail,North America,2016,4620.3,5.6,3321.1,25.2,62.8,21.6,81.2,85.7,484713.9,242356.9,969427.8,104.90961625868451,52.454797307534136,209.81923251736902,62.833333333333336,0.2522156272867715
506,Company_506,Retail,North America,2017,5307.6,8.5,4520.8,14.9,61.9,22.5,78.5,84.6,553287.9,276643.9,1106575.7,104.24446077323084,52.122220966161734,208.48890270555427,61.86666666666667,0.14875657424842537
506,Company_506,Retail,North America,2018,5231.9,10.8,6916.0,-1.4,62.6,24.8,80.7,82.4,536867.6,268433.8,1073735.1,102.61427015042337,51.30713507521168,205.22852118733158,62.63333333333333,-0.014262566885221317
506,Company_506,Retail,North America,2019,6378.6,11.6,14560.0,21.9,61.8,25.8,77.1,82.6,650150.4,325075.2,1300300.8,101.92681779700875,50.963408898504376,203.8536355940175,61.833333333333336,0.2191746784151074
506,Company_506,Retail,North America,2020,7151.5,13.2,14637.2,12.1,60.6,26.1,74.1,81.5,727758.4,363879.2,1455516.9,101.76304271831084,50.88152135915542,203.52609941970215,60.56666666666666,0.12117078982848906
506,Company_506,Retail,North America,2021,8097.7,14.3,15207.5,13.2,62.3,28.6,74.2,84.0,809370.9,404685.5,1618741.8,99.9507144003853,49.97536337478543,199.9014288007706,62.26666666666667,0.13230790743200727
506,Company_506,Retail,North America,2022,9371.2,14.1,23105.8,15.7,64.4,29.2,77.3,86.6,932929.0,466464.5,1865858.0,99.5527787263104,49.7763893631552,199.1055574526208,64.36666666666666,0.15726687824937957
506,Company_506,Retail,North America,2023,9257.4,17.2,36461.3,-1.2,66.4,31.4,80.5,87.2,907704.1,453852.0,1815408.2,98.05173158770282,49.02586039276687,196.10346317540564,66.36666666666667,-0.012143588868021249
506,Company_506,Retail,North America,2024,10163.8,20.0,29799.7,9.8,68.1,33.5,80.2,90.6,981669.5,490834.8,1963339.1,96.58488950982901,48.29244967433441,193.16978885849784,68.10000000000001,0.09791086050078857
506,Company_506,Retail,North America,2025,10284.8,19.9,34336.6,1.2,69.4,36.7,79.6,91.8,969853.6,484926.8,1939707.2,94.2997044181705,47.14985220908525,188.599408836341,69.36666666666666,0.011904996162852566
507,Company_507,Manufacturing,Europe,2015,593.9,3.5,271.9,5.15,69.1,89.8,91.6,25.7,101754.6,135672.9,1695910.8,171.3328843239603,228.44401414379524,2855.549419094124,69.03333333333332,
507,Company_507,Manufacturing,Europe,2016,554.1,6.4,571.7,-6.7,69.8,92.4,89.7,27.1,91901.1,122534.8,1531685.2,165.856524093124,221.1420321241653,2764.275762497744,69.73333333333333,-0.06701464893079634
507,Company_507,Manufacturing,Europe,2017,657.3,6.3,541.7,18.6,69.9,93.3,90.3,26.3,107873.1,143830.8,1797884.8,164.1154723870379,218.82062984938383,2735.2575688422335,69.96666666666667,0.186247969680563
507,Company_507,Manufacturing,Europe,2018,671.9,8.0,492.4,2.2,70.1,93.1,90.5,26.7,110445.0,147260.0,1840750.2,164.37713945527608,219.16951927370144,2739.619288584611,70.1,0.02221207972006689
507,Company_507,Manufacturing,Europe,2019,782.4,12.0,1782.6,16.5,70.3,94.8,90.2,25.8,125908.8,167878.4,2098480.1,160.92638036809817,214.5685071574642,2682.106467280164,70.26666666666667,0.1644589968745349
507,Company_507,Manufacturing,Europe,2020,742.5,12.6,951.1,-5.1,71.3,100.0,91.1,22.8,111368.6,148491.5,1856144.0,149.99138047138047,199.98855218855218,2499.857239057239,71.3,-0.050996932515337434
507,Company_507,Manufacturing,Europe,2021,793.4,13.8,1198.7,6.9,71.7,100.0,90.3,24.8,119003.5,158671.3,1983391.4,149.99180741114193,199.98903453491303,2499.863120746156,71.7,0.06855218855218848
507,Company_507,Manufacturing,Europe,2022,829.2,19.1,2233.7,4.5,72.7,100.0,91.2,26.9,124382.1,165842.9,2073035.7,150.00253256150506,200.0034973468403,2500.0430535455857,72.7,0.04512225863372832
507,Company_507,Manufacturing,Europe,2023,858.5,20.6,2618.2,3.5,72.4,98.2,91.1,27.9,131939.7,175919.6,2198995.3,153.6863133372161,204.91508444962145,2561.438905066977,72.4,0.035335262904003795
507,Company_507,Manufacturing,Europe,2024,908.7,20.0,2115.8,5.8,75.2,98.7,95.3,31.6,138761.5,185015.4,2312692.2,152.70331242434247,203.60448993067018,2545.0557939914165,75.2,0.058474082702387964
507,Company_507,Manufacturing,Europe,2025,1012.3,12.8,2230.7,11.4,75.6,99.3,94.3,33.2,153408.4,204544.5,2556806.3,151.54440383285586,202.05917218215944,2525.7397016694654,75.60000000000001,0.11400902388026846
508,Company_508,Utilities,Europe,2015,524.3,9.7,503.3,-2.05,48.2,16.0,50.0,78.7,456293.6,285183.5,4562935.6,870.2910547396529,543.9319092122831,8702.909784474537,48.23333333333333,
508,Company_508,Utilities,Europe,2016,468.1,9.2,596.5,-10.7,49.3,16.0,54.5,77.5,407473.5,254670.9,4074735.0,870.4838709677418,544.0523392437512,8704.838709677419,49.333333333333336,-0.10719053976730863
508,Company_508,Utilities,Europe,2017,458.2,8.6,573.7,-2.1,51.1,17.8,56.0,79.4,394137.9,246336.2,3941379.4,860.1874727193366,537.6171977302488,8601.875600174597,51.06666666666666,-0.02114932706686612
508,Company_508,Utilities,Europe,2018,395.7,9.5,363.4,-13.6,52.0,18.8,56.7,80.3,338197.2,211373.2,3381971.6,854.6808188021229,534.1753853929745,8546.807177154411,51.93333333333334,-0.1364033173286774
508,Company_508,Utilities,Europe,2019,351.4,8.6,403.0,-11.2,53.0,18.9,59.4,80.8,300245.8,187653.6,3002457.8,854.4274331246443,534.0170745589073,8544.273762094479,53.03333333333333,-0.11195350012635841
508,Company_508,Utilities,Europe,2020,319.2,11.3,532.4,-9.2,54.8,19.4,63.3,81.8,271850.9,169906.8,2718509.0,851.6632205513786,532.2894736842105,8516.632205513784,54.833333333333336,-0.09163346613545809
508,Company_508,Utilities,Europe,2021,348.6,8.7,268.1,9.2,56.2,19.3,66.0,83.4,296978.2,185611.4,2969781.8,851.916810097533,532.4480780263913,8519.167527251864,56.23333333333333,0.09210526315789491
508,Company_508,Utilities,Europe,2022,346.3,6.4,212.7,-0.7,57.7,21.1,68.1,84.0,291611.1,182256.9,2916110.8,842.0765232457406,526.297718740976,8420.764654923476,57.73333333333333,-0.006597819850831965
508,Company_508,Utilities,Europe,2023,339.6,6.6,265.3,-2.0,59.8,24.8,72.2,82.3,278779.9,174237.5,2787799.5,820.9066548881036,513.0668433451118,8209.068021201412,59.76666666666667,-0.01934738665896618
508,Company_508,Utilities,Europe,2024,368.4,7.2,248.5,8.5,59.3,24.6,72.1,81.1,302942.4,189339.0,3029423.5,822.3192182410424,513.9495114006515,8223.190825190011,59.26666666666666,0.08480565371024729
508,Company_508,Utilities,Europe,2025,367.8,5.1,187.7,-0.2,61.1,27.5,75.0,80.8,296497.4,185310.9,2964974.1,806.1375747688962,503.83605220228384,8061.376019575857,61.1,-0.0016286644951138962
509,Company_509,Technology,Europe,2015,8051.4,20.3,43801.3,12.8,67.3,98.7,71.1,32.1,204986.2,122991.7,409972.3,25.459696450306783,15.275815386144025,50.919380480413345,67.3,
509,Company_509,Technology,Europe,2016,9704.3,19.0,57871.1,20.5,68.3,100.0,72.3,32.6,242607.6,145564.5,485215.1,25.000010304710287,15.000000000000002,50.00001030471029,68.3,0.20529348933104807
509,Company_509,Technology,Europe,2017,10273.0,18.0,41563.1,5.9,66.6,100.0,69.9,29.9,256825.1,154095.0,513650.1,25.000009734254842,15.0,50.00000973425484,66.60000000000001,0.058602887379821444
509,Company_509,Technology,Europe,2018,11740.3,16.6,59872.8,14.3,65.3,98.2,69.9,27.7,300722.5,180433.5,601445.0,25.614549883733808,15.368729930240285,51.229099767467616,65.26666666666667,0.14283072130828378
509,Company_509,Technology,Europe,2019,13425.5,16.5,46669.4,14.4,66.8,100.0,72.4,27.8,335638.0,201382.8,671275.9,25.000037242560797,15.000022345536479,50.00006703660944,66.73333333333333,0.14353977325962708
509,Company_509,Technology,Europe,2020,16406.1,16.2,84986.0,22.2,66.9,100.0,73.6,27.2,410151.9,246091.2,820303.9,24.999963428237063,14.999981714118531,49.999932951767946,66.93333333333332,0.22201035343190179
509,Company_509,Technology,Europe,2021,18256.2,17.1,84237.2,11.3,66.8,99.9,72.4,28.0,456930.5,274158.3,913861.1,25.028784741622022,15.017270844973213,50.05757496083522,66.76666666666667,0.11276903103114111
509,Company_509,Technology,Europe,2022,19477.3,14.3,60654.6,6.7,67.6,100.0,74.0,28.8,486931.8,292159.1,973863.6,24.999964060727102,14.999979463272629,49.999928121454204,67.60000000000001,0.06688686583188175
509,Company_509,Technology,Europe,2023,21150.0,8.1,49501.2,8.6,68.0,100.0,73.8,30.2,528751.0,317250.6,1057502.0,25.000047281323877,15.000028368794325,50.00009456264775,68.0,0.08587945967870292
509,Company_509,Technology,Europe,2024,24444.1,9.0,63566.0,15.6,69.1,100.0,76.0,31.3,611102.4,366661.5,1222204.8,24.999995909033267,15.000000000000002,49.99999181806653,69.10000000000001,0.15574940898345147
509,Company_509,Technology,Europe,2025,24246.4,9.8,42150.8,-0.8,67.4,100.0,70.7,31.4,606160.2,363696.1,1212320.5,25.00000824864722,15.00000412432361,50.00002062161805,67.36666666666666,-0.008087841237762738
510,Company_510,Utilities,Middle East,2015,1163.8,9.9,1417.3,2.1,61.6,56.4,46.0,82.4,749576.6,468485.4,7495766.4,644.076817322564,402.5480323079567,6440.768516927307,61.6,
510,Company_510,Utilities,Middle East,2016,1037.5,10.5,1599.3,-10.8,63.3,54.2,47.9,87.9,681096.6,425685.4,6810966.1,656.4786506024096,410.2991807228916,6564.786602409638,63.333333333333336,-0.10852380134043649
510,Company_510,Utilities,Middle East,2017,1187.0,11.3,1972.8,14.4,65.6,55.8,49.1,91.9,768933.4,480583.4,7689334.1,647.7956192080876,404.87228306655436,6477.956276326874,65.60000000000001,0.14409638554216864
510,Company_510,Utilities,Middle East,2018,1171.0,9.2,1230.3,-1.4,64.6,56.0,48.5,89.3,756921.7,473076.0,7569216.8,646.3891545687446,403.9931682322801,6463.891374893254,64.60000000000001,-0.01347935973041281
510,Company_510,Utilities,Middle East,2019,1186.5,7.0,774.7,1.3,64.9,57.8,48.4,88.4,754919.7,471824.8,7549197.2,636.2576485461441,397.6610198061525,6362.576654024442,64.86666666666666,0.013236549957301502
510,Company_510,Utilities,Middle East,2020,1110.6,7.2,752.5,-6.4,64.0,58.3,44.0,89.7,703328.4,439580.3,7033284.1,633.2868719611022,395.80433999639837,6332.86880965244,64.0,-0.06396965865992421
510,Company_510,Utilities,Middle East,2021,1249.8,9.5,1321.9,12.5,65.6,61.2,46.7,89.0,771760.0,482350.0,7717600.2,617.5068010881741,385.94175068010884,6175.068170907345,65.63333333333334,0.12533765532144803
510,Company_510,Utilities,Middle East,2022,1247.9,9.9,1818.0,-0.2,66.1,64.5,46.7,87.1,747364.6,467102.8,7473645.6,598.8978283516307,374.31108261879956,5988.977962977802,66.10000000000001,-0.0015202432389180842
510,Company_510,Utilities,Middle East,2023,1319.0,9.2,1220.8,5.7,69.7,68.3,51.4,89.5,761942.3,476213.9,7619422.6,577.6666413949962,361.04162244124336,5776.666110689916,69.73333333333333,0.056975719208269826
510,Company_510,Utilities,Middle East,2024,1356.6,11.3,2276.0,2.9,70.4,67.2,52.8,91.1,791823.9,494890.0,7918239.4,583.6826625386998,364.8017101577473,5836.826920241781,70.36666666666666,0.028506444275966603
510,Company_510,Utilities,Middle East,2025,1478.6,8.9,1856.2,9.0,70.9,68.7,54.9,89.2,850330.2,531456.4,8503301.7,575.0914378466117,359.43216556201816,5750.914175571486,70.93333333333334,0.08993070912575551
511,Company_511,Healthcare,Europe,2015,2018.5,8.3,3122.6,5.699999999999999,77.4,70.8,94.8,66.5,142143.2,142143.2,284286.4,70.42021302947734,70.42021302947734,140.84042605895468,77.36666666666666,
511,Company_511,Healthcare,Europe,2016,2155.4,2.5,1313.0,6.8,77.1,71.3,93.4,66.6,151133.5,151133.5,302267.0,70.11853948223067,70.11853948223067,140.23707896446135,77.1,0.06782264057468423
511,Company_511,Healthcare,Europe,2017,2218.1,-1.4,7127.9,2.9,79.0,75.0,95.1,66.8,149735.1,149735.1,299470.1,67.50601866462289,67.50601866462289,135.0119922456156,78.96666666666665,0.02908972812471
511,Company_511,Healthcare,Europe,2018,2645.5,-1.5,11994.3,19.3,78.5,74.3,93.1,68.1,179909.7,179909.7,359819.4,68.00593460593461,68.00593460593461,136.01186921186923,78.49999999999999,0.19268743519228182
511,Company_511,Healthcare,Europe,2019,2700.0,0.8,401.8,2.1,79.2,78.0,95.2,64.3,176575.1,176575.1,353150.1,65.39818518518518,65.39818518518518,130.79633333333334,79.16666666666667,0.020601020601020537
511,Company_511,Healthcare,Europe,2020,2734.5,3.9,1264.8,1.3,79.7,78.5,95.8,64.7,177802.4,177802.4,355604.7,65.02190528432986,65.02190528432986,130.0437739989029,79.66666666666667,0.012777777777777777
511,Company_511,Healthcare,Europe,2021,2514.4,3.6,1533.1,-8.0,80.9,82.3,95.4,65.1,156864.5,156864.5,313729.1,62.38645402481705,62.38645402481705,124.7729478205536,80.93333333333332,-0.08049003474126892
511,Company_511,Healthcare,Europe,2022,2629.4,2.4,734.4,4.6,81.7,81.6,99.7,63.7,165375.0,165375.0,330750.1,62.894576709515476,62.894576709515476,125.78919145052102,81.66666666666667,0.04573655742920768
511,Company_511,Healthcare,Europe,2023,2958.3,3.9,2556.1,12.5,80.8,79.2,100.0,63.3,191026.8,191026.8,382053.6,64.57316702160024,64.57316702160024,129.14633404320048,80.83333333333333,0.12508557085266614
511,Company_511,Healthcare,Europe,2024,3373.7,8.1,4860.0,14.0,79.6,79.7,97.7,61.2,216635.2,216635.2,433270.3,64.21294128108606,64.21294128108606,128.42585292112517,79.53333333333335,0.14041848358854736
511,Company_511,Healthcare,Europe,2025,3630.3,7.6,4453.5,7.6,80.6,81.6,100.0,60.1,228280.3,228280.3,456560.6,62.88193813183483,62.88193813183483,125.76387626366966,80.56666666666666,0.07605892640128054
512,Company_512,Finance,Middle East,2015,8272.1,20.8,29426.8,2.8,43.6,97.6,27.7,5.6,85519.5,42759.8,213798.9,10.338305871544106,5.16915898018641,25.845782812103334,43.63333333333333,
512,Company_512,Finance,Middle East,2016,8360.7,17.6,17768.7,1.1,45.8,100.0,31.8,5.8,83607.2,41803.6,209018.1,10.000023921441983,5.000011960720991,25.000071764325952,45.866666666666674,0.0107107022400601
512,Company_512,Finance,Middle East,2017,8320.8,17.2,18731.8,-0.5,46.1,100.0,31.7,6.5,83208.5,41604.2,208021.2,10.000060090375927,5.0000240361503705,25.000144216902225,46.06666666666666,-0.004772327675912513
512,Company_512,Finance,Middle East,2018,8749.0,15.6,14694.5,5.1,45.2,99.8,30.8,4.9,87676.7,43838.4,219191.8,10.021339581666476,5.010675505772088,25.05335466910504,45.166666666666664,0.05146139794250559
512,Company_512,Finance,Middle East,2019,9163.8,17.4,13901.6,4.7,43.8,100.0,29.9,1.5,91638.3,45819.2,229095.8,10.00003273751064,5.000021825007093,25.000087300028373,43.800000000000004,0.04741113270087993
512,Company_512,Finance,Middle East,2020,8759.3,16.6,15466.9,-4.4,43.7,100.0,29.3,2.0,87592.7,43796.4,218981.8,9.99996575068784,4.999988583562614,24.999920084938296,43.76666666666667,-0.04414107684585
512,Company_512,Finance,Middle East,2021,7994.6,17.8,21577.8,-8.7,44.2,100.0,30.7,2.1,79946.1,39973.1,199865.3,10.000012508443199,5.0000125084431986,25.000037525329596,44.26666666666666,-0.08730149669494125
512,Company_512,Finance,Middle East,2022,7241.1,14.9,18382.3,-9.4,46.2,100.0,32.6,5.9,72411.4,36205.7,181028.4,10.000055240225931,5.000027620112966,25.000124290508346,46.166666666666664,-0.09425111950566634
512,Company_512,Finance,Middle East,2023,7932.3,17.9,20246.0,9.5,45.4,99.9,32.9,3.3,79424.1,39712.1,198560.3,10.012745357588594,5.0063789821363285,25.031869697313514,45.366666666666674,0.09545511041140164
512,Company_512,Finance,Middle East,2024,8529.6,17.5,15339.1,7.5,45.5,99.7,35.2,1.7,85691.8,42845.9,214229.5,10.046403113862315,5.023201556931157,25.116007784655785,45.53333333333333,0.07529972391361905
512,Company_512,Finance,Middle East,2025,8917.0,17.5,29917.2,4.5,44.2,98.0,33.5,1.0,91710.4,45855.2,229276.0,10.284894022653358,5.142447011326679,25.712235056633396,44.166666666666664,0.04541830800975433
513,Company_513,Healthcare,Europe,2015,1379.8,21.2,3956.1,4.95,53.2,36.2,61.9,61.4,130581.6,130581.6,261163.2,94.63806348746196,94.63806348746196,189.27612697492393,53.166666666666664,
513,Company_513,Healthcare,Europe,2016,1534.8,18.4,4571.8,11.2,52.8,38.8,59.4,60.1,142496.5,142496.5,284992.9,92.84369298931458,92.84369298931458,185.6873208235601,52.76666666666666,0.11233512103203358
513,Company_513,Healthcare,Europe,2017,1661.6,20.8,8468.8,8.3,52.2,37.0,61.1,58.3,156322.4,156322.4,312644.8,94.07944150216659,94.07944150216659,188.15888300433318,52.133333333333326,0.08261662757362509
513,Company_513,Healthcare,Europe,2018,1683.9,23.1,5729.2,1.3,51.9,37.8,61.7,56.2,157569.8,157569.8,315139.7,93.57432151552942,93.57432151552942,187.14870241700814,51.9,0.01342079922965822
513,Company_513,Healthcare,Europe,2019,1622.6,21.5,7347.3,-3.6,52.4,37.7,62.0,57.6,151914.8,151914.8,303829.7,93.62430666831011,93.62430666831011,187.2486749661038,52.43333333333334,-0.03640358691133694
513,Company_513,Healthcare,Europe,2020,1863.3,22.3,8175.9,14.8,52.6,37.7,60.5,59.7,174392.4,174392.4,348784.8,93.59330220576396,93.59330220576396,187.18660441152792,52.63333333333333,0.14834216689264146
513,Company_513,Healthcare,Europe,2021,1897.6,24.1,7197.6,1.8,52.7,37.0,61.2,60.0,178622.2,178622.2,357244.3,94.1305860033727,94.1305860033727,188.26111930860034,52.73333333333333,0.01840820050448122
513,Company_513,Healthcare,Europe,2022,2051.3,25.5,6467.2,8.1,54.8,38.6,63.2,62.4,190674.7,190674.7,381349.3,92.95310291034953,92.95310291034953,185.90615707112562,54.73333333333334,0.08099704890387871
513,Company_513,Healthcare,Europe,2023,2364.4,24.3,6897.4,15.3,57.7,42.6,67.0,63.5,213285.3,213285.3,426570.6,90.20694467941127,90.20694467941127,180.41388935882253,57.699999999999996,0.1526349144444985
513,Company_513,Healthcare,Europe,2024,2335.4,23.0,10966.1,-1.2,56.9,42.0,66.4,62.2,211533.5,211533.5,423067.0,90.57698895264194,90.57698895264194,181.15397790528388,56.866666666666674,-0.012265268144138086
513,Company_513,Healthcare,Europe,2025,2058.8,17.4,8493.3,-11.8,57.4,42.3,64.5,65.5,186142.4,186142.4,372284.7,90.41305614921312,90.41305614921312,180.82606372644258,57.43333333333334,-0.11843795495418341
514,Company_514,Energy,Latin America,2015,2359.3,10.0,4526.0,-0.04999999999999999,49.2,55.8,74.9,16.9,1909035.0,572710.5,19090349.9,809.1531386428177,242.74594159284533,8091.5313440427235,49.199999999999996,
514,Company_514,Energy,Latin America,2016,2227.4,15.0,6486.5,-5.6,46.7,53.0,72.1,15.0,1846304.3,553891.3,18463043.0,828.9055849869803,248.6716799856335,8289.055849869803,46.699999999999996,-0.05590641291908616
514,Company_514,Energy,Latin America,2017,2170.0,18.3,4759.0,-2.6,49.3,54.2,74.3,19.5,1781219.3,534365.8,17812193.2,820.8383870967742,246.2515207373272,8208.38396313364,49.333333333333336,-0.025769956002514194
514,Company_514,Energy,Latin America,2018,2337.8,16.9,4854.7,7.7,50.7,57.4,74.4,20.3,1866057.6,559817.3,18660576.1,798.2109675763538,239.4632988279579,7982.109718538797,50.70000000000001,0.07732718894009216
514,Company_514,Energy,Latin America,2019,2362.2,18.3,7579.4,1.0,50.8,58.5,73.5,20.3,1867149.8,560144.9,18671497.5,790.4283295233258,237.12848192363055,7904.283083566168,50.76666666666667,0.01043716314483678
514,Company_514,Energy,Latin America,2020,2396.8,20.7,4025.1,1.5,51.5,59.8,75.8,18.7,1872135.0,561640.5,18721350.1,781.0977136181575,234.32931408544724,7810.977177903872,51.43333333333333,0.014647362628058769
514,Company_514,Energy,Latin America,2021,2401.6,22.1,4692.4,0.2,51.0,60.4,75.1,17.4,1865775.8,559732.8,18657758.5,776.8886575616257,233.06662225183214,7768.8867838107935,50.96666666666667,0.0020026702269690944
514,Company_514,Energy,Latin America,2022,1955.4,21.5,3409.9,-18.6,49.6,59.2,74.3,15.3,1536750.3,461025.1,15367503.0,785.9007364222153,235.77022604070777,7859.007364222153,49.6,-0.18579280479680205
514,Company_514,Energy,Latin America,2023,2014.4,20.7,4337.1,3.0,52.7,59.8,78.0,20.2,1573731.0,472119.3,15737310.4,781.2405679110404,234.37217037331214,7812.405877680699,52.666666666666664,0.0301728546588933
514,Company_514,Energy,Latin America,2024,2007.9,16.4,4343.4,-0.3,52.3,57.3,79.3,20.2,1604167.8,481250.3,16041677.7,798.9281338712087,239.6784202400518,7989.281189302255,52.26666666666666,-0.0032267672756155497
514,Company_514,Energy,Latin America,2025,1992.8,8.7,2473.9,-0.8,52.8,57.9,81.2,19.3,1583337.3,475001.2,15833373.2,794.5289542352469,238.3586912886391,7945.289642713769,52.800000000000004,-0.007520294835400287
515,Company_515,Finance,Africa,2015,5094.2,17.3,16697.2,15.2,42.1,85.9,21.2,19.0,60962.3,30481.2,152405.8,11.967001688194419,5.98351065918103,29.917514035569862,42.03333333333334,
515,Company_515,Finance,Africa,2016,4854.5,13.8,9350.1,-4.7,42.8,88.4,21.6,18.4,56447.4,28223.7,141118.5,11.627850448037904,5.813925224018952,29.069626120094757,42.800000000000004,-0.047053511836991024
515,Company_515,Finance,Africa,2017,5480.6,12.9,8715.5,12.9,42.3,89.6,19.3,17.9,62755.9,31377.9,156889.7,11.450552859176002,5.725267306499289,28.626373024851294,42.26666666666666,0.12897311772582154
515,Company_515,Finance,Africa,2018,6383.8,12.0,12925.7,16.5,43.9,92.4,18.3,21.1,70594.2,35297.1,176485.5,11.058335160875966,5.529167580437983,27.645837902189918,43.93333333333334,0.16479947451009003
515,Company_515,Finance,Africa,2019,7542.7,8.2,12301.1,18.2,44.6,92.4,17.0,24.3,83480.0,41740.0,208700.0,11.067654818566297,5.533827409283148,27.66913704641574,44.56666666666667,0.1815376421567092
515,Company_515,Finance,Africa,2020,8714.9,9.7,12745.3,15.5,46.3,96.6,18.0,24.3,91299.3,45649.6,228248.2,10.476230364089089,5.238109444744059,26.19057017292224,46.300000000000004,0.1554085407082344
515,Company_515,Finance,Africa,2021,9373.1,9.5,9385.5,7.6,46.3,97.0,17.1,24.7,97696.1,48848.0,244240.2,10.423029734026096,5.2115095325986065,26.057569000650798,46.26666666666666,0.07552582358948468
515,Company_515,Finance,Africa,2022,11688.7,10.0,12879.6,24.7,46.6,99.9,14.5,25.4,116988.2,58494.1,292470.6,10.008657934586395,5.004328967293198,25.021653391737317,46.6,0.24704740160672567
515,Company_515,Finance,Africa,2023,14548.2,9.1,24430.6,24.5,46.9,100.0,13.7,27.0,145481.8,72740.9,363704.4,9.999986252594821,4.999993126297411,24.99995875778447,46.9,0.24463798369365275
515,Company_515,Finance,Africa,2024,16246.2,10.9,17596.9,11.7,47.5,99.5,14.0,29.1,163521.7,81760.9,408804.3,10.065227560906552,5.032616858096047,25.163071979909144,47.53333333333333,0.11671546995504589
515,Company_515,Finance,Africa,2025,18660.4,11.8,24990.6,14.9,46.6,97.4,12.6,29.7,193411.2,96705.6,483527.9,10.364793895093353,5.1823969475466765,25.91197937879145,46.56666666666666,0.14860090359591793
516,Company_516,Utilities,North America,2015,279.1,13.7,517.7,-2.65,33.4,18.3,12.6,69.4,239354.6,149596.6,2393546.1,857.5944106055177,535.9964170548191,8575.944464349695,33.43333333333334,
516,Company_516,Utilities,North America,2016,280.5,11.4,322.3,0.5,33.6,20.4,10.4,69.9,237149.6,148218.5,2371495.7,845.4531194295901,528.4081996434937,8454.530124777184,33.56666666666667,0.005016123253314131
516,Company_516,Utilities,North America,2017,264.1,12.4,336.8,-5.8,32.3,16.8,9.3,70.7,228708.0,142942.5,2287080.0,865.9901552442255,541.243847027641,8659.901552442256,32.26666666666667,-0.05846702317290542
516,Company_516,Utilities,North America,2018,237.1,11.5,301.9,-10.2,32.4,21.1,7.2,68.8,199570.1,124731.3,1995701.1,841.7127794179671,526.0704344158584,8417.128215942641,32.36666666666667,-0.10223400227186685
516,Company_516,Utilities,North America,2019,274.6,12.0,486.2,15.8,30.8,19.6,6.6,66.1,233481.3,145925.8,2334813.0,850.2596504005826,531.4122359796066,8502.596504005825,30.766666666666666,0.1581611134542389
516,Company_516,Utilities,North America,2020,297.1,11.2,382.0,8.2,30.7,20.2,6.8,65.0,251555.5,157222.2,2515555.3,846.703130259172,529.1894984853585,8467.032312352741,30.666666666666668,0.08193736343772762
516,Company_516,Utilities,North America,2021,326.9,12.6,397.3,10.0,35.1,22.8,12.3,70.2,272010.5,170006.5,2720104.8,832.0908534720098,520.0565922300398,8320.907922912205,35.1,0.10030292830696719
516,Company_516,Utilities,North America,2022,349.7,12.1,407.0,7.0,35.0,24.3,10.7,70.0,288149.3,180093.3,2881493.3,823.9899914212182,514.9937088933372,8239.900772090363,35.0,0.0697460997246866
516,Company_516,Utilities,North America,2023,297.3,12.2,420.5,-15.0,36.7,27.9,13.0,69.2,238888.4,149305.2,2388883.9,803.5264043054153,502.20383451059536,8035.263706693575,36.699999999999996,-0.14984272233342855
516,Company_516,Utilities,North America,2024,278.6,13.3,380.7,-6.3,36.6,27.8,15.9,66.3,224184.0,140115.0,2241839.9,804.6805455850681,502.92534099066756,8046.805096913136,36.666666666666664,-0.06289942818701644
516,Company_516,Utilities,North America,2025,252.9,12.7,435.9,-9.2,34.2,26.8,10.2,65.5,204796.1,127997.6,2047961.5,809.7908264136022,506.1194147884539,8097.910241202056,34.166666666666664,-0.09224694903086872
517,Company_517,Finance,Latin America,2015,2977.8,13.7,5252.3,1.35,49.0,99.2,39.2,8.7,30115.3,15057.6,75288.2,10.11327154274968,5.05661898045537,25.28316206595473,49.03333333333333,
517,Company_517,Finance,Latin America,2016,3171.1,14.1,4810.1,6.5,47.4,98.3,37.8,6.0,32453.6,16226.8,81134.0,10.234177414777207,5.1170887073886036,25.585443536943018,47.36666666666667,0.06491369467392016
517,Company_517,Finance,Latin America,2017,3238.2,18.0,7947.9,2.1,47.0,95.3,39.0,6.6,34497.9,17249.0,86244.9,10.653418565869929,5.326724723611884,26.633592736705577,46.96666666666667,0.021159849894358373
517,Company_517,Finance,Latin America,2018,3239.1,19.5,9234.5,0.0,47.9,97.4,37.8,8.5,33590.9,16795.4,83977.1,10.370442406841407,5.185205767034053,25.926059707943566,47.9,0.00027793218454696955
517,Company_517,Finance,Latin America,2019,3134.0,20.5,8569.6,-3.2,49.4,97.9,39.1,11.1,32252.3,16126.1,80630.7,10.291097638800254,5.145532865347798,25.72772814294831,49.36666666666667,-0.032447284739588134
517,Company_517,Finance,Latin America,2020,3001.5,22.3,9410.2,-4.2,48.9,97.0,41.2,8.5,31291.2,15645.6,78228.1,10.425187406296851,5.212593703148426,26.063001832417125,48.9,-0.042278238672622814
517,Company_517,Finance,Latin America,2021,2918.7,21.1,8908.2,-2.8,48.9,97.5,40.7,8.4,30214.2,15107.1,75535.5,10.351937506424093,5.175968753212047,25.879843766060233,48.86666666666667,-0.02758620689655178
517,Company_517,Finance,Latin America,2022,3041.4,22.8,10610.7,4.2,50.5,99.5,42.5,9.4,30626.8,15313.4,76567.0,10.069967777996975,5.034983888998488,25.174919444992437,50.46666666666667,0.04203926405591529
517,Company_517,Finance,Latin America,2023,3111.2,21.0,8690.4,2.3,51.2,100.0,40.9,12.7,31112.4,15556.2,77780.9,10.000128567755208,5.000064283877604,25.000289277449216,51.199999999999996,0.0229499572565266
517,Company_517,Finance,Latin America,2024,3129.9,21.5,12737.7,0.6,50.7,99.4,40.4,12.4,31578.8,15789.4,78947.1,10.089395827342726,5.044697913671363,25.22352151825937,50.73333333333334,0.006010542555927145
517,Company_517,Finance,Latin America,2025,3351.7,20.6,13244.7,7.1,50.7,100.0,40.7,11.3,33516.8,16758.4,83792.0,9.999940328788377,4.999970164394188,24.99985082197094,50.666666666666664,0.07086488386210421
518,Company_518,Utilities,Middle East,2015,440.3,6.0,320.6,-2.0999999999999996,55.5,81.3,50.4,34.9,222173.5,138858.4,2221734.7,504.5957301839655,315.3722461957756,5045.956620486033,55.53333333333333,
518,Company_518,Utilities,Middle East,2016,366.9,3.6,176.6,-16.7,55.7,80.5,52.7,33.8,186895.9,116809.9,1868958.6,509.3919324066503,318.36985554647043,5093.918233851186,55.666666666666664,-0.16670451964569621
518,Company_518,Utilities,Middle East,2017,365.2,4.4,165.8,-0.5,56.6,80.9,51.8,37.1,185084.8,115678.0,1850847.6,506.8039430449069,316.7524644030668,5068.038335158817,56.599999999999994,-0.004633415099482119
518,Company_518,Utilities,Middle East,2018,356.8,4.5,182.7,-2.3,56.7,83.5,51.8,34.7,175620.1,109762.6,1756201.4,492.2088004484305,307.63060538116594,4922.0891255605375,56.666666666666664,-0.02300109529025185
518,Company_518,Utilities,Middle East,2019,350.1,5.5,183.5,-1.9,55.2,84.9,48.1,32.5,169640.7,106025.4,1696406.6,484.54927163667526,302.8431876606683,4845.491573836047,55.166666666666664,-0.018778026905829526
518,Company_518,Utilities,Middle East,2020,398.1,6.3,315.3,13.7,56.4,88.9,49.7,30.5,184022.0,115013.7,1840219.9,462.2506907812107,288.9065561416729,4622.50665661894,56.366666666666674,0.13710368466152523
518,Company_518,Utilities,Middle East,2021,374.7,6.9,361.1,-5.9,57.3,90.9,49.1,32.0,169010.1,105631.3,1690100.8,451.0544435548439,281.9089938617561,4510.543901788097,57.333333333333336,-0.05877920120572733
518,Company_518,Utilities,Middle East,2022,353.6,6.4,203.9,-5.6,56.6,89.8,49.2,30.7,161621.2,101013.3,1616212.5,457.0735294117647,285.67109728506784,4570.7367081447965,56.56666666666666,-0.05631171603949814
518,Company_518,Utilities,Middle East,2023,335.2,6.8,200.5,-5.2,56.9,91.6,47.8,31.3,149890.8,93681.7,1498907.9,447.1682577565632,279.48001193317424,4471.682279236276,56.9,-0.05203619909502277
518,Company_518,Utilities,Middle East,2024,340.4,4.0,114.8,1.5,57.2,89.8,47.0,34.9,155603.0,97251.9,1556029.7,457.1180963572268,285.698883666275,4571.180082256169,57.23333333333334,0.015513126491646823
518,Company_518,Utilities,Middle East,2025,345.2,3.9,170.4,1.4,57.0,88.7,47.8,34.6,160005.5,100003.5,1600055.3,463.5153534183082,289.6972769409038,4635.154403244496,57.03333333333333,0.014101057579318566
519,Company_519,Retail,Middle East,2015,932.7,3.9,494.6,11.7,51.7,70.9,61.7,22.5,65611.1,32805.5,131222.1,70.34534148171974,35.17261713305457,140.6905757478289,51.70000000000001,
519,Company_519,Retail,Middle East,2016,1056.0,5.0,1312.5,13.2,51.9,70.0,60.9,24.8,74953.4,37476.7,149906.7,70.97859848484848,35.48929924242424,141.9571022727273,51.900000000000006,0.13219684786104846
519,Company_519,Retail,Middle East,2017,1128.8,4.3,1004.2,6.9,50.3,69.8,60.0,21.1,80281.9,40141.0,160563.8,71.12145641389085,35.560772501771794,142.2429128277817,50.300000000000004,0.06893939393939386
519,Company_519,Retail,Middle East,2018,1084.0,2.7,436.6,-4.0,49.2,70.0,58.3,19.2,76991.2,38495.6,153982.4,71.02509225092251,35.512546125461256,142.05018450184502,49.166666666666664,-0.03968816442239542
519,Company_519,Retail,Middle East,2019,1243.2,2.1,480.5,14.7,50.6,72.4,58.3,21.0,86156.2,43078.1,172312.3,69.30196267696267,34.65098133848134,138.6038449163449,50.56666666666666,0.14686346863468636
519,Company_519,Retail,Middle East,2020,1369.9,2.5,808.8,10.2,48.0,70.8,55.9,17.5,96483.1,48241.5,192966.1,70.43076136944302,35.21534418570698,140.86144974085698,48.06666666666666,0.1019144144144144
519,Company_519,Retail,Middle East,2021,1594.8,2.6,716.7,16.4,46.9,65.7,58.0,17.0,117984.8,58992.4,235969.6,73.98093804865815,36.99046902432907,147.9618760973163,46.9,0.16417256734068175
519,Company_519,Retail,Middle East,2022,1692.7,2.3,677.7,6.1,50.2,71.0,60.3,19.3,118953.8,59476.9,237907.6,70.27459089029361,35.137295445146805,140.54918178058722,50.20000000000001,0.06138700777526962
519,Company_519,Retail,Middle East,2023,2004.8,4.1,863.9,18.4,51.4,72.9,57.8,23.5,138301.5,69150.8,276603.0,68.9851855546688,34.492617717478055,137.9703711093376,51.4,0.18437998463992433
519,Company_519,Retail,Middle East,2024,2517.4,3.4,1564.4,25.6,53.7,73.1,61.1,27.0,173233.5,86616.7,346467.0,68.81445141812982,34.40720584730277,137.62890283625964,53.73333333333333,0.2556863527533919
519,Company_519,Retail,Middle East,2025,2704.7,5.2,3255.3,7.4,53.5,75.4,59.8,25.3,181834.3,90917.2,363668.7,67.2290087625245,33.61452286760085,134.45805449772618,53.5,0.0744021609597203
520,Company_520,Manufacturing,Latin America,2015,1571.2,20.9,3231.8,6.4,43.5,35.3,51.3,43.9,449141.6,598855.5,7485693.5,285.8589613034623,381.14530295315683,4764.316127800407,43.5,
520,Company_520,Manufacturing,Latin America,2016,1503.2,20.2,5128.5,-4.3,43.6,35.8,49.6,45.2,428038.7,570718.3,7133978.2,284.75166311868014,379.668906333156,4745.860963278339,43.53333333333334,-0.04327902240325865
520,Company_520,Manufacturing,Latin America,2017,1534.7,19.8,5466.0,2.1,45.2,36.7,52.6,46.2,434325.9,579101.2,7238765.1,283.0037792402424,377.3383723203232,4716.729719163354,45.166666666666664,0.020955295369877502
520,Company_520,Manufacturing,Latin America,2018,1576.4,18.1,5096.3,2.7,45.5,34.8,53.0,48.6,452346.6,603128.9,7539110.8,286.94912458766805,382.59889621923367,4782.485917279878,45.46666666666667,0.027171434156512797
520,Company_520,Manufacturing,Latin America,2019,1681.5,19.5,3189.1,6.7,48.0,38.1,53.6,52.3,470923.6,627898.2,7848727.5,280.0616116562593,373.41552185548613,4667.694023193577,48.0,0.06667089571174833
520,Company_520,Manufacturing,Latin America,2020,1823.6,24.4,5342.6,8.5,49.0,43.2,52.8,51.1,491197.6,654930.2,8186627.2,269.3559991226146,359.14136872121077,4489.266944505374,49.03333333333333,0.0845078798691643
520,Company_520,Manufacturing,Latin America,2021,2132.2,23.8,9950.5,16.9,50.1,44.6,50.9,54.8,568105.7,757474.2,9468427.8,266.4410937060313,355.2547603414314,4440.6846449676395,50.1,0.16922570739197185
520,Company_520,Manufacturing,Latin America,2022,1956.6,20.5,8368.8,-8.2,51.4,47.3,49.2,57.7,509917.4,679889.9,8498623.6,260.6140243279158,347.48538280690997,4343.5672084227745,51.4,-0.08235625175874683
520,Company_520,Manufacturing,Latin America,2023,2223.6,21.6,9707.8,13.6,52.3,48.9,51.9,56.2,572113.2,762817.6,9535219.6,257.2914193200216,343.0552257600288,4288.190142111891,52.333333333333336,0.13646120821833785
520,Company_520,Manufacturing,Latin America,2024,2358.6,21.5,10185.9,6.1,52.8,46.7,52.4,59.5,617892.5,823856.6,10298208.1,261.97426439413215,349.298990926821,4366.237640973459,52.86666666666667,0.06071235833783062
520,Company_520,Manufacturing,Latin America,2025,2636.6,23.3,9893.4,11.8,52.4,46.4,50.5,60.2,692295.5,923060.7,11538258.3,262.57130395205945,350.095084578624,4376.188386558447,52.366666666666674,0.11786653099296185
521,Company_521,Technology,Middle East,2015,4105.0,20.9,26487.0,9.7,69.0,91.8,72.6,42.7,114400.1,68640.1,228800.2,27.868477466504263,16.72109622411693,55.736954933008526,69.03333333333332,
521,Company_521,Technology,Middle East,2016,4800.1,25.3,36998.0,16.9,68.0,90.9,71.1,42.2,135338.8,81203.3,270677.7,28.19499593758463,16.917001729130643,56.39001270806858,68.06666666666666,0.16933008526187576
521,Company_521,Technology,Middle East,2017,5240.5,27.8,46774.7,9.2,68.7,91.9,72.2,42.1,145805.5,87483.3,291610.9,27.822822249785325,16.693693349871197,55.645625417422,68.73333333333333,0.09174808858148786
521,Company_521,Technology,Middle East,2018,5382.9,28.0,25786.9,2.7,68.8,92.4,71.1,42.8,148889.2,89333.5,297778.5,27.659663006929353,16.595794088688255,55.319344591205486,68.76666666666667,0.027172979677511533
521,Company_521,Technology,Middle East,2019,6382.0,30.6,67138.3,18.6,69.8,93.7,73.4,42.2,173612.4,104167.4,347224.8,27.203447195236603,16.32206204951426,54.406894390473205,69.76666666666667,0.18560627171227417
521,Company_521,Technology,Middle East,2020,7413.5,26.2,42284.4,16.2,71.5,97.8,72.1,44.8,191068.3,114641.0,382136.5,25.773022189249343,15.46381601133068,51.54603088959331,71.56666666666666,0.16162644938890636
521,Company_521,Technology,Middle East,2021,7298.3,22.8,54029.0,-1.6,72.4,98.0,70.3,48.9,187606.3,112563.8,375212.5,25.705479358206702,15.423290355288218,51.410945014592436,72.4,-0.015539218992378756
521,Company_521,Technology,Middle East,2022,7441.0,22.9,28866.5,2.0,73.3,99.4,72.0,48.7,187545.6,112527.4,375091.3,25.204354253460558,15.12261792769789,50.408721945975,73.36666666666667,0.01955249852705432
521,Company_521,Technology,Middle East,2023,8480.0,20.8,42171.9,14.0,72.8,98.9,74.0,45.6,215377.0,129226.2,430754.0,25.398231132075473,15.238938679245283,50.79646226415095,72.83333333333333,0.13963176992339732
521,Company_521,Technology,Middle East,2024,8754.6,18.7,35171.1,3.2,73.2,97.7,74.6,47.3,226052.0,135631.2,452103.9,25.82093984876522,15.492563909259133,51.64186827496402,73.2,0.032382075471698135
521,Company_521,Technology,Middle East,2025,9643.8,10.7,36132.3,10.2,74.8,100.0,77.0,47.2,241094.4,144656.7,482188.9,24.999937783861135,14.99996889193057,49.99988593707875,74.73333333333333,0.10156946062641348
522,Company_522,Transportation,Oceania,2015,203.9,-0.5,788.7,1.0,28.0,61.2,17.2,5.7,94443.8,15740.6,314812.8,463.1868563021089,77.19764590485532,1543.9568415890142,28.033333333333335,
522,Company_522,Transportation,Oceania,2016,209.1,-2.5,296.7,2.5,29.0,65.4,18.1,3.4,93117.4,15519.6,310391.2,445.324725011956,74.2209469153515,1484.415112386418,28.96666666666667,0.025502697400686447
522,Company_522,Transportation,Oceania,2017,225.0,-6.8,351.9,7.6,28.9,62.6,17.4,6.6,102810.7,17135.1,342702.3,456.9364444444444,76.15599999999999,1523.1213333333333,28.866666666666664,0.07604017216642767
522,Company_522,Transportation,Oceania,2018,256.6,-3.3,826.6,14.1,29.1,63.9,17.3,5.9,115848.1,19308.0,386160.2,451.47349961028834,75.24551831644582,1504.9111457521433,29.033333333333335,0.1404444444444446
522,Company_522,Transportation,Oceania,2019,255.3,-7.3,518.8,-0.5,29.0,66.2,13.7,7.2,112817.5,18802.9,376058.4,441.90168429298865,73.65021543282413,1473.005875440658,29.033333333333335,-0.005066250974279041
522,Company_522,Transportation,Oceania,2020,238.6,-9.2,264.1,-6.5,31.9,69.5,15.5,10.8,102139.3,17023.2,340464.3,428.0775356244761,71.34618608549874,1426.9249790444258,31.933333333333334,-0.06541323932628285
522,Company_522,Transportation,Oceania,2021,262.6,-13.2,585.7,10.1,31.5,67.6,17.0,10.0,114581.7,19096.9,381938.8,436.3354912414318,72.72239146991622,1454.4508758568163,31.53333333333333,0.10058675607711653
522,Company_522,Transportation,Oceania,2022,258.4,-15.8,909.9,-1.6,32.3,65.3,20.7,11.0,115230.0,19205.0,384099.9,445.93653250773997,74.32275541795666,1486.4547213622293,32.333333333333336,-0.01599390708301618
522,Company_522,Transportation,Oceania,2023,257.2,-11.9,1070.1,-0.5,33.7,68.8,23.2,9.1,110903.6,18483.9,369678.7,431.19595645412136,71.86586314152412,1437.3199844479007,33.699999999999996,-0.004643962848297156
522,Company_522,Transportation,Oceania,2024,252.0,-10.6,1211.3,-2.0,34.6,72.3,21.8,9.7,104924.0,17487.3,349746.8,416.36507936507934,69.39404761904761,1387.8841269841269,34.6,-0.02021772939346811
522,Company_522,Transportation,Oceania,2025,298.0,-11.6,463.2,18.3,33.8,72.0,18.9,10.5,124456.7,20742.8,414855.5,417.63993288590603,69.60671140939597,1392.1325503355704,33.800000000000004,0.18253968253968256
523,Company_523,Consumer Goods,North America,2015,969.9,10.8,1817.6,5.45,42.4,28.4,46.7,52.0,194209.6,242761.9,971047.8,200.23672543561193,250.29580369110218,1001.1834209712342,42.36666666666667,
523,Company_523,Consumer Goods,North America,2016,946.7,11.5,1886.5,-2.4,42.3,29.2,44.8,52.7,188530.5,235663.1,942652.4,199.14492447449032,248.93112918559206,995.7245167423682,42.233333333333334,-0.023919991751726877
523,Company_523,Consumer Goods,North America,2017,964.2,13.1,1972.7,1.8,43.1,29.2,45.2,54.9,191992.0,239990.0,959959.9,199.12051441609623,248.9006430201203,995.6024683675586,43.1,0.018485264603359086
523,Company_523,Consumer Goods,North America,2018,999.4,14.7,2460.8,3.6,42.5,27.5,47.2,52.9,201371.3,251714.1,1006856.4,201.4921953171903,251.8652191314789,1007.4608765259156,42.53333333333333,0.03650694876581606
523,Company_523,Consumer Goods,North America,2019,1147.7,13.8,1770.9,14.8,43.2,28.5,49.1,52.2,229708.4,287135.4,1148541.8,200.14672823908685,250.1833231680753,1000.7334669338677,43.26666666666667,0.14838903342005216
523,Company_523,Consumer Goods,North America,2020,1299.3,14.4,4415.9,13.2,41.8,26.6,46.8,52.1,263530.3,329412.8,1317651.4,202.82482875394442,253.53097821904103,1014.1240668052028,41.833333333333336,0.13209026749150476
523,Company_523,Consumer Goods,North America,2021,1516.8,14.5,3590.1,16.7,42.6,29.9,46.0,51.9,300603.7,375754.6,1503018.5,198.18281909282703,247.72850738396625,990.914095464135,42.6,0.16739782960055405
523,Company_523,Consumer Goods,North America,2022,1386.6,15.1,2868.7,-8.6,43.0,30.1,44.2,54.8,274334.7,342918.3,1371673.3,197.84703591518826,247.3087408048464,989.2350353382375,43.03333333333334,-0.08583860759493678
523,Company_523,Consumer Goods,North America,2023,1510.0,15.7,4415.5,8.9,44.6,31.7,46.5,55.6,295455.6,369319.5,1477277.8,195.66596026490063,244.58245033112584,978.3296688741722,44.6,0.08899466320496185
523,Company_523,Consumer Goods,North America,2024,1531.0,14.8,2545.1,1.4,46.6,32.1,48.8,58.9,298693.1,373366.3,1493465.3,195.0967341606793,243.8708687132593,975.4835401698236,46.6,0.013907284768212014
523,Company_523,Consumer Goods,North America,2025,1642.3,16.7,4061.3,7.3,48.4,32.4,51.0,61.8,319603.9,399504.9,1598019.5,194.60750167448094,243.2593923156549,973.0375083724045,48.4,0.07269758327890274
524,Company_524,Transportation,Middle East,2015,1779.9,8.3,1708.8,8.149999999999999,41.4,12.0,45.7,66.5,1192174.7,198695.8,3973915.6,669.7986965559862,111.63312545648631,2232.662284398,41.4,
524,Company_524,Transportation,Middle East,2016,1928.6,12.6,2025.1,8.4,40.7,11.0,46.9,64.3,1299235.4,216539.2,4330784.8,673.6676345535622,112.27792180856581,2245.5588509799854,40.73333333333333,0.08354401932692834
524,Company_524,Transportation,Middle East,2017,2061.7,12.4,4624.0,6.9,42.0,12.5,47.1,66.4,1376343.5,229390.6,4587811.8,667.5769995634671,111.26284134452152,2225.2567298831063,42.0,0.06901379238826078
524,Company_524,Transportation,Middle East,2018,1920.8,8.1,2668.4,-6.8,39.9,9.5,47.8,62.5,1306524.3,217754.1,4355081.0,680.1979904206581,113.36635776759684,2267.326634735527,39.93333333333333,-0.06834165979531448
524,Company_524,Transportation,Middle East,2019,2140.6,6.3,1961.3,11.4,40.1,8.8,46.5,65.1,1462516.9,243752.8,4875056.3,683.227553022517,113.87125105110717,2277.4251611697655,40.13333333333333,0.11443148688046656
524,Company_524,Transportation,Middle East,2020,2089.6,9.3,2884.1,-2.4,41.2,10.5,46.3,66.8,1412646.3,235441.1,4708821.0,676.0367055895866,112.6728081929556,2253.455685298622,41.199999999999996,-0.02382509576754177
524,Company_524,Transportation,Middle East,2021,2257.8,10.4,3055.5,8.1,38.9,6.6,43.8,66.2,1563332.2,260555.4,5211107.4,692.4139427761537,115.40233855965984,2308.046505447781,38.86666666666667,0.08049387442572753
524,Company_524,Transportation,Middle East,2022,2482.6,10.4,2971.8,10.0,39.3,6.2,45.0,66.8,1723303.9,287217.3,5744346.5,694.1528639329734,115.69213727543705,2313.842946910497,39.333333333333336,0.09956594915404371
524,Company_524,Transportation,Middle East,2023,2686.6,10.7,4811.0,8.2,40.5,7.9,44.9,68.7,1845390.3,307565.1,6151301.0,686.8868830492072,114.4811657857515,2289.6229434973575,40.5,0.08217191653911216
524,Company_524,Transportation,Middle East,2024,2956.2,12.6,5696.1,10.0,41.6,7.7,45.8,71.2,2033365.8,338894.3,6777886.0,687.8309316013803,114.63848860023003,2292.769772004601,41.56666666666667,0.10034988461252148
524,Company_524,Transportation,Middle East,2025,2616.6,9.9,3957.5,-11.5,42.9,9.1,48.7,70.9,1783740.4,297290.1,5945801.2,681.7015974929297,113.61694565466635,2272.3386073530537,42.900000000000006,-0.11487720722549222
525,Company_525,Utilities,North America,2015,591.6,9.5,630.1,2.9,47.4,48.0,37.5,56.8,408867.2,255542.0,4088671.6,691.1210277214334,431.95064232589584,6911.209601081812,47.43333333333334,
525,Company_525,Utilities,North America,2016,608.2,10.5,520.1,2.8,48.5,51.7,35.9,57.9,407704.8,254815.5,4077047.7,670.3465965143045,418.9666228214403,6703.4654718842485,48.5,0.028059499661933884
525,Company_525,Utilities,North America,2017,565.6,10.5,526.2,-7.0,49.0,54.3,33.4,59.2,371100.9,231938.1,3711009.2,656.1189886845827,410.0744342291372,6561.190240452616,48.96666666666666,-0.07004274909569219
525,Company_525,Utilities,North America,2018,573.7,8.2,488.3,1.4,47.9,52.3,33.8,57.6,382827.6,239267.3,3828276.4,667.2957991981871,417.0599616524315,6672.958689210388,47.9,0.014321074964639413
525,Company_525,Utilities,North America,2019,594.7,8.6,752.4,3.7,50.5,54.4,36.9,60.2,389866.0,243666.3,3898660.2,655.5675130317807,409.7297797208676,6555.675466621826,50.5,0.03660449712393232
525,Company_525,Utilities,North America,2020,599.1,7.5,576.0,0.7,51.8,56.4,41.3,57.9,386049.1,241280.7,3860491.2,644.38173927558,402.7386079118678,6443.817726589885,51.86666666666667,0.007398688414326449
525,Company_525,Utilities,North America,2021,616.9,8.6,776.7,3.0,52.4,56.6,42.8,57.9,396599.3,247874.5,3965992.5,642.8907440427946,401.80661371373,6428.906629923813,52.43333333333334,0.02971123351694205
525,Company_525,Utilities,North America,2022,712.9,7.6,524.3,15.6,52.6,58.6,43.9,55.3,450282.0,281426.2,4502819.9,631.6201430775706,394.7625192874176,6316.201290503578,52.6,0.15561679364564762
525,Company_525,Utilities,North America,2023,766.7,6.7,536.2,7.5,52.7,60.5,44.6,52.9,476403.3,297752.0,4764032.6,621.3685926698838,388.35528890048255,6213.685404982391,52.666666666666664,0.07546640482536127
525,Company_525,Utilities,North America,2024,807.0,5.7,432.1,5.3,54.6,58.6,47.5,57.6,509871.6,318669.7,5098715.5,631.8111524163569,394.8819083023544,6318.1109045848825,54.56666666666666,0.0525629320464327
525,Company_525,Utilities,North America,2025,713.5,4.6,362.8,-11.6,54.9,57.7,46.5,60.4,454498.2,284061.4,4544981.7,636.9981779957953,398.12389628591455,6369.981359495445,54.86666666666667,-0.11586121437422547
526,Company_526,Utilities,Asia,2015,312.2,11.6,460.2,-5.1,29.7,37.7,27.1,24.1,233738.5,146086.5,2337384.5,748.681934657271,467.9260089686099,7486.817745035234,29.633333333333336,
526,Company_526,Utilities,Asia,2016,295.4,12.2,402.3,-5.4,32.8,39.5,27.2,31.6,218335.7,136459.8,2183356.6,739.1188219363576,461.949221394719,7391.186865267435,32.76666666666667,-0.053811659192825156
526,Company_526,Utilities,Asia,2017,300.1,11.5,513.6,1.6,32.3,37.5,28.4,30.9,225054.0,140658.7,2250539.7,749.9300233255581,468.70609796734425,7499.299233588804,32.26666666666667,0.015910629654705577
526,Company_526,Utilities,Asia,2018,282.9,9.1,282.6,-5.7,33.2,40.5,28.2,30.9,207436.1,129647.5,2074360.6,733.2488511841641,458.28031106398026,7332.487097914458,33.199999999999996,-0.05731422859046997
526,Company_526,Utilities,Asia,2019,293.3,8.8,340.5,3.7,32.7,38.3,29.5,30.4,218639.6,136649.7,2186396.0,745.4469826116604,465.9041936583703,7454.469826116604,32.73333333333333,0.03676210675150249
526,Company_526,Utilities,Asia,2020,260.9,8.8,293.0,-11.0,34.9,42.1,33.0,29.5,188924.3,118077.7,1889242.7,724.1253353775393,452.57838252203913,7241.252203909545,34.86666666666667,-0.11046709853392445
526,Company_526,Utilities,Asia,2021,270.1,9.8,311.3,3.5,36.7,43.8,36.3,29.8,193056.1,120660.0,1930560.5,714.7578674564976,446.72343576453164,7147.576823398741,36.63333333333333,0.03526255270218481
526,Company_526,Utilities,Asia,2022,257.2,8.5,304.2,-4.8,37.7,47.3,36.8,29.1,178810.9,111756.8,1788108.6,695.2212286158632,434.51321928460345,6952.210730948679,37.73333333333333,-0.04776008885597938
526,Company_526,Utilities,Asia,2023,222.7,7.9,250.8,-13.4,39.4,49.0,37.0,32.1,152662.3,95413.9,1526623.2,685.5065110013471,428.4414009878761,6855.066008082623,39.36666666666667,-0.1341368584758943
526,Company_526,Utilities,Asia,2024,227.0,10.3,327.9,1.9,40.5,50.6,37.5,33.4,153521.6,95951.0,1535216.4,676.3066079295154,422.6916299559471,6763.067841409691,40.5,0.01930848675348007
526,Company_526,Utilities,Asia,2025,208.3,9.2,209.1,-8.2,40.4,50.4,37.1,33.6,141115.4,88197.1,1411154.0,677.4623139702352,423.41382621219395,6774.623139702352,40.36666666666667,-0.08237885462555061
527,Company_527,Retail,Asia,2015,713.6,9.3,882.1,4.0,31.9,26.7,51.9,17.2,72313.1,36156.5,144626.2,101.33562219730942,50.667741031390136,202.67124439461884,31.933333333333334,
527,Company_527,Retail,Asia,2016,778.9,9.4,963.6,9.2,32.3,25.4,54.9,16.5,79611.4,39805.7,159222.9,102.21003979971755,51.105019899858775,204.42020798562075,32.266666666666666,0.09150784753363217
527,Company_527,Retail,Asia,2017,841.8,8.6,1447.7,8.1,31.2,26.7,52.4,14.5,85276.9,42638.4,170553.8,101.30304110239962,50.651461154668574,202.60608220479924,31.2,0.08075491077160102
527,Company_527,Retail,Asia,2018,898.2,8.7,1595.6,6.7,30.6,25.4,51.4,14.9,91826.0,45913.0,183651.9,102.23335560008906,51.11667780004453,204.46659986639946,30.566666666666666,0.06699928724162518
527,Company_527,Retail,Asia,2019,939.0,9.4,1706.5,4.5,31.2,24.0,55.2,14.3,96879.8,48439.9,193759.6,103.17337593184239,51.58668796592119,206.34675186368477,31.166666666666668,0.045424181696726684
527,Company_527,Retail,Asia,2020,1088.6,9.9,1995.8,15.9,32.8,26.3,56.8,15.3,110599.9,55300.0,221199.8,101.59829138342826,50.79919162226714,203.19658276685652,32.8,0.15931842385516504
527,Company_527,Retail,Asia,2021,1070.9,9.8,2068.2,-1.6,33.4,27.8,54.6,17.9,107702.1,53851.0,215404.2,100.57157531048651,50.285740965543,201.14315062097302,33.43333333333334,-0.016259415763365648
527,Company_527,Retail,Asia,2022,912.9,9.8,940.2,-14.7,34.0,30.3,51.6,20.1,90205.4,45102.7,180410.8,98.8119180633147,49.40595903165735,197.6238361266294,34.0,-0.1475394527967131
527,Company_527,Retail,Asia,2023,925.2,12.1,2357.5,1.3,34.7,30.8,53.5,19.9,91089.8,45544.9,182179.6,98.45417207090358,49.22708603545179,196.90834414180716,34.73333333333333,0.013473545842918266
527,Company_527,Retail,Asia,2024,957.9,12.9,1323.4,3.5,34.0,29.3,53.4,19.3,95277.9,47639.0,190555.8,99.46539304729095,49.732748721160874,198.9307860945819,34.0,0.03534370946822296
527,Company_527,Retail,Asia,2025,961.2,13.0,2151.6,0.3,35.0,27.7,57.3,20.1,96702.7,48351.4,193405.4,100.60622138992925,50.30316271327507,201.2124427798585,35.03333333333333,0.003445036016285652
528,Company_528,Utilities,Oceania,2015,633.3,10.0,857.5,-0.35,56.1,41.2,57.2,69.7,461709.4,288568.4,4617093.8,729.0532133270173,455.6582978051477,7290.531817464077,56.03333333333334,
528,Company_528,Utilities,Oceania,2016,545.4,8.0,643.7,-13.9,56.0,39.8,57.5,70.7,402106.4,251316.5,4021064.3,737.2687935460214,460.79299596626333,7372.688485515218,56.0,-0.13879677877783037
528,Company_528,Utilities,Oceania,2017,534.2,4.9,334.8,-2.0,56.4,43.3,57.0,68.8,383397.2,239623.2,3833971.7,717.7034818420067,448.56458255335076,7177.034256832647,56.36666666666667,-0.02053538687202039
528,Company_528,Utilities,Oceania,2018,597.2,4.2,365.5,11.8,56.2,41.8,60.5,66.2,433431.7,270894.8,4334317.1,725.7731078365706,453.60817146684525,7257.731245813797,56.166666666666664,0.11793335829277418
528,Company_528,Utilities,Oceania,2019,658.7,1.5,89.7,10.3,59.1,46.5,61.0,69.8,460951.0,288094.4,4609510.4,699.7889782905723,437.3681493851526,6997.890390162442,59.1,0.10298057602143329
528,Company_528,Utilities,Oceania,2020,667.0,1.4,135.1,1.3,59.8,48.4,61.6,69.4,459623.2,287264.5,4596232.2,689.0902548725637,430.6814092953523,6890.902848575713,59.800000000000004,0.01260057689388172
528,Company_528,Utilities,Oceania,2021,638.3,3.2,289.9,-4.3,61.2,48.7,61.7,73.2,438530.4,274081.5,4385304.2,687.0286699044337,429.3929186902711,6870.287012376626,61.20000000000001,-0.04302848575712148
528,Company_528,Utilities,Oceania,2022,683.0,0.4,34.3,7.0,62.6,50.6,61.4,75.9,462052.7,288782.9,4620527.0,676.5046852122987,422.8153733528551,6765.046852122987,62.63333333333333,0.07002976656744475
528,Company_528,Utilities,Oceania,2023,785.3,-0.8,2565.2,15.0,63.0,53.2,60.5,75.3,519918.0,324948.7,5199179.6,662.062905895836,413.78925251496247,6620.6285495988795,63.0,0.1497803806734992
528,Company_528,Utilities,Oceania,2024,712.3,0.3,31.7,-9.3,65.0,58.1,61.3,75.5,452205.1,282628.2,4522050.9,634.8520286396182,396.782535448547,6348.520146005897,64.96666666666667,-0.09295810518273273
528,Company_528,Utilities,Oceania,2025,684.7,1.3,70.8,-3.9,65.3,59.7,58.2,77.9,428216.8,267635.5,4282167.7,625.4079158755659,390.87994742222867,6254.078720607566,65.26666666666667,-0.038747718657868746
529,Company_529,Finance,Asia,2015,11280.9,15.3,33810.3,7.6000000000000005,47.2,87.3,34.5,19.9,132838.6,66419.3,332096.4,11.77553209407051,5.887766047035255,29.438821370635324,47.23333333333333,
529,Company_529,Finance,Asia,2016,12440.2,11.8,24747.7,10.3,48.4,86.4,36.4,22.3,148114.4,74057.2,370286.0,11.90611083423096,5.95305541711548,29.765277085577402,48.366666666666674,0.10276662323041608
529,Company_529,Finance,Asia,2017,13870.0,12.4,28389.0,11.5,49.5,87.7,39.2,21.6,162531.6,81265.8,406328.9,11.718211968276856,5.859105984138428,29.295522710886807,49.5,0.11493384350733904
529,Company_529,Finance,Asia,2018,15019.0,15.9,29175.8,8.3,49.9,88.8,41.4,19.7,173787.9,86894.0,434469.8,11.571203142685931,5.785604900459418,28.92801118583128,49.96666666666666,0.08284066330209083
529,Company_529,Finance,Asia,2019,17584.6,14.6,45385.4,17.1,51.2,92.1,42.5,19.0,195341.9,97671.0,488354.8,11.108691696143216,5.554348691468672,27.771732083755104,51.199999999999996,0.17082362341034685
529,Company_529,Finance,Asia,2020,20706.6,14.1,42024.9,17.8,51.3,92.9,40.8,20.1,227530.7,113765.3,568826.7,10.98831773444216,5.494156452532043,27.47079192141636,51.26666666666666,0.17754171263491925
529,Company_529,Finance,Asia,2021,21165.3,12.9,41645.6,2.2,52.1,96.4,39.5,20.3,222239.6,111119.8,555598.9,10.500186626223112,5.250093313111556,26.25046184084327,52.06666666666667,0.022152357219437313
529,Company_529,Finance,Asia,2022,20991.1,14.0,39550.8,-0.8,53.0,98.2,40.4,20.5,215180.5,107590.3,537951.3,10.251034962436462,5.12551986318011,25.627589788053037,53.03333333333333,-0.008230452674897193
529,Company_529,Finance,Asia,2023,20659.7,16.6,65291.4,-1.6,53.9,100.0,41.8,19.8,206596.5,103298.3,516491.3,9.999975798293296,4.999990319317318,24.999941915903907,53.866666666666674,-0.015787643334555956
529,Company_529,Finance,Asia,2024,22080.8,13.1,44175.7,6.9,53.5,99.7,40.4,20.5,221800.9,110900.4,554502.2,10.044966667874352,5.022481069526466,25.11241440527517,53.53333333333333,0.06878609079512277
529,Company_529,Finance,Asia,2025,20080.1,14.9,26449.0,-9.1,54.0,100.0,42.7,19.4,200800.6,100400.3,502001.4,9.99998007978048,4.99999003989024,24.99994521939632,54.03333333333333,-0.0906081301402123
530,Company_530,Manufacturing,Asia,2015,455.2,4.5,178.7,10.25,33.4,15.5,18.9,65.9,149100.6,198800.9,2485010.8,327.5496485061512,436.73308435852374,5459.162565905096,33.43333333333334,
530,Company_530,Manufacturing,Asia,2016,512.8,9.9,1092.9,12.6,32.6,17.9,18.2,61.7,165333.0,220444.0,2755549.6,322.4122464898596,429.88299531981284,5373.536661466459,32.6,0.12653778558875217
530,Company_530,Manufacturing,Asia,2017,610.8,9.8,780.4,19.1,33.4,18.7,22.5,59.0,195920.8,261227.7,3265346.8,320.76096922069416,427.68123772102166,5346.016371971185,33.4,0.1911076443057722
530,Company_530,Manufacturing,Asia,2018,734.0,8.5,1343.3,20.2,33.1,21.5,21.9,55.9,231175.5,308233.9,3852924.2,314.9529972752044,419.9371934604905,5249.21553133515,33.1,0.20170268500327437
530,Company_530,Manufacturing,Asia,2019,750.4,11.2,1056.8,2.2,31.4,20.8,17.6,56.0,237434.6,316579.5,3957243.6,316.4107142857143,421.88099680170575,5273.512260127932,31.46666666666667,0.022343324250681196
530,Company_530,Manufacturing,Asia,2020,857.9,11.8,1232.6,14.3,33.7,21.0,19.1,60.9,271032.3,361376.4,4517204.8,315.9252826669775,421.2337102226367,5265.421144655555,33.666666666666664,0.14325692963752656
530,Company_530,Manufacturing,Asia,2021,907.2,11.1,1665.2,5.7,34.9,23.1,21.4,60.3,282612.8,376817.1,4710213.8,311.52204585537913,415.3627645502645,5192.0346119929445,34.93333333333333,0.057465905117146665
530,Company_530,Manufacturing,Asia,2022,922.7,16.5,1373.7,1.7,37.6,25.7,24.8,62.2,282395.5,376527.3,4706591.7,306.05343015064483,408.07120407499724,5100.89053863661,37.56666666666667,0.01708553791887124
530,Company_530,Manufacturing,Asia,2023,961.7,14.7,1648.9,4.2,39.7,26.4,26.6,66.2,292855.5,390474.0,4880924.4,304.51856088177186,406.02474784236244,5075.3087241343455,39.733333333333334,0.04226725913081175
530,Company_530,Manufacturing,Asia,2024,1066.8,12.7,2324.1,10.9,40.0,26.9,24.7,68.4,323812.0,431749.4,5396867.4,303.535808023997,404.7144731908512,5058.930821147357,40.0,0.10928564001247776
530,Company_530,Manufacturing,Asia,2025,1168.9,12.1,2534.5,9.6,42.6,31.7,25.6,70.4,342954.9,457273.2,5715915.1,293.3996920181367,391.1995893575156,4889.9949525194625,42.56666666666667,0.09570678665166876
531,Company_531,Consumer Goods,Oceania,2015,682.3,5.3,615.3,6.1,35.6,27.2,32.1,47.5,137753.8,172192.2,688768.8,201.8962333284479,252.3702183790122,1009.4808735160487,35.6,
531,Company_531,Consumer Goods,Oceania,2016,684.4,6.8,510.8,0.3,35.1,26.5,31.1,47.8,138818.2,173522.8,694091.1,202.83196960841616,253.54003506721216,1014.1599941554647,35.13333333333333,0.0030778250036640475
531,Company_531,Consumer Goods,Oceania,2017,695.6,7.7,855.6,1.6,35.9,27.1,30.8,49.7,140518.1,175647.6,702590.3,202.00991949396206,252.51236342725704,1010.0493099482461,35.86666666666667,0.016364699006429007
531,Company_531,Consumer Goods,Oceania,2018,747.3,10.2,797.0,7.4,36.2,25.0,31.2,52.4,153173.0,191466.2,765864.9,204.9685534591195,256.2106249163656,1024.84263348053,36.199999999999996,0.07432432432432412
531,Company_531,Consumer Goods,Oceania,2019,743.2,12.2,2172.7,-0.6,37.7,26.2,33.3,53.7,151115.9,188894.8,755579.3,203.33140473627554,254.1641550053821,1016.6567545748117,37.733333333333334,-0.00548641777064085
531,Company_531,Consumer Goods,Oceania,2020,733.7,9.8,1436.4,-1.3,38.0,26.2,35.4,52.4,149181.4,186476.8,745907.2,203.32751805915223,254.15946572168457,1016.6378628867383,38.0,-0.012782561894510214
531,Company_531,Consumer Goods,Oceania,2021,788.2,7.1,874.9,7.4,38.5,26.4,37.5,51.7,160075.0,200093.8,800375.2,203.0893174321238,253.861710225831,1015.446840903324,38.53333333333333,0.07428104129753299
531,Company_531,Consumer Goods,Oceania,2022,891.1,7.8,1076.0,13.1,37.8,27.1,36.7,49.7,180080.3,225100.4,900401.5,202.08764448434516,252.60958366064415,1010.438222421726,37.833333333333336,0.13055062166962705
531,Company_531,Consumer Goods,Oceania,2023,1077.0,10.4,1178.4,20.9,36.9,27.7,36.9,46.0,216764.2,270955.3,1083821.0,201.26666666666668,251.58337975858865,1006.3333333333334,36.86666666666667,0.20861856132869483
531,Company_531,Consumer Goods,Oceania,2024,1129.2,6.8,1223.5,4.8,36.9,28.6,39.0,43.2,225730.2,282162.7,1128650.8,199.90276301806588,249.8784094934467,999.5136379737868,36.93333333333333,0.048467966573816135
531,Company_531,Consumer Goods,Oceania,2025,1214.3,6.6,836.1,7.5,37.5,29.3,38.5,44.7,241583.5,301979.4,1207917.5,198.94877707321092,248.68599192950674,994.7438853660545,37.5,0.07536308891250432
532,Company_532,Retail,North America,2015,243.8,5.1,163.9,8.75,84.7,82.3,79.4,92.3,15209.3,7604.7,30418.7,62.38433141919606,31.192370795734206,124.76907301066447,84.66666666666667,
532,Company_532,Retail,North America,2016,270.7,9.8,528.6,11.0,85.9,84.3,82.9,90.5,16518.6,8259.3,33037.2,61.02179534540081,30.510897672700406,122.04359069080162,85.89999999999999,0.11033634126333047
532,Company_532,Retail,North America,2017,277.5,9.8,618.5,2.5,87.0,84.2,85.9,91.0,16935.1,8467.6,33870.3,61.027387387387385,30.513873873873877,122.05513513513515,87.03333333333335,0.025120059106021442
532,Company_532,Retail,North America,2018,335.6,9.4,716.1,20.9,90.3,91.2,84.8,94.9,18836.8,9418.4,37673.6,56.128724672228834,28.064362336114417,112.25744934445767,90.3,0.20936936936936945
532,Company_532,Retail,North America,2019,350.7,8.3,668.8,4.5,91.5,92.6,85.5,96.5,19366.3,9683.1,38732.5,55.22184203022526,27.610778443113773,110.44339891645281,91.53333333333335,0.04499404052443379
532,Company_532,Retail,North America,2020,381.2,7.4,510.7,8.7,91.1,93.8,87.4,92.1,20713.9,10356.9,41427.8,54.338667366211965,27.169202518363065,108.67733473242393,91.09999999999998,0.08696891930424866
532,Company_532,Retail,North America,2021,415.9,9.7,578.5,9.1,91.8,93.3,88.3,94.0,22751.4,11375.7,45502.7,54.7040153883145,27.35200769415725,109.40779033421495,91.86666666666667,0.09102833158446999
532,Company_532,Retail,North America,2022,452.3,11.3,607.1,8.8,92.3,94.6,87.5,94.8,24338.3,12169.1,48676.6,53.810081804112315,26.904930355958435,107.62016360822463,92.3,0.08752103871122885
532,Company_532,Retail,North America,2023,443.8,11.0,949.2,-1.9,91.6,95.4,85.3,94.2,23615.9,11807.9,47231.7,53.21293375394322,26.606354213609734,106.42564218116267,91.63333333333333,-0.01879283661286757
532,Company_532,Retail,North America,2024,455.6,9.5,889.2,2.7,92.8,98.6,84.7,95.0,23223.8,11611.9,46447.6,50.97410008779631,25.487050043898154,101.94820017559262,92.76666666666667,0.02658855340243349
532,Company_532,Retail,North America,2025,498.1,6.8,808.2,9.3,92.3,99.9,80.1,97.1,24955.4,12477.7,49910.8,50.1011845011042,25.0505922505521,100.2023690022084,92.36666666666667,0.09328358208955234
533,Company_533,Technology,Middle East,2015,9331.7,19.9,53733.1,9.149999999999999,67.3,89.5,67.4,44.9,267626.1,160575.6,535252.1,28.67924386767684,17.20753989090948,57.35847701919264,67.26666666666667,
533,Company_533,Technology,Middle East,2016,8326.2,17.9,50785.7,-10.8,68.4,89.7,69.0,46.5,238141.9,142885.2,476283.9,28.601510893324683,17.16091374216329,57.20303379693017,68.39999999999999,-0.10775099928201726
533,Company_533,Technology,Middle East,2017,8275.7,13.6,37934.7,-0.6,69.7,88.2,70.9,49.9,241181.7,144709.0,482363.4,29.143359474123034,17.486013267759827,58.28671894824607,69.66666666666667,-0.006065191804184411
533,Company_533,Technology,Middle East,2018,9845.8,12.9,24172.5,19.0,69.6,90.3,69.7,48.8,279414.2,167648.5,558828.3,28.379024558695082,17.027412703894047,56.75803896077516,69.60000000000001,0.18972413209758665
533,Company_533,Technology,Middle East,2019,11298.9,14.2,35915.8,14.8,70.6,90.3,68.1,53.3,320659.6,192395.8,641319.2,28.379718379665277,17.027834567966792,56.759436759330555,70.56666666666666,0.14758577261370331
533,Company_533,Technology,Middle East,2020,12567.3,10.1,42413.2,11.2,68.9,92.0,65.6,49.2,349304.7,209582.8,698609.4,27.794729178105086,16.67683591543132,55.58945835621017,68.93333333333334,0.11225871545017663
533,Company_533,Technology,Middle East,2021,13082.1,11.3,47147.4,4.1,68.2,90.1,65.6,48.8,372226.5,223335.9,744453.0,28.453115325521132,17.07186919531268,56.906230651042264,68.16666666666667,0.0409634527702849
533,Company_533,Technology,Middle East,2022,14008.4,14.1,60424.7,7.1,68.1,94.0,63.0,47.3,379408.7,227645.2,758817.5,27.084370806087776,16.250621055937867,54.16874875074955,68.10000000000001,0.07080667476934122
533,Company_533,Technology,Middle East,2023,14599.7,18.5,88738.4,4.2,68.5,95.2,67.3,42.9,389461.7,233677.0,778923.4,26.676007041240574,16.00560285485318,53.35201408248115,68.46666666666667,0.042210388052882575
533,Company_533,Technology,Middle East,2024,16641.9,17.7,61424.2,14.0,69.7,95.5,70.4,43.2,442078.3,265247.0,884156.7,26.564172360127145,15.938504617862142,53.12835072918356,69.7,0.1398795865668474
533,Company_533,Technology,Middle East,2025,18913.3,17.4,57158.2,13.6,69.5,95.9,70.6,41.9,499686.0,299811.6,999372.1,26.419820972543132,15.851892583525878,52.83964723237087,69.46666666666667,0.1364868194136486
534,Company_534,Manufacturing,Africa,2015,1526.4,10.7,3178.2,3.1,34.3,3.0,81.9,18.0,539924.1,719898.7,8998734.4,353.72386006289304,471.6317479035639,5895.397274633124,34.300000000000004,
534,Company_534,Manufacturing,Africa,2016,1574.7,10.6,2144.8,3.2,34.1,2.0,84.0,16.4,560394.4,747192.6,9339907.1,355.8737537308694,474.49838064393214,5931.229504032513,34.13333333333333,0.031643081761006275
534,Company_534,Manufacturing,Africa,2017,1500.0,6.9,1877.3,-4.7,35.7,3.7,83.0,20.5,528252.3,704336.4,8804205.0,352.1682,469.55760000000004,5869.47,35.733333333333334,-0.04743760716326917
534,Company_534,Manufacturing,Africa,2018,1681.8,7.2,1992.0,12.1,36.6,6.7,83.2,19.9,581698.9,775598.6,9694982.1,345.8787608514687,461.17172077535974,5764.646271851588,36.6,0.12119999999999997
534,Company_534,Manufacturing,Africa,2019,1553.3,2.9,984.8,-7.6,37.2,8.8,82.4,20.3,530432.4,707243.2,8840540.0,341.48741389300204,455.316551857336,5691.4568982167,37.166666666666664,-0.07640623141871805
534,Company_534,Manufacturing,Africa,2020,1599.7,-0.4,4759.5,3.0,37.3,9.9,83.3,18.5,542635.0,723513.3,9043916.7,339.2104769644308,452.2806151153341,5653.50797024442,37.233333333333334,0.029871885662782427
534,Company_534,Manufacturing,Africa,2021,1715.8,0.2,68.8,7.3,37.8,9.1,81.1,23.2,584756.8,779675.7,9745946.6,340.8070870730855,454.4094300034969,5680.11807903019,37.8,0.07257610802025383
534,Company_534,Manufacturing,Africa,2022,1607.7,6.4,1027.1,-6.3,40.6,10.6,84.9,26.2,543009.3,724012.4,9050154.4,337.75536480686696,450.3404864091559,5629.255706910493,40.56666666666667,-0.06300268096514738
534,Company_534,Manufacturing,Africa,2023,1362.1,5.3,1215.7,-15.3,40.2,8.6,86.9,25.1,465888.0,621184.0,7764800.0,342.0365611922767,456.04874825636887,5700.609353204611,40.199999999999996,-0.15276481930708474
534,Company_534,Manufacturing,Africa,2024,1516.0,5.5,1657.4,11.3,39.5,6.7,87.4,24.5,524284.9,699046.6,8738082.5,345.8343667546174,461.1125329815303,5763.906662269129,39.53333333333334,0.11298729902356652
534,Company_534,Manufacturing,Africa,2025,1742.5,3.3,956.7,14.9,38.6,8.2,84.9,22.7,597391.0,796521.4,9956517.3,342.83558106169295,457.1141463414634,5713.926714490674,38.6,0.14940633245382595
535,Company_535,Energy,Asia,2015,25114.8,3.0,11810.6,7.949999999999999,39.4,37.9,12.7,67.5,23466785.3,7040035.6,234667853.3,934.3807356618408,280.3142210967238,9343.807368563557,39.36666666666667,
535,Company_535,Energy,Asia,2016,25348.7,1.3,5316.7,0.9,39.7,37.5,14.5,67.3,23768146.4,7130443.9,237681463.5,937.6475480004891,281.2942636111517,9376.475460280015,39.766666666666666,0.009313233631165652
535,Company_535,Energy,Asia,2017,30412.8,3.2,12300.4,20.0,39.7,38.6,14.0,66.5,28270722.4,8481216.7,282707224.0,929.5665772306397,278.8699725115741,9295.665772306398,39.699999999999996,0.1997775033828164
535,Company_535,Energy,Asia,2018,29576.3,9.0,22163.6,-2.8,42.1,41.7,14.4,70.1,26850948.0,8055284.4,268509480.1,907.8535178504411,272.35605535513236,9078.535181885498,42.06666666666666,-0.02750486637205385
535,Company_535,Energy,Asia,2019,29210.5,11.5,43889.5,-1.2,44.9,44.7,16.4,73.7,25921786.5,7776535.9,259217864.8,887.4133102822615,266.2239913729652,8874.133095975763,44.93333333333334,-0.01236801087357109
535,Company_535,Energy,Asia,2020,30908.2,15.1,71468.4,5.8,46.2,44.6,16.6,77.3,27437879.9,8231364.0,274378798.5,887.7217016843426,266.316511475919,8877.21700066649,46.166666666666664,0.05811951181938002
535,Company_535,Energy,Asia,2021,34024.2,7.7,33070.7,10.1,45.5,43.4,15.9,77.3,30491179.3,9147353.8,304911793.0,896.1615350250705,268.8484608014296,8961.615350250704,45.53333333333333,0.10081467054050375
535,Company_535,Energy,Asia,2022,38955.9,8.3,59589.6,14.5,45.8,44.4,14.8,78.1,34651059.6,10395317.9,346510596.0,889.4945207272839,266.84835673158625,8894.945207272838,45.76666666666667,0.14494683196078095
535,Company_535,Energy,Asia,2023,47031.1,8.5,37257.6,20.7,46.9,45.0,16.3,79.4,41613870.3,12484161.1,416138702.7,884.8160111075437,265.4448035448884,8848.160104696679,46.9,0.2072908083242846
535,Company_535,Energy,Asia,2024,56483.0,9.9,100792.2,20.1,48.0,47.7,15.5,80.9,48913232.2,14673969.7,489132322.1,865.98148469451,259.79444611653065,8659.814848715543,48.03333333333334,0.2009712722007353
535,Company_535,Energy,Asia,2025,59585.9,11.9,131084.1,5.5,48.7,46.4,15.3,84.5,52159887.3,15647966.2,521598873.1,875.3729875692068,262.61189643858694,8753.729877370317,48.73333333333333,0.05493511321990696
536,Company_536,Transportation,Middle East,2015,709.4,14.4,1985.8,-5.1499999999999995,15.5,31.5,12.8,2.3,416845.5,69474.2,1389485.0,587.602903862419,97.93374682830562,1958.6763462080633,15.533333333333331,
536,Company_536,Transportation,Middle East,2016,612.5,17.2,1296.9,-13.7,15.8,29.1,11.1,7.3,366209.6,61034.9,1220698.7,597.8932244897959,99.64881632653062,1992.977469387755,15.833333333333334,-0.13659430504651815
536,Company_536,Transportation,Middle East,2017,670.4,17.7,1778.6,9.4,15.6,29.3,10.6,6.9,400039.1,66673.2,1333463.6,596.7170346062053,99.45286396181385,1989.0566825775659,15.6,0.0945306122448979
536,Company_536,Transportation,Middle East,2018,687.9,18.2,2147.6,2.6,15.2,25.4,9.9,10.3,421930.0,70321.7,1406433.5,613.359499927315,102.22663177787469,2044.5319087076612,15.199999999999998,0.02610381861575184
536,Company_536,Transportation,Middle East,2019,566.8,15.1,1304.0,-17.6,15.3,25.1,10.2,10.7,348314.9,58052.5,1161049.6,614.5287579393084,102.42148906139732,2048.4290755116444,15.333333333333334,-0.1760430295101032
536,Company_536,Transportation,Middle East,2020,436.7,15.6,563.7,-23.0,15.6,25.6,10.3,11.0,267396.0,44566.0,891319.9,612.3105106480422,102.05175177467369,2041.0348065033204,15.633333333333335,-0.2295342272406492
536,Company_536,Transportation,Middle East,2021,437.9,16.5,709.0,0.3,16.8,23.6,13.4,13.4,271794.7,45299.1,905982.3,620.6775519525006,103.44622059831012,2068.925097054122,16.8,0.002747881841080879
536,Company_536,Transportation,Middle East,2022,447.0,16.3,953.6,2.1,17.2,23.7,13.3,14.6,277293.5,46215.6,924311.6,620.3434004474273,103.39060402684564,2067.8111856823266,17.2,0.0207810002283626
536,Company_536,Transportation,Middle East,2023,378.4,18.2,865.2,-15.4,17.8,22.3,14.1,17.1,237043.9,39507.3,790146.2,626.4373678646934,104.40618393234674,2088.1242071881607,17.833333333333332,-0.15346756152125285
536,Company_536,Transportation,Middle East,2024,402.1,23.4,1749.6,6.3,18.4,25.3,16.1,13.7,246777.2,41129.5,822590.8,613.720964934096,102.28674459089778,2045.7368813727928,18.36666666666667,0.06263213530655398
536,Company_536,Transportation,Middle East,2025,359.4,21.0,1432.1,-10.6,18.3,24.7,18.6,11.5,221418.4,36903.1,738061.5,616.0779076238175,102.67974401780747,2053.5934891485813,18.266666666666666,-0.10619248943049009
537,Company_537,Retail,Europe,2015,750.1,0.3,36.6,2.3499999999999996,56.1,31.0,75.5,61.8,73723.4,36861.7,147446.8,98.28476203172909,49.142381015864544,196.56952406345818,56.1,
537,Company_537,Retail,Europe,2016,711.8,1.1,112.6,-5.1,54.2,29.0,73.3,60.4,70986.8,35493.4,141973.6,99.72857544254005,49.864287721270024,199.4571508850801,54.23333333333333,-0.05105985868550866
537,Company_537,Retail,Europe,2017,728.5,2.0,203.6,2.3,55.1,29.3,75.0,60.9,72501.5,36250.8,145003.0,99.5216197666438,49.76087851750172,199.0432395332876,55.06666666666666,0.02346164652992422
537,Company_537,Retail,Europe,2018,774.9,2.7,279.3,6.4,56.4,30.2,75.9,63.0,76598.1,38299.1,153196.3,98.84901277584206,49.42457091237579,197.69815460059363,56.366666666666674,0.06369251887439953
537,Company_537,Retail,Europe,2019,835.3,4.9,796.4,7.8,55.7,30.8,76.0,60.2,82218.4,41109.2,164436.9,98.42978570573446,49.21489285286723,196.8596911289357,55.666666666666664,0.07794554136017551
537,Company_537,Retail,Europe,2020,804.7,6.5,959.5,-3.7,57.5,33.7,79.9,58.9,77556.1,38778.1,155112.2,96.37889896855971,48.18951161923698,192.75779793711942,57.5,-0.036633544834191234
537,Company_537,Retail,Europe,2021,895.8,7.3,1459.3,11.3,58.4,34.4,79.1,61.7,85944.5,42972.2,171889.0,95.94161643223934,47.9707524000893,191.88323286447869,58.4,0.1132098918851745
537,Company_537,Retail,Europe,2022,917.6,1.6,265.9,2.4,58.9,36.6,79.9,60.1,86594.0,43297.0,173188.0,94.37009590235397,47.18504795117698,188.74019180470793,58.86666666666667,0.024335789238669525
537,Company_537,Retail,Europe,2023,1062.0,2.1,427.9,15.7,61.2,39.1,82.1,62.4,98366.5,49183.3,196733.0,92.6238229755179,46.311958568738234,185.2476459510358,61.199999999999996,0.15736704446381866
537,Company_537,Retail,Europe,2024,1026.2,0.1,30.9,-3.4,62.7,42.1,82.2,63.8,92880.1,46440.0,185760.2,90.50877022022998,45.254336386669266,181.01754044045995,62.70000000000001,-0.03370998116760826
537,Company_537,Retail,Europe,2025,1024.1,-1.6,3890.8,-0.2,61.8,43.2,81.1,61.2,91952.3,45976.2,183904.6,89.78839957035447,44.894248608534326,179.57679914070894,61.833333333333336,-0.0020463847203275876
538,Company_538,Transportation,Middle East,2015,862.2,8.7,811.0,1.25,31.5,9.4,19.0,66.2,586728.3,97788.1,1955761.1,680.5013917884481,113.41695662259336,2268.338088610531,31.53333333333333,
538,Company_538,Transportation,Middle East,2016,910.7,9.7,1240.8,5.6,32.1,11.6,18.5,66.0,611247.9,101874.6,2037492.8,671.184693093225,111.86406061271549,2237.282090699462,32.03333333333333,0.05625144977963359
538,Company_538,Transportation,Middle East,2017,814.5,9.4,800.1,-10.6,31.1,11.4,18.2,63.6,547392.2,91232.0,1824640.6,672.0591774094536,112.00982197667281,2240.1971761817067,31.066666666666666,-0.10563302953771825
538,Company_538,Transportation,Middle East,2018,819.6,13.5,1899.8,0.6,30.4,11.9,19.7,59.4,548971.4,91495.2,1829904.5,669.8040507564666,111.63396778916544,2232.6799658369937,30.333333333333332,0.006261510128913406
538,Company_538,Transportation,Middle East,2019,964.2,15.9,2813.4,17.6,31.4,13.4,20.3,60.6,640131.0,106688.5,2133770.0,663.8985687616677,110.64976146027794,2212.995229205559,31.433333333333337,0.17642752562225472
538,Company_538,Transportation,Middle East,2020,962.6,17.9,1470.0,-0.2,31.0,13.5,19.0,60.4,638397.8,106399.6,2127992.7,663.2015375025971,110.53355495532932,2210.671826303761,30.96666666666667,-0.0016594067620825381
538,Company_538,Transportation,Middle East,2021,980.9,18.8,1610.8,1.9,32.1,17.3,21.5,57.6,634821.9,105803.6,2116072.9,647.1830971556734,107.86379855234989,2157.2768885717196,32.13333333333333,0.019011011842925418
538,Company_538,Transportation,Middle East,2022,969.5,16.7,2792.4,-1.2,32.3,17.2,23.7,56.0,627965.2,104660.9,2093217.2,647.72068076328,107.95348117586384,2159.0687983496646,32.300000000000004,-0.011621979814456118
538,Company_538,Transportation,Middle East,2023,1102.9,16.5,2317.8,13.8,32.9,19.0,23.3,56.5,706266.5,117711.1,2354221.8,640.3722005621543,106.72871520536766,2134.5741227672497,32.93333333333333,0.13759669932955143
538,Company_538,Transportation,Middle East,2024,1216.7,15.7,2935.9,10.3,34.6,21.0,22.5,60.3,768941.0,128156.8,2563136.8,631.9889866031067,105.33147037067478,2106.6300649297277,34.6,0.10318251881403562
538,Company_538,Transportation,Middle East,2025,1222.7,18.9,4611.5,0.5,37.3,23.7,26.2,62.2,758550.9,126425.1,2528502.9,620.3900384395191,103.39829884681443,2067.966713012186,37.36666666666667,0.004931371743239987
539,Company_539,Healthcare,Europe,2015,3627.4,15.9,11172.5,5.55,69.1,70.5,76.4,60.2,256282.7,256282.7,512565.3,70.65189943210012,70.65189943210012,141.30377129624523,69.03333333333335,
539,Company_539,Healthcare,Europe,2016,3794.8,20.0,8318.1,4.6,72.1,74.1,76.7,65.5,258531.7,258531.7,517063.3,68.12788552756403,68.12788552756403,136.25574470327817,72.10000000000001,0.04614875668522922
539,Company_539,Healthcare,Europe,2017,3567.5,19.6,7065.0,-6.0,71.8,71.4,74.3,69.8,249798.7,249798.7,499597.5,70.02065872459706,70.02065872459706,140.04134548002804,71.83333333333333,-0.05989775482238857
539,Company_539,Healthcare,Europe,2018,3523.7,16.9,10418.6,-1.2,74.1,70.6,77.7,74.2,248803.7,248803.7,497607.3,70.60864999858104,70.60864999858104,141.21727161790164,74.16666666666667,-0.012277505255781418
539,Company_539,Healthcare,Europe,2019,3848.6,18.0,7468.0,9.2,74.8,67.6,81.2,75.5,279746.8,279746.8,559493.6,72.68793847113236,72.68793847113236,145.3758769422647,74.76666666666667,0.09220421715810079
539,Company_539,Healthcare,Europe,2020,4097.0,22.4,22486.0,6.5,75.0,67.9,81.3,75.8,296919.4,296919.4,593838.8,72.4723944349524,72.4723944349524,144.9447888699048,75.0,0.06454295068336546
539,Company_539,Healthcare,Europe,2021,4405.8,22.7,21260.9,7.5,74.9,69.5,79.7,75.6,314500.7,314500.7,629001.3,71.38333560306869,71.38333560306869,142.76664850878387,74.93333333333332,0.07537222357822793
539,Company_539,Healthcare,Europe,2022,4421.8,25.6,12654.1,0.4,74.1,67.3,80.6,74.4,322291.9,322291.9,644583.8,72.88703695327695,72.88703695327695,145.7740739065539,74.1,0.003631576558173366
539,Company_539,Healthcare,Europe,2023,4331.7,28.6,15105.7,-2.0,75.5,66.9,82.0,77.7,317011.5,317011.5,634023.0,73.18408477041346,73.18408477041346,146.36816954082693,75.53333333333335,-0.020376317336831207
539,Company_539,Healthcare,Europe,2024,4982.0,27.5,14145.6,15.0,77.8,70.4,82.0,80.9,352364.1,352364.1,704728.3,70.72743877960657,70.72743877960657,141.4548976314733,77.76666666666667,0.15012581665396962
539,Company_539,Healthcare,Europe,2025,5483.8,28.9,27646.9,10.1,81.7,73.5,85.0,86.5,375896.5,375896.5,751793.0,68.54671942813377,68.54671942813377,137.09343885626754,81.66666666666667,0.10072260136491362
540,Company_540,Utilities,Oceania,2015,1466.8,9.9,1212.8,3.45,66.2,65.5,94.2,38.9,869887.5,543679.7,8698875.2,593.0511998909191,370.6570084537769,5930.51213526043,66.2,
540,Company_540,Utilities,Oceania,2016,1476.2,8.7,1821.4,0.6,66.7,66.3,92.0,41.9,868831.9,543019.9,8688318.7,588.5597480016258,367.8498170979542,5885.597276791762,66.73333333333333,0.006408508317425676
540,Company_540,Utilities,Oceania,2017,1643.5,6.8,1258.6,11.3,68.6,70.6,95.1,40.2,928339.3,580212.1,9283393.3,564.8550654091878,353.0344386979008,5648.550836629145,68.63333333333333,0.11333152689337478
540,Company_540,Utilities,Oceania,2018,1715.7,8.9,1650.1,4.4,70.6,74.9,97.0,40.0,927343.9,579590.0,9273439.4,540.5046919624643,337.8154689048202,5405.0471527656355,70.63333333333334,0.04393063583815038
540,Company_540,Utilities,Oceania,2019,1759.3,8.5,1772.6,2.5,70.4,77.9,96.3,37.1,921807.5,576129.7,9218075.3,523.9626556016598,327.4766668561359,5239.626726538965,70.43333333333332,0.025412368129626328
540,Company_540,Utilities,Oceania,2020,1721.9,9.7,2002.0,-2.1,71.0,77.0,97.6,38.5,910957.8,569348.6,9109577.7,529.0422208026018,330.6513734827806,5290.422033799871,71.03333333333333,-0.02125845506735624
540,Company_540,Utilities,Oceania,2021,1673.5,10.2,1445.0,-2.8,72.5,77.8,97.8,41.9,877016.5,548135.3,8770165.0,524.0612488795937,327.5382730803705,5240.612488795937,72.5,-0.02810848481328765
540,Company_540,Utilities,Oceania,2022,1803.4,8.9,2000.9,7.8,73.4,78.4,99.1,42.8,939850.2,587406.4,9398502.1,521.154596872574,325.7216369080625,5211.546024176555,73.43333333333334,0.07762175082163147
540,Company_540,Utilities,Oceania,2023,1887.2,7.9,2001.9,4.6,74.4,79.2,100.0,44.0,974500.8,609063.0,9745007.8,516.3738872403561,322.73367952522256,5163.7387664264525,74.39999999999999,0.046467783076411306
540,Company_540,Utilities,Oceania,2024,2007.2,8.8,1769.6,6.4,74.3,78.1,100.0,44.8,1049493.9,655933.7,10494938.6,522.8646373056994,326.79040454364286,5228.646173774412,74.3,0.06358626536668077
540,Company_540,Utilities,Oceania,2025,1932.6,7.8,1302.1,-3.7,73.9,79.5,98.7,43.4,995018.1,621886.3,9950180.9,514.8598261409501,321.78738487012316,5148.598209665735,73.86666666666666,-0.037166201673973775
541,Company_541,Technology,Asia,2015,1294.2,28.8,6930.0,7.35,37.4,27.0,59.5,25.7,65416.6,39250.0,130833.2,50.545974347087004,30.327615515376294,101.09194869417401,37.4,
541,Company_541,Technology,Asia,2016,1369.2,32.4,13111.5,5.8,37.6,26.8,61.3,24.6,69326.4,41595.9,138652.9,50.6327782646801,30.37971078001753,101.26562956470931,37.56666666666666,0.05795085767269348
541,Company_541,Technology,Asia,2017,1387.4,34.3,12588.8,1.3,37.7,26.3,61.6,25.1,70461.8,42277.1,140923.7,50.786939599250395,30.472178175003602,101.57395127576763,37.666666666666664,0.013292433537832382
541,Company_541,Technology,Asia,2018,1693.7,33.1,16751.1,22.1,39.8,28.8,64.0,26.6,84522.6,50713.5,169045.1,49.90411525063471,29.94243372498081,99.80817145893606,39.800000000000004,0.22077266830041808
541,Company_541,Technology,Asia,2019,1733.8,30.4,12103.2,2.4,41.5,31.9,64.3,28.3,84695.9,50817.5,169391.8,48.84986734340754,29.309897335332796,97.69973468681508,41.49999999999999,0.02367597567455859
541,Company_541,Technology,Asia,2020,1888.6,29.6,12200.3,8.9,42.6,30.8,65.4,31.7,92984.5,55790.7,185968.9,49.234618235730174,29.5407709414381,98.46918352218574,42.63333333333333,0.08928365440073827
541,Company_541,Technology,Asia,2021,2260.3,28.4,20609.1,19.7,43.2,31.6,64.1,33.9,110597.2,66358.3,221194.4,48.930318984205634,29.358182542140423,97.86063796841127,43.199999999999996,0.19681245366938493
541,Company_541,Technology,Asia,2022,2660.6,28.3,19592.8,17.7,43.9,34.3,61.1,36.3,127682.1,76609.2,255364.1,47.9899646696234,28.79395625046982,95.97989175373976,43.9,0.17710038490465863
541,Company_541,Technology,Asia,2023,3202.9,32.0,17751.3,20.4,44.1,34.6,60.8,36.9,153399.6,92039.7,306799.2,47.893971088700866,28.73636392019732,95.78794217740173,44.1,0.20382620461550038
541,Company_541,Technology,Asia,2024,3215.0,29.0,32184.4,0.4,46.0,37.2,60.9,39.9,151029.8,90617.9,302059.5,46.97660964230171,28.185972006220837,93.95318818040435,46.0,0.0037778263448748906
541,Company_541,Technology,Asia,2025,3035.3,32.2,29105.5,-5.6,46.9,35.5,62.7,42.4,144456.1,86673.7,288912.2,47.59203373636873,28.555233420090268,95.18406747273745,46.86666666666667,-0.055894245723172586
542,Company_542,Transportation,Asia,2015,349.0,-1.6,233.9,12.100000000000001,51.6,48.4,31.5,74.9,180335.2,30055.9,601117.4,516.719770773639,86.12005730659027,1722.3994269340974,51.6,
542,Company_542,Transportation,Asia,2016,373.8,0.5,30.8,7.1,51.5,50.7,30.6,73.1,189620.3,31603.4,632067.6,507.27742108079184,84.54628143392189,1690.9245585874799,51.46666666666667,0.07106017191977076
542,Company_542,Transportation,Asia,2017,429.6,1.7,67.2,14.9,52.4,50.1,33.4,73.6,218911.7,36485.3,729705.7,509.57099627560524,84.92853817504655,1698.5700651769087,52.36666666666667,0.1492776886035314
542,Company_542,Transportation,Asia,2018,471.0,1.4,127.6,9.7,52.7,53.1,32.9,72.0,234106.5,39017.7,780354.9,497.04140127388536,82.84012738853502,1656.8044585987261,52.666666666666664,0.09636871508379885
542,Company_542,Transportation,Asia,2019,546.4,-4.0,856.1,16.0,52.6,53.5,31.1,73.3,270558.5,45093.1,901861.5,495.16562957540265,82.52763543191801,1650.5517935578332,52.633333333333326,0.1600849256900212
542,Company_542,Transportation,Asia,2020,572.5,-5.7,1778.9,4.8,52.2,55.5,30.0,71.0,278823.7,46470.6,929412.3,487.02829694323145,81.17135371179039,1623.4275982532752,52.166666666666664,0.04776720351390917
542,Company_542,Transportation,Asia,2021,631.3,-7.3,2282.3,10.3,51.6,51.3,29.0,74.6,318515.5,53085.9,1061718.3,504.5390464121654,84.08981466814511,1681.7967685727865,51.633333333333326,0.10270742358078588
542,Company_542,Transportation,Asia,2022,693.8,-7.3,2693.2,9.9,52.8,52.5,31.5,74.4,346675.9,57779.3,1155586.3,499.67699625252243,83.27947535312771,1665.5899394638227,52.800000000000004,0.09900205924283223
542,Company_542,Transportation,Asia,2023,818.5,-7.6,3147.6,18.0,53.3,51.4,34.0,74.5,412651.7,68775.3,1375505.8,504.1560171044594,84.02602321319488,1680.5202199144778,53.300000000000004,0.17973479388872882
542,Company_542,Transportation,Asia,2024,932.1,-3.4,4172.3,13.9,53.4,52.9,31.3,75.9,463896.7,77316.1,1546322.3,497.6898401459071,82.9482888102135,1658.9660980581482,53.366666666666674,0.1387904703726328
542,Company_542,Transportation,Asia,2025,1082.2,-1.9,1288.9,16.1,52.9,52.8,31.9,73.9,539052.9,89842.1,1796842.9,498.1083903160229,83.01801885048974,1660.361208649048,52.86666666666667,0.16103422379573007
543,Company_543,Energy,North America,2015,21566.3,12.9,32769.5,18.700000000000003,39.6,2.4,48.7,67.7,25521119.1,7656335.7,255211191.4,1183.3795829604524,355.0138734970765,11833.795848151978,39.6,
543,Company_543,Energy,North America,2016,23323.9,8.4,28075.3,8.1,39.2,2.3,47.8,67.4,27616568.9,8284970.7,276165688.8,1184.0459314265622,355.21378071420304,11840.459305690729,39.166666666666664,0.08149752159619417
543,Company_543,Energy,North America,2017,25056.8,8.7,37180.9,7.4,41.0,3.7,49.4,69.9,29411627.7,8823488.3,294116277.3,1173.7982384023499,352.13947112161173,11737.982395996298,41.0,0.07429718014568731
543,Company_543,Energy,North America,2018,29715.3,15.8,74028.2,18.6,41.1,3.8,49.3,70.0,34867926.7,10460378.0,348679267.2,1173.3997873149524,352.0199358579587,11733.997879880062,41.03333333333333,0.1859175952236518
543,Company_543,Energy,North America,2019,35951.9,14.9,71158.7,21.0,43.1,6.5,54.1,68.6,41514020.8,12454206.2,415140207.6,1154.7100653929276,346.4130185052806,11547.100642803302,43.06666666666666,0.2098784128041784
543,Company_543,Energy,North America,2020,37995.0,21.0,124224.1,5.7,43.6,8.0,51.8,71.0,43471066.8,13041320.0,434710667.9,1144.125984998026,343.23779444663774,11441.259847348334,43.6,0.05682870724495781
543,Company_543,Energy,North America,2021,42603.7,20.9,73697.7,12.1,44.6,10.9,51.5,71.5,47870169.0,14361050.7,478701690.5,1123.6152963240283,337.08458889720845,11236.152974976352,44.63333333333333,0.12129753914988806
543,Company_543,Energy,North America,2022,51804.7,13.9,89404.9,21.6,45.0,12.3,53.3,69.4,57697739.7,17309321.9,576977397.5,1113.754923781047,334.1264769412814,11137.549247462104,45.0,0.21596715778207054
543,Company_543,Energy,North America,2023,63755.1,15.1,125212.5,23.1,48.2,16.9,57.1,70.5,68951812.9,20685543.9,689518129.4,1081.5105442544989,324.45316374690026,10815.105448818997,48.166666666666664,0.23068177211720187
543,Company_543,Energy,North America,2024,75744.5,21.5,306993.4,18.8,49.7,17.7,57.6,73.9,81526510.3,24457953.1,815265102.9,1076.3357115038054,322.9007135831645,10763.357113717828,49.73333333333333,0.18805397528982004
543,Company_543,Energy,North America,2025,93522.7,20.9,309026.1,23.5,50.5,17.2,59.4,75.0,100959805.2,30287941.6,1009598052.1,1079.5219256929067,323.85657813557566,10795.219257998326,50.53333333333333,0.23471275142089532
544,Company_544,Energy,Latin America,2015,4393.5,4.9,3821.8,11.2,50.1,78.8,45.2,26.2,2849158.4,854747.5,28491584.1,648.4940025036987,194.54819619893024,6484.940047797883,50.06666666666666,
544,Company_544,Energy,Latin America,2016,4931.9,3.4,2627.6,12.3,52.9,82.1,48.1,28.3,3082374.2,924712.2,30823741.6,624.9871651898864,187.4961373912691,6249.871570794218,52.833333333333336,0.12254466825992938
544,Company_544,Energy,Latin America,2017,5036.9,-1.5,18035.3,2.1,54.8,82.5,51.1,30.7,3136345.5,940903.6,31363454.8,622.6737675951479,186.8021203518037,6226.737636244516,54.76666666666666,0.021289969382996432
544,Company_544,Energy,Latin America,2018,5411.9,-6.9,15605.1,7.4,55.2,86.1,50.2,29.3,3233459.1,970037.7,32334590.8,597.4720708069256,179.24161569873797,5974.720671113658,55.20000000000001,0.07445055490480246
544,Company_544,Energy,Latin America,2019,6308.6,-9.2,21363.4,16.6,56.3,87.4,49.9,31.5,3712500.5,1113750.2,37125005.5,588.4824683765019,176.5447484386393,5884.824763021907,56.26666666666667,0.16569042295681746
544,Company_544,Energy,Latin America,2020,6480.3,-14.0,31021.2,2.7,58.1,90.5,49.2,34.6,3669582.5,1100874.7,36695824.6,566.2673795966236,169.8802061632949,5662.673734240699,58.099999999999994,0.02721681514123575
544,Company_544,Energy,Latin America,2021,8004.0,-17.3,14952.9,23.5,57.8,93.3,46.8,33.4,4376292.6,1312887.8,43762925.7,546.7631934032983,164.02896051974014,5467.631896551725,57.833333333333336,0.23512800333317907
544,Company_544,Energy,Latin America,2022,8022.1,-14.1,6194.7,0.2,57.9,91.9,46.9,34.8,4467409.6,1340222.9,44674095.9,556.887797459518,167.0663417309682,5568.877962129616,57.866666666666674,0.0022613693153423764
544,Company_544,Energy,Latin America,2023,8865.6,-13.1,24930.6,10.5,61.1,94.7,50.5,38.3,4764315.7,1429294.7,47643156.9,537.3934871864284,161.2180450279733,5373.934860584732,61.166666666666664,0.10514703132596193
544,Company_544,Energy,Latin America,2024,9917.3,-20.0,37027.8,11.9,62.1,94.9,51.3,40.1,5310348.5,1593104.5,53103484.7,535.4631300858097,160.6389339840481,5354.631270607928,62.099999999999994,0.11862705287854158
544,Company_544,Energy,Latin America,2025,11745.8,-20.0,46145.3,18.4,61.0,94.5,48.9,39.6,6325151.0,1897545.3,63251509.8,538.5032096579204,161.5509628973761,5385.03207955184,61.0,0.1843747794258519
545,Company_545,Manufacturing,North America,2015,3852.5,6.8,5689.9,5.9,54.5,33.9,72.8,56.7,1112452.3,1483269.8,18540872.4,288.7611421155094,385.014873458793,4812.685892277741,54.46666666666666,
545,Company_545,Manufacturing,North America,2016,4064.5,11.5,10130.1,5.5,55.0,34.0,73.7,57.4,1173408.9,1564545.2,19556815.5,288.69698609915116,384.92931479886823,4811.616558002214,55.03333333333333,0.055029201817001994
545,Company_545,Manufacturing,North America,2017,4373.4,12.5,10255.9,7.6,51.9,32.2,69.9,53.7,1278810.1,1705080.1,21313501.6,292.4063886221247,389.8751772076646,4873.439795125075,51.93333333333334,0.07599950793455523
545,Company_545,Manufacturing,North America,2018,5066.7,11.0,6097.8,15.9,52.7,32.2,70.6,55.2,1481510.1,1975346.8,24691834.5,292.4013855172006,389.8685140229341,4873.356326603114,52.666666666666664,0.1585265468514201
545,Company_545,Manufacturing,North America,2019,5387.1,9.4,9306.4,6.3,53.6,32.6,72.7,55.6,1571007.2,2094676.3,26183453.4,291.62391639286443,388.83189471144027,4860.398618922982,53.63333333333333,0.06323642607614444
545,Company_545,Manufacturing,North America,2020,5928.9,8.3,4101.4,10.1,56.1,35.0,75.4,57.9,1698753.6,2265004.8,28312559.6,286.5208723371958,382.0278297829277,4775.347804820456,56.1,0.10057359247090258
545,Company_545,Manufacturing,North America,2021,6117.7,9.5,6849.0,3.2,57.7,41.0,76.3,55.9,1675994.2,2234658.9,27933236.6,273.95821959233047,365.2776206744365,4565.9703156415,57.73333333333333,0.03184401828332417
545,Company_545,Manufacturing,North America,2022,6166.9,8.8,7043.6,0.8,58.3,42.0,74.1,59.0,1676317.2,2235089.7,27938620.7,271.8249363537596,362.43326468728213,4530.415719405212,58.36666666666667,0.008042238096016341
545,Company_545,Manufacturing,North America,2023,6804.9,13.2,13160.7,10.3,60.4,48.3,76.1,57.0,1759554.2,2346072.3,29325903.5,258.57164690149745,344.76220076709427,4309.527472850446,60.46666666666666,0.10345554492532716
545,Company_545,Manufacturing,North America,2024,6379.5,15.2,17265.6,-6.3,61.8,49.9,78.7,56.8,1628663.2,2171550.9,27144385.9,255.29637118896466,340.3951563602163,4254.93939963947,61.79999999999999,-0.06251377683727899
545,Company_545,Manufacturing,North America,2025,6202.3,14.5,9869.6,-2.8,61.7,49.7,75.0,60.3,1585168.9,2113558.6,26419481.9,255.5775921835448,340.77013366009385,4259.626574012866,61.666666666666664,-0.027776471510306378
546,Company_546,Energy,Asia,2015,1459.0,6.0,1682.0,-12.2,38.2,34.8,59.5,20.3,1395500.7,418650.2,13955007.0,956.4775188485263,286.9432488005483,9564.775188485264,38.199999999999996,
546,Company_546,Energy,Asia,2016,1514.8,7.1,1637.7,3.8,39.7,36.0,61.5,21.6,1435663.3,430699.0,14356632.7,947.7576577766042,284.3273039345128,9477.576379720094,39.699999999999996,0.038245373543522865
546,Company_546,Energy,Asia,2017,1358.4,12.0,3243.0,-10.3,38.9,36.3,58.8,21.5,1284944.8,385483.4,12849448.3,945.9252061248527,283.7775323910483,9459.252282096584,38.86666666666667,-0.10324795352521776
546,Company_546,Energy,Asia,2018,1317.1,15.2,3293.0,-3.0,38.6,34.8,59.3,21.6,1259286.1,377785.8,12592861.2,956.1051552653558,286.8315238022929,9561.051704502315,38.56666666666666,-0.030403415783274546
546,Company_546,Energy,Asia,2019,1038.2,14.8,2230.5,-21.2,38.8,34.9,58.0,23.5,992005.4,297601.6,9920054.4,955.5051049894047,286.65151223271045,9555.051435176267,38.800000000000004,-0.2117530939184571
546,Company_546,Energy,Asia,2020,999.1,11.1,1789.4,-3.8,40.2,36.2,58.5,25.9,945489.7,283646.9,9454897.3,946.3414072665398,283.9024121709539,9463.414372935642,40.199999999999996,-0.03766133692930074
546,Company_546,Energy,Asia,2021,951.6,11.1,1648.2,-4.7,41.5,38.3,61.3,24.9,886772.3,266031.7,8867722.9,931.8750525430853,279.56252627154265,9318.750420344682,41.5,-0.04754278850965865
546,Company_546,Energy,Asia,2022,814.4,8.4,881.9,-14.4,44.1,43.3,61.6,27.4,730332.0,219099.6,7303320.4,896.7730844793714,269.0319253438114,8967.731335952849,44.1,-0.1441782261454393
546,Company_546,Energy,Asia,2023,699.7,11.2,1100.8,-14.1,45.4,48.2,60.5,27.6,603550.6,181065.2,6035506.1,862.5848220665998,258.7754752036587,8625.848363584391,45.43333333333334,-0.14083988212180742
546,Company_546,Energy,Asia,2024,462.4,10.3,909.4,-33.9,44.4,49.0,57.2,27.0,396136.7,118841.0,3961366.7,856.6970155709344,257.00908304498273,8566.969506920415,44.4,-0.3391453480062885
546,Company_546,Energy,Asia,2025,367.0,21.9,887.4,-20.6,46.1,52.5,57.6,28.1,305602.0,91680.6,3056020.5,832.7029972752043,249.81089918256131,8327.031335149864,46.06666666666666,-0.20631487889273348
547,Company_547,Energy,Latin America,2015,2044.0,22.3,7525.5,-6.25,48.3,69.5,28.9,46.6,1458033.6,437410.1,14580335.6,713.3236790606654,213.9971135029354,7133.236594911938,48.333333333333336,
547,Company_547,Energy,Latin America,2016,1805.6,22.7,6961.5,-11.7,51.5,70.8,34.1,49.7,1272172.1,381651.6,12721720.6,704.5702813469208,211.37106778910058,7045.702591936199,51.53333333333334,-0.11663405088062628
547,Company_547,Energy,Latin America,2017,1839.1,25.1,7560.6,1.9,52.9,75.2,32.9,50.8,1239399.1,371819.7,12393991.2,673.9161002664348,202.17481376760372,6739.161111413191,52.96666666666666,0.018553389455028713
547,Company_547,Energy,Latin America,2018,1774.4,29.1,8652.8,-3.5,55.2,77.4,32.9,55.3,1167899.0,350369.7,11678989.5,658.1937556357078,197.45812669071236,6581.9372745716855,55.20000000000001,-0.035180251209830815
547,Company_547,Energy,Latin America,2019,1682.2,24.0,7827.6,-5.2,56.1,79.3,37.3,51.8,1084868.4,325460.5,10848683.7,644.9104743787896,193.47313042444418,6449.104565450005,56.133333333333326,-0.05196122633002709
547,Company_547,Energy,Latin America,2020,1659.8,24.2,3347.1,-1.3,55.5,79.6,39.8,47.2,1066821.0,320046.3,10668210.5,642.7406916495963,192.8222074948789,6427.407217737077,55.53333333333333,-0.013315895850671833
547,Company_547,Energy,Latin America,2021,1539.2,24.4,3361.7,-7.3,55.3,81.9,39.7,44.2,964291.8,289287.5,9642918.1,626.4889553014553,187.94666060291058,6264.889617983367,55.26666666666667,-0.0726593565489817
547,Company_547,Energy,Latin America,2022,1466.0,27.3,6534.3,-4.8,57.8,84.6,40.4,48.5,891467.1,267440.1,8914671.5,608.0948840381992,182.42844474761253,6080.949181446112,57.833333333333336,-0.04755717255717262
547,Company_547,Energy,Latin America,2023,1324.3,21.5,3208.8,-9.7,57.9,85.4,40.7,47.5,797734.4,239320.3,7977344.3,602.3819376274258,180.71456618590955,6023.8196028090315,57.866666666666674,-0.09665757162346522
547,Company_547,Energy,Latin America,2024,1127.1,25.1,3935.4,-14.9,58.3,90.2,36.5,48.3,641176.2,192352.9,6411761.8,568.8725046579718,170.66178688670038,5688.724869133174,58.333333333333336,-0.1489088575096278
547,Company_547,Energy,Latin America,2025,951.3,18.2,2600.9,-15.6,58.9,89.4,37.4,49.9,546298.0,163889.4,5462980.2,574.2646904236309,172.27940712708926,5742.647114474929,58.900000000000006,-0.15597551237689644
548,Company_548,Retail,Middle East,2015,2542.0,10.0,4018.7,14.649999999999999,25.2,44.1,23.4,8.1,226529.7,113264.9,453059.4,89.11475216365068,44.557395751376866,178.22950432730136,25.2,
548,Company_548,Retail,Middle East,2016,3157.4,10.3,4076.1,24.2,26.1,46.2,22.5,9.7,276807.1,138403.6,553614.2,87.66931652625577,43.834674098942166,175.33863305251154,26.133333333333336,0.24209284028324163
548,Company_548,Retail,Middle East,2017,3316.7,10.5,3734.4,5.0,25.4,45.3,22.8,8.1,292908.5,146454.3,585817.1,88.31323303283385,44.156631591642295,176.62649621611843,25.399999999999995,0.050452904288338374
548,Company_548,Retail,Middle East,2018,3343.4,9.4,5499.3,0.8,26.8,48.6,21.9,9.8,287558.4,143779.2,575116.9,86.00777651492493,43.003888257462464,172.01558293952263,26.766666666666666,0.008050170350046848
548,Company_548,Retail,Middle East,2019,3881.0,10.1,9733.7,16.1,25.3,45.4,20.6,9.7,342302.2,171151.1,684604.4,88.19948466889977,44.099742334449886,176.39896933779954,25.233333333333334,0.16079440090925412
548,Company_548,Retail,Middle East,2020,4391.8,9.9,9149.9,13.2,25.4,45.9,21.8,8.5,386007.8,193003.9,772015.6,87.89284575800355,43.94642287900177,175.7856915160071,25.400000000000002,0.13161556299922705
548,Company_548,Retail,Middle East,2021,5241.0,8.0,7080.9,19.3,25.1,46.2,21.3,7.9,459295.3,229647.7,918590.6,87.63505056286968,43.81753482159893,175.27010112573936,25.133333333333336,0.19336035338585544
548,Company_548,Retail,Middle East,2022,5650.8,8.9,10023.7,7.8,24.9,47.2,18.6,8.9,491584.6,245792.3,983169.2,86.99380618673462,43.49690309336731,173.98761237346923,24.900000000000006,0.07819118488838006
548,Company_548,Retail,Middle East,2023,6425.1,9.6,15012.1,13.7,27.0,50.5,20.5,9.9,543691.1,271845.6,1087382.3,84.61986583866398,42.30994070131204,169.23974724128806,26.96666666666667,0.13702484603949894
548,Company_548,Retail,Middle East,2024,7428.9,7.9,13039.1,15.6,29.8,56.7,19.7,13.0,596685.3,298342.7,1193370.6,80.31946856196747,40.15974101145527,160.63893712393494,29.8,0.15623103142363526
548,Company_548,Retail,Middle East,2025,9800.9,7.8,7980.7,31.9,29.1,56.0,18.5,12.8,791629.5,395814.8,1583259.1,80.77110265383791,40.38555642849126,161.54221551082045,29.099999999999998,0.3192935697074937
549,Company_549,Utilities,North America,2015,1716.1,8.4,1282.2,0.6,75.9,65.3,77.1,85.4,1019523.9,637202.4,10195238.7,594.0935260182973,371.3084319095624,5940.935085367985,75.93333333333332,
549,Company_549,Utilities,North America,2016,1564.3,10.4,1308.0,-8.8,78.0,65.4,80.5,88.1,928528.8,580330.5,9285287.7,593.5746340216072,370.98414626350444,5935.746148437001,78.0,-0.0884563836606258
549,Company_549,Utilities,North America,2017,1494.1,13.2,1596.2,-4.5,78.3,65.6,81.0,88.2,885692.3,553557.7,8856923.3,592.7931865336993,370.49574994980253,5927.932066126767,78.26666666666667,-0.04487630249952057
549,Company_549,Utilities,North America,2018,1432.2,14.0,2039.1,-4.1,77.2,64.5,80.1,87.0,857921.4,536200.9,8579214.4,599.0234604105572,374.3896802122609,5990.234883396174,77.2,-0.0414296231845257
549,Company_549,Utilities,North America,2019,1513.0,13.4,2989.2,5.6,78.4,65.0,80.9,89.3,902119.6,563824.8,9021196.2,596.2456047587574,372.65353602115005,5962.45617977528,78.39999999999999,0.056416701577991946
549,Company_549,Utilities,North America,2020,1556.5,10.1,1547.3,2.9,80.1,68.6,84.5,87.1,896216.1,560135.0,8962160.6,575.7893350465788,359.8682942499197,5757.893093478959,80.06666666666666,0.028750826173165933
549,Company_549,Utilities,North America,2021,1565.1,11.3,1884.6,0.5,80.9,68.8,86.3,87.8,899462.9,562164.3,8994628.7,574.6999552744234,359.18746405980454,5746.999361063191,80.96666666666665,0.005525216832637181
549,Company_549,Utilities,North America,2022,1719.8,13.0,2175.9,9.9,81.8,67.8,90.0,87.6,998477.5,624048.4,9984774.9,580.5776834515641,362.8610303523666,5805.7767763693455,81.8,0.0988435243754393
549,Company_549,Utilities,North America,2023,1731.3,11.4,2756.1,0.7,82.7,68.1,90.9,89.2,1002261.4,626413.4,10022613.8,578.906833015653,361.8167850747993,5789.068214636401,82.73333333333333,0.006686824049308093
549,Company_549,Utilities,North America,2024,1728.4,10.3,2634.7,-0.2,82.1,69.4,89.3,87.6,987622.0,617263.8,9876220.5,571.4082388336033,357.13017819949084,5714.082677620921,82.1,-0.0016750418760468344
549,Company_549,Utilities,North America,2025,1886.3,9.2,2027.1,9.1,81.9,71.0,91.1,83.7,1061026.4,663141.5,10610263.6,562.4908020993479,351.55675131209244,5624.907808938133,81.93333333333334,0.09135616755380682
550,Company_550,Consumer Goods,Asia,2015,716.5,12.8,1156.3,1.65,64.6,41.7,79.1,72.8,130131.4,162664.3,650657.2,181.62093510118632,227.0262386601535,908.104954640614,64.53333333333333,
550,Company_550,Consumer Goods,Asia,2016,733.0,12.5,2107.6,2.3,66.6,47.4,78.0,74.5,127245.2,159056.4,636225.8,173.5950886766712,216.993724420191,867.9751705320601,66.63333333333334,0.023028611304954705
550,Company_550,Consumer Goods,Asia,2017,735.1,17.0,3026.0,0.3,68.5,51.2,76.8,77.4,123688.1,154610.1,618440.5,168.26023670248946,210.32526186913344,841.3011835124472,68.46666666666667,0.0028649386084584894
550,Company_550,Consumer Goods,Asia,2018,815.5,21.2,2570.6,10.9,69.0,48.8,78.7,79.6,140052.1,175065.1,700260.3,171.73770692826488,214.67210300429184,858.6882893930105,69.03333333333333,0.1093728744388518
550,Company_550,Consumer Goods,Asia,2019,889.2,23.0,2715.9,9.0,67.8,49.1,77.8,76.3,152304.6,190380.7,761523.0,171.28272604588395,214.10335132703554,856.4136302294197,67.73333333333333,0.09037400367872483
550,Company_550,Consumer Goods,Asia,2020,1000.9,22.8,4526.7,12.6,66.9,48.0,79.3,73.6,172992.4,216240.5,864962.0,172.83684683784594,216.04605854730744,864.1842341892298,66.96666666666665,0.12561853351327024
550,Company_550,Consumer Goods,Asia,2021,1001.4,24.2,2886.0,0.0,66.9,48.2,76.4,76.0,172695.1,215868.8,863475.3,172.45366486918314,215.56700619133213,862.2681246255244,66.86666666666667,0.0004995504046358956
550,Company_550,Consumer Goods,Asia,2022,1006.8,23.9,5386.5,0.5,67.5,50.4,77.1,75.0,170642.1,213302.7,853210.7,169.48957091775924,211.86203814064365,847.4480532379818,67.5,0.005392450569203122
550,Company_550,Consumer Goods,Asia,2023,1017.2,26.3,3254.9,1.0,67.2,51.2,73.9,76.5,171163.2,213954.0,855815.8,168.26897365316555,210.33621706645692,841.3446716476602,67.2,0.01032975764799371
550,Company_550,Consumer Goods,Asia,2024,1093.2,26.5,6692.4,7.5,66.9,50.6,73.0,77.2,184980.4,231225.4,924901.8,169.2100256128796,211.51244054152943,846.049945115258,66.93333333333334,0.07471490365709799
550,Company_550,Consumer Goods,Asia,2025,1010.2,24.7,4527.5,-7.6,67.7,50.5,74.6,78.0,170992.6,213740.7,854962.8,169.26608592357948,211.5825579093249,846.3302316372996,67.7,-0.0759238931577022
551,Company_551,Retail,Middle East,2015,1931.1,8.0,1937.7,-0.39999999999999997,43.2,69.6,42.3,17.7,137658.0,68829.0,275315.9,71.28475998135778,35.64237999067889,142.56946817875823,43.199999999999996,
551,Company_551,Retail,Middle East,2016,1960.5,5.9,2690.4,1.5,45.5,73.6,42.9,20.1,134273.6,67136.8,268547.2,68.48946697271104,34.24473348635552,136.97893394542209,45.53333333333333,0.015224483455025695
551,Company_551,Retail,Middle East,2017,1967.7,6.0,2875.9,0.4,48.4,77.0,43.8,24.3,130044.8,65022.4,260089.7,66.08974945367689,33.044874726838444,132.17954972810895,48.36666666666667,0.00367253251721511
551,Company_551,Retail,Middle East,2018,1938.2,5.0,1575.6,-1.5,49.0,78.7,44.0,24.4,125836.9,62918.4,251673.8,64.92462078216901,32.46228459395315,129.84924156433803,49.03333333333333,-0.014992122782944595
551,Company_551,Retail,Middle East,2019,1998.6,7.3,3300.0,3.1,48.8,78.9,44.5,22.9,129479.2,64739.6,258958.4,64.78494946462524,32.39247473231262,129.56989892925048,48.76666666666667,0.031162934681663312
551,Company_551,Retail,Middle East,2020,2010.9,8.3,3018.5,0.6,50.6,81.7,47.5,22.6,126247.5,63123.8,252495.0,62.781590332686854,31.390820030831964,125.56318066537371,50.599999999999994,0.00615430801561101
551,Company_551,Retail,Middle East,2021,1970.0,6.7,1569.9,-2.0,51.5,81.5,48.7,24.3,123974.3,61987.1,247948.5,62.93111675126904,31.46553299492386,125.86218274111675,51.5,-0.020339151623651186
551,Company_551,Retail,Middle East,2022,1832.7,7.0,2645.3,-7.0,53.1,82.8,50.5,26.0,113672.3,56836.1,227344.5,62.024499372510505,31.012222404103234,124.04894418071697,53.1,-0.06969543147208124
551,Company_551,Retail,Middle East,2023,1868.2,9.0,2116.1,1.9,53.8,80.1,56.7,24.7,119420.9,59710.4,238841.7,63.922973985654636,31.961460229097526,127.8458944438497,53.833333333333336,0.0193703279314672
551,Company_551,Retail,Middle East,2024,1795.7,8.6,2300.8,-3.9,55.4,82.6,55.6,27.9,111600.0,55800.0,223200.1,62.14846577936181,31.074232889680903,124.29698724731303,55.36666666666667,-0.038807408200406845
551,Company_551,Retail,Middle East,2025,1774.5,10.8,4418.6,-1.2,56.8,86.1,52.5,31.7,105978.8,52989.4,211957.6,59.72318963088194,29.86159481544097,119.44637926176388,56.76666666666666,-0.01180598095450247
552,Company_552,Consumer Goods,Asia,2015,946.5,13.5,1984.8,-1.0,59.0,39.2,60.2,77.6,175271.0,219088.8,876355.2,185.17802430005284,231.4725832012678,925.8903328050712,59.0,
552,Company_552,Consumer Goods,Asia,2016,877.1,14.7,3084.7,-7.3,61.1,41.8,62.1,79.5,159144.4,198930.5,795721.8,181.44384904799907,226.80481130999885,907.2190172158249,61.13333333333333,-0.07332276809297411
552,Company_552,Consumer Goods,Asia,2017,790.8,15.1,2869.9,-9.8,61.1,44.3,59.0,79.9,140715.0,175893.8,703575.1,177.94006069802734,222.42513909964592,889.7004299443602,61.06666666666666,-0.09839242959753747
552,Company_552,Consumer Goods,Asia,2018,758.9,12.1,1570.9,-4.0,61.6,48.3,58.5,78.2,130852.1,163565.1,654260.3,172.4233759388589,215.52918698115695,862.1166161549612,61.666666666666664,-0.0403388973191704
552,Company_552,Consumer Goods,Asia,2019,850.4,11.4,2391.5,12.1,61.6,47.7,57.8,79.3,147349.3,184186.6,736746.6,173.27057855126998,216.58819379115712,866.3530103480715,61.6,0.12056924495981036
552,Company_552,Consumer Goods,Asia,2020,874.4,13.0,2157.7,2.8,60.8,46.7,59.4,76.1,152655.0,190818.7,763274.9,174.58257090576396,218.22815645013725,872.9127401646844,60.73333333333333,0.02822201317027284
552,Company_552,Consumer Goods,Asia,2021,930.0,19.3,3194.6,6.4,61.0,45.7,59.5,77.9,163757.5,204696.9,818787.7,176.08333333333334,220.1041935483871,880.4168817204301,61.03333333333334,0.06358645928636775
552,Company_552,Consumer Goods,Asia,2022,944.9,19.0,3656.0,1.6,61.9,49.3,57.5,79.0,161545.0,201931.3,807725.1,170.96518150068792,213.7065297915123,854.8260133347444,61.93333333333334,0.01602150537634417
552,Company_552,Consumer Goods,Asia,2023,922.6,22.7,3465.4,-2.4,62.7,50.8,59.0,78.3,155793.4,194741.7,778966.9,168.86342943854325,211.07923260351183,844.3170388033817,62.699999999999996,-0.023600380992697567
552,Company_552,Consumer Goods,Asia,2024,926.1,23.3,2662.1,0.4,63.4,50.5,64.0,75.8,156808.9,196011.1,784044.4,169.32177950545295,211.65219738689126,846.608789547565,63.43333333333334,0.003793626707132125
552,Company_552,Consumer Goods,Asia,2025,861.5,22.9,4168.2,-7.0,66.0,52.2,65.4,80.3,143755.3,179694.1,718776.6,166.86627974463144,208.58282066163667,834.3315147997678,65.96666666666667,-0.06975488608141667
553,Company_553,Retail,Africa,2015,2555.6,8.6,3779.2,2.0,47.7,47.3,50.5,45.5,222115.0,111057.5,444230.1,86.91305368602285,43.456526843011424,173.82614650179997,47.76666666666667,
553,Company_553,Retail,Africa,2016,2639.5,7.5,3418.2,3.3,46.6,44.5,50.0,45.3,234500.1,117250.1,469000.3,88.84262170865695,44.4213297973101,177.68528130327712,46.6,0.03282986382845521
553,Company_553,Retail,Africa,2017,2999.9,8.0,5536.2,13.7,47.1,45.8,50.6,44.9,263846.3,131923.2,527692.6,87.95169838994633,43.97586586219541,175.90339677989266,47.1,0.1365410115552188
553,Company_553,Retail,Africa,2018,3048.2,8.0,2645.5,1.6,48.4,46.8,53.0,45.5,265881.9,132941.0,531763.8,87.22587100583952,43.612951906042916,174.45174201167904,48.43333333333334,0.016100536684556133
553,Company_553,Retail,Africa,2019,3309.7,5.9,4489.6,8.6,49.7,48.6,52.5,48.0,284556.8,142278.4,569113.6,85.97661419463999,42.988307097319996,171.95322838927999,49.699999999999996,0.08578833409881237
553,Company_553,Retail,Africa,2020,3045.6,7.5,3898.8,-8.0,51.6,49.1,55.2,50.5,260841.8,130420.9,521683.6,85.64545573942738,42.82272786971369,171.29091147885475,51.6,-0.0797957518808351
553,Company_553,Retail,Africa,2021,3119.6,7.9,2820.7,2.4,54.1,49.3,61.0,51.9,266584.2,133292.1,533168.4,85.4546095653289,42.72730478266445,170.9092191306578,54.06666666666666,0.024297346992382396
553,Company_553,Retail,Africa,2022,3505.4,9.2,5618.9,12.4,54.9,51.5,60.9,52.2,294227.8,147113.9,588455.6,83.93558509727848,41.96779254863924,167.87117019455695,54.866666666666674,0.12366970124374932
553,Company_553,Retail,Africa,2023,3535.6,10.3,4063.4,0.9,57.1,53.2,61.1,56.9,292719.1,146359.5,585438.1,82.79191650639213,41.39594411132481,165.58380472904173,57.06666666666667,0.008615279283391342
553,Company_553,Retail,Africa,2024,3376.7,12.1,8419.4,-4.5,58.0,55.2,60.3,58.5,274663.5,137331.7,549326.9,81.34080611247668,40.67038824888205,162.68158261024078,58.0,-0.04494286684014026
553,Company_553,Retail,Africa,2025,3308.7,10.3,5461.8,-2.0,56.8,54.3,58.9,57.3,271245.5,135622.7,542490.9,81.97947834496932,40.98972406080939,163.9589264665881,56.833333333333336,-0.020138004560665723
554,Company_554,Manufacturing,Europe,2015,895.7,9.6,1368.8,8.45,46.5,29.8,76.8,33.0,266378.9,355171.9,4439648.9,297.39745450485657,396.52997655465,4956.624874399911,46.53333333333333,
554,Company_554,Manufacturing,Europe,2016,998.7,8.9,866.3,11.5,47.0,29.4,79.1,32.5,297841.2,397121.7,4964020.7,298.2288975668369,397.63863021928506,4970.482327025133,47.0,0.11499385955118901
554,Company_554,Manufacturing,Europe,2017,1097.3,8.2,793.2,9.9,46.5,28.6,74.5,36.4,329135.6,438847.5,5485593.7,299.95042376742913,399.9339287341657,4999.1740636106815,46.5,0.09872834685090615
554,Company_554,Manufacturing,Europe,2018,1095.5,4.2,1004.7,-0.2,47.8,32.0,75.7,35.8,320722.4,427629.9,5345373.5,292.763486992241,390.35134641716115,4879.391602008215,47.833333333333336,-0.0016403900483002998
554,Company_554,Manufacturing,Europe,2019,1131.2,5.5,1148.6,3.3,48.9,30.4,79.8,36.5,334947.3,446596.4,5582455.5,296.09909830268737,394.7987977369165,4934.985413719944,48.9,0.03258785942492026
554,Company_554,Manufacturing,Europe,2020,1275.2,4.3,1137.6,12.7,49.3,32.1,80.8,35.2,373134.3,497512.4,6218905.3,292.60845357590966,390.14460476787957,4876.807794855708,49.366666666666674,0.12729844413012725
554,Company_554,Manufacturing,Europe,2021,1412.8,0.6,117.5,10.8,51.6,36.9,80.4,37.5,399067.8,532090.4,6651129.4,282.4658833522084,376.62117780294454,4707.764297848245,51.6,0.10790464240903375
554,Company_554,Manufacturing,Europe,2022,1500.1,0.6,91.6,6.2,51.1,36.8,81.1,35.4,424063.9,565418.5,7067731.2,282.6904206386241,376.92053863075796,4711.506699553363,51.099999999999994,0.06179218573046419
554,Company_554,Manufacturing,Europe,2023,1590.9,-4.1,2983.7,6.1,50.5,34.3,80.9,36.4,458300.5,611067.4,7638342.2,288.076246149978,384.1017034383054,4801.271104406311,50.53333333333333,0.060529298046797075
554,Company_554,Manufacturing,Europe,2024,1902.9,-4.3,3641.2,19.6,50.5,34.7,82.8,34.1,546538.3,728717.7,9108971.4,287.21335855799043,382.95112722686423,4786.889169162857,50.53333333333333,0.1961154063737507
554,Company_554,Manufacturing,Europe,2025,2035.9,-6.4,5062.6,7.0,51.4,38.9,80.9,34.5,566442.3,755256.4,9440705.0,278.2269757846653,370.9693010462203,4637.116263077754,51.43333333333334,0.06989332072100485
555,Company_555,Energy,Africa,2015,1666.8,16.4,3472.1,0.7,28.3,8.0,34.3,42.7,1906401.5,571920.5,19064015.0,1143.7494000479962,343.12485001199906,11437.494000479963,28.333333333333332,
555,Company_555,Energy,Africa,2016,1589.8,14.2,2870.6,-4.6,29.0,9.8,34.2,43.0,1798539.8,539561.9,17985397.8,1131.2994087306581,339.3897974587999,11312.993961504593,29.0,-0.046196304295656354
555,Company_555,Energy,Africa,2017,2061.4,12.2,4591.9,29.7,29.1,11.4,32.4,43.4,2308622.7,692586.8,23086227.5,1119.929513922577,335.978849325701,11199.295381779373,29.066666666666663,0.29664108692917357
555,Company_555,Energy,Africa,2018,2144.8,18.8,6141.8,4.0,29.7,12.1,34.8,42.3,2392759.2,717827.8,23927591.7,1115.609474076837,334.68286087280865,11156.094600895187,29.73333333333333,0.04045794120500634
555,Company_555,Energy,Africa,2019,2402.2,16.4,5336.4,12.0,31.2,15.1,35.5,43.0,2629395.8,788818.7,26293957.9,1094.578219965032,328.37344933810675,10945.782158021813,31.2,0.12001118985453174
555,Company_555,Energy,Africa,2020,2504.4,18.6,4582.0,4.3,32.6,16.0,37.7,44.2,2724283.9,817285.2,27242839.3,1087.7990337006868,326.3397220891231,10877.990456796038,32.63333333333333,0.04254433436016991
555,Company_555,Energy,Africa,2021,2756.1,20.4,9974.5,10.0,35.3,18.7,41.9,45.2,2946081.7,883824.5,29460816.5,1068.9313522731397,320.6794020536265,10689.313341315628,35.266666666666666,0.1005031145184474
555,Company_555,Energy,Africa,2022,2684.0,26.7,12215.9,-2.6,37.9,20.4,44.6,48.7,2837121.1,851136.3,28371211.3,1057.0495901639345,317.1148658718331,10570.496013412818,37.9,-0.026160153840571798
555,Company_555,Energy,Africa,2023,2482.3,26.7,8768.2,-7.5,40.0,21.0,48.9,50.2,2613064.8,783919.4,26130647.8,1052.678886516537,315.8036498408734,10526.788784594932,40.03333333333334,-0.07514903129657224
555,Company_555,Energy,Africa,2024,2359.3,23.9,7182.4,-5.0,41.4,25.1,46.5,52.7,2417169.4,725150.8,24171693.8,1024.5282075191792,307.35845377866315,10245.281990420886,41.43333333333333,-0.04955081980421383
555,Company_555,Energy,Africa,2025,2171.5,16.7,5617.9,-8.0,41.5,26.5,46.9,51.2,2203484.3,661045.3,22034843.1,1014.7291273313377,304.41874280451304,10147.291319364494,41.53333333333334,-0.07959988132073081
556,Company_556,Transportation,Asia,2015,2500.0,6.6,1866.9,0.1,35.5,35.3,44.6,26.6,1429190.5,238198.4,4763968.2,571.6762,95.27936,1905.58728,35.5,
556,Company_556,Transportation,Asia,2016,2512.6,6.3,2983.3,0.5,37.0,36.9,44.4,29.6,1419231.7,236538.6,4730772.2,564.8458568813181,94.1409695136512,1882.819469871846,36.96666666666667,0.005039999999999933
556,Company_556,Transportation,Asia,2017,2267.9,8.2,2676.9,-9.7,37.0,35.4,46.1,29.6,1295510.2,215918.4,4318367.3,571.237797081,95.20631421138498,1904.125975572115,37.03333333333333,-0.09738915864045206
556,Company_556,Transportation,Asia,2018,2191.7,7.6,1820.3,-3.4,38.1,35.9,46.8,31.4,1247443.0,207907.2,4158143.4,569.1668567778437,94.86115800520146,1897.222886343934,38.03333333333333,-0.03359936505136918
556,Company_556,Transportation,Asia,2019,2488.6,2.7,537.3,13.5,39.9,37.1,49.3,33.3,1404342.3,234057.1,4681141.1,564.3101743952424,94.05171582415817,1881.0339548340432,39.9,0.1354656202947484
556,Company_556,Transportation,Asia,2020,2480.7,0.5,235.8,-0.3,43.0,40.5,53.7,34.8,1363682.6,227280.4,4545608.8,549.7168541137582,91.61946224855888,1832.3895674607975,43.0,-0.0031744756087760395
556,Company_556,Transportation,Asia,2021,2396.8,-0.4,2054.6,-3.4,42.6,38.7,53.4,35.6,1336153.8,222692.3,4453846.0,557.4740487316421,92.91234145527369,1858.2468291054738,42.56666666666666,-0.033821098883379586
556,Company_556,Transportation,Asia,2022,2746.4,1.2,346.5,14.6,45.9,42.6,56.8,38.2,1486381.7,247730.3,4954605.6,541.2109306728809,90.20182784736382,1804.036411302068,45.866666666666674,0.14586114819759666
556,Company_556,Transportation,Asia,2023,2582.9,-1.5,5746.6,-6.0,45.5,41.6,57.8,37.1,1408228.0,234704.7,4694093.2,545.2119710403035,90.86867474544117,1817.3731851794494,45.5,-0.05953247888144475
556,Company_556,Transportation,Asia,2024,2857.3,-0.5,12613.3,10.6,46.2,43.0,56.7,38.8,1541272.9,256878.8,5137576.4,539.4158471284079,89.90263535505547,1798.0528470934098,46.166666666666664,0.1062371752681095
556,Company_556,Transportation,Asia,2025,3052.8,2.9,1549.3,6.8,46.2,43.2,58.8,36.7,1644022.1,274003.7,5480073.8,538.5292518343815,89.75488076519916,1795.0975497903562,46.23333333333333,0.06842123683197432
557,Company_557,Healthcare,North America,2015,3963.9,1.6,1184.2,12.850000000000001,65.4,66.0,61.8,68.3,292428.2,292428.2,584856.4,73.77284997098818,73.77284997098818,147.54569994197635,65.36666666666666,
557,Company_557,Healthcare,North America,2016,4355.8,2.7,2188.5,9.9,64.8,63.9,63.8,66.6,327865.3,327865.3,655730.6,75.27097203728361,75.27097203728361,150.54194407456723,64.76666666666667,0.098867277176518
557,Company_557,Healthcare,North America,2017,4477.5,-2.5,19446.0,2.8,65.4,63.9,63.1,69.3,336877.5,336877.5,673755.0,75.23785594639865,75.23785594639865,150.4757118927973,65.43333333333334,0.027939758482942167
557,Company_557,Healthcare,North America,2018,4658.2,-2.0,18476.6,4.0,65.0,65.5,59.6,69.8,345254.3,345254.3,690508.7,74.11753467004422,74.11753467004422,148.2350908076081,64.96666666666665,0.04035734226688992
557,Company_557,Healthcare,North America,2019,5030.1,1.8,956.2,8.0,66.3,64.6,62.7,71.5,376181.4,376181.4,752362.9,74.78606787141409,74.78606787141409,149.57215562314863,66.26666666666667,0.07983770555150072
557,Company_557,Healthcare,North America,2020,5775.1,-0.1,14719.2,14.8,66.0,61.6,64.5,71.8,443817.7,443817.7,887635.4,76.85021904382607,76.85021904382607,153.70043808765215,65.96666666666665,0.14810838750720667
557,Company_557,Healthcare,North America,2021,6457.0,0.7,1118.2,11.8,66.9,64.6,63.5,72.7,482686.2,482686.2,965372.3,74.75394145888184,74.75394145888184,149.50786743069537,66.93333333333334,0.11807587747398296
557,Company_557,Healthcare,North America,2022,7744.8,0.8,1110.3,19.9,67.0,64.8,61.8,74.4,577982.0,577982.0,1155963.9,74.62839582687738,74.62839582687738,149.2567787418655,67.0,0.19944246554127298
557,Company_557,Healthcare,North America,2023,8861.1,-1.1,25062.1,14.4,67.6,65.4,61.6,75.8,657975.1,657975.1,1315950.3,74.25433636907381,74.25433636907381,148.50868402342823,67.60000000000001,0.14413541989463896
557,Company_557,Healthcare,North America,2024,10128.7,1.9,3662.6,14.3,67.5,64.6,59.7,78.2,757160.0,757160.0,1514320.0,74.75391708708916,74.75391708708916,149.50783417417833,67.5,0.14305221699337567
557,Company_557,Healthcare,North America,2025,11534.9,3.3,4090.1,13.9,66.6,64.3,58.0,77.4,864776.2,864776.2,1729552.5,74.9704115336934,74.9704115336934,149.94083173672942,66.56666666666666,0.1388332165035986
558,Company_558,Finance,Middle East,2015,3944.8,10.0,3942.6,2.15,50.7,45.0,50.5,56.5,69822.3,34911.1,174555.7,17.6998326911377,8.849903670655038,44.24956905293044,50.666666666666664,
558,Company_558,Finance,Middle East,2016,4021.7,9.7,4696.0,1.9,50.5,45.3,51.8,54.5,71018.6,35509.3,177546.5,17.65885073476391,8.829425367381955,44.14712683690977,50.53333333333333,0.019494017440681244
558,Company_558,Finance,Middle East,2017,3869.6,12.4,6177.6,-3.8,51.9,44.5,53.7,57.5,68773.6,34386.8,171934.1,17.772793053545588,8.886396526772794,44.432008476328306,51.9,-0.03781982743615886
558,Company_558,Finance,Middle East,2018,3723.5,8.5,5212.5,-3.8,53.5,47.7,54.4,58.3,64517.8,32258.9,161294.5,17.327192157915942,8.663596078957971,43.31798039478985,53.46666666666666,-0.03775584039694024
558,Company_558,Finance,Middle East,2019,3934.4,8.6,2853.2,5.7,53.2,48.9,51.7,58.9,67508.3,33754.1,168770.7,17.158473973159822,8.579224278161854,42.8961722244815,53.166666666666664,0.05664025782194182
558,Company_558,Finance,Middle East,2020,4028.3,4.4,2030.5,2.4,51.6,48.2,48.9,57.7,69506.6,34753.3,173766.5,17.25457388973016,8.62728694486508,43.1364347243254,51.6,0.023866409109394082
558,Company_558,Finance,Middle East,2021,4002.3,3.3,2352.2,-0.6,53.8,52.0,50.1,59.2,66936.5,33468.2,167341.2,16.724508407665592,8.362241711016164,41.81125852634735,53.76666666666667,-0.006454335575801218
558,Company_558,Finance,Middle East,2022,4593.6,1.8,831.9,14.8,55.7,51.0,54.0,62.2,77468.7,38734.3,193671.7,16.864485370950888,8.432231800766283,42.16120254266806,55.73333333333333,0.14774004947155395
558,Company_558,Finance,Middle East,2023,5002.9,5.8,3060.3,8.9,57.9,53.7,52.5,67.3,82452.0,41226.0,206129.9,16.480841112154952,8.240420556077476,41.20208279198065,57.833333333333336,0.08910222918843602
558,Company_558,Finance,Middle East,2024,4462.5,2.8,1443.2,-10.8,58.2,56.9,50.9,66.9,71554.2,35777.1,178885.6,16.034554621848738,8.017277310924369,40.086408963585434,58.23333333333333,-0.10801734993703649
558,Company_558,Finance,Middle East,2025,4629.6,2.9,2472.1,3.7,58.1,56.7,51.4,66.2,74355.1,37177.5,185887.7,16.06080438914809,8.030391394504925,40.1520001728011,58.1,0.03744537815126048
559,Company_559,Manufacturing,Middle East,2015,1719.6,20.4,3547.5,7.05,38.5,48.0,24.8,42.7,445564.5,594086.0,7426075.4,259.1093859036985,345.4791812049314,4318.489997673878,38.5,
559,Company_559,Manufacturing,Middle East,2016,1802.8,23.5,8673.5,4.8,40.2,51.8,25.3,43.4,452787.3,603716.4,7546455.1,251.15781007321942,334.87708009762594,4185.963556689594,40.166666666666664,0.04838334496394503
559,Company_559,Manufacturing,Middle East,2017,2154.0,21.9,4707.0,19.5,43.8,58.8,29.0,43.7,509244.1,678992.2,8487402.3,236.41787372330546,315.2238625812442,3940.298189415042,43.833333333333336,0.19480807632571562
559,Company_559,Manufacturing,Middle East,2018,2614.9,17.1,8757.2,21.4,45.9,60.9,31.1,45.7,607204.4,809605.9,10120073.8,232.20941527400666,309.6125664461356,3870.1570996978853,45.9,0.2139740018570102
559,Company_559,Manufacturing,Middle East,2019,2813.3,14.5,6328.6,7.6,46.2,61.2,29.8,47.5,651085.6,868114.1,10851426.4,231.4312728823801,308.5750186613585,3857.187786585149,46.166666666666664,0.07587288232819622
559,Company_559,Manufacturing,Middle East,2020,3405.4,13.0,4424.2,21.0,47.1,60.0,33.0,48.3,796538.3,1062051.1,13275638.4,233.9044752451988,311.8726434486404,3898.407940330064,47.1,0.21046457896420567
559,Company_559,Manufacturing,Middle East,2021,3951.0,10.6,8571.0,16.0,49.1,61.4,36.7,49.3,913184.9,1217579.9,15219748.3,231.12753733232094,308.17005821311056,3852.1256137686664,49.133333333333326,0.16021612732718626
559,Company_559,Manufacturing,Middle East,2022,4209.7,9.8,5097.9,6.5,47.6,60.8,34.5,47.5,977646.6,1303528.8,16294110.1,232.2366439413735,309.648858588498,3870.610756110887,47.6,0.06547709440647931
559,Company_559,Manufacturing,Middle East,2023,4414.7,11.1,9739.3,4.9,49.1,61.8,37.3,48.4,1016525.3,1355367.0,16942088.1,230.25920221079576,307.0122545133305,3837.653317326206,49.166666666666664,0.048697056797396554
559,Company_559,Manufacturing,Middle East,2024,4523.7,9.7,8664.3,2.5,50.4,64.5,36.8,49.9,1015803.6,1354404.8,16930059.8,224.55149545725845,299.4019939430113,3742.524880076044,50.4,0.02469023942736759
559,Company_559,Manufacturing,Middle East,2025,4629.8,9.4,3908.8,2.3,51.8,66.5,37.8,51.0,1020045.3,1360060.5,17000755.8,220.3216769622878,293.7622575489222,3672.0281221651044,51.76666666666667,0.02345425205031293
560,Company_560,Technology,Latin America,2015,1255.7,22.0,9087.9,20.75,56.7,84.6,69.4,16.1,38160.4,22896.2,76320.7,30.389742772955323,18.23381380903082,60.77940590905471,56.699999999999996,
560,Company_560,Technology,Latin America,2016,1548.0,21.8,10999.5,23.3,57.2,82.9,71.9,16.9,47954.9,28772.9,95909.8,30.97861757105943,18.587144702842377,61.95723514211886,57.23333333333334,0.23277852990363934
560,Company_560,Technology,Latin America,2017,1989.4,21.0,13550.6,28.5,56.4,83.3,69.5,16.5,61371.6,36823.0,122743.2,30.849301296873428,18.50960088468885,61.698602593746855,56.43333333333334,0.2851421188630492
560,Company_560,Technology,Latin America,2018,2297.6,22.5,13850.3,15.5,56.7,84.3,71.7,14.0,70100.7,42060.4,140201.5,30.510402158774372,18.30623259052925,61.02084784122563,56.666666666666664,0.15492108173318586
560,Company_560,Technology,Latin America,2019,2891.7,17.3,16295.3,25.9,56.3,85.8,70.5,12.5,86659.7,51995.8,173319.4,29.96842687692361,17.98104920980738,59.93685375384722,56.26666666666667,0.2585741643454038
560,Company_560,Technology,Latin America,2020,3395.9,12.2,9079.1,17.4,57.5,88.4,69.1,14.9,98726.2,59235.7,197452.5,29.072175270178743,17.443299272652315,58.14437998763214,57.46666666666667,0.1743611024656777
560,Company_560,Technology,Latin America,2021,4160.8,14.9,13935.9,22.5,56.2,86.3,65.2,17.2,123970.7,74382.4,247941.4,29.794919246298786,17.87694674101134,59.58983849259757,56.23333333333333,0.22524220383403515
560,Company_560,Technology,Latin America,2022,4499.4,18.0,13692.0,8.1,57.3,88.1,63.6,20.1,131298.0,78778.8,262596.1,29.181224163221763,17.50873449793306,58.36247055162911,57.26666666666666,0.08137858104210705
560,Company_560,Technology,Latin America,2023,5461.8,16.4,19428.4,21.4,58.4,87.6,65.1,22.6,160310.5,96186.3,320620.9,29.351221209125196,17.610732725475117,58.70242410926801,58.43333333333333,0.2138951860248035
560,Company_560,Technology,Latin America,2024,6132.7,17.4,17263.7,12.3,58.0,86.8,66.1,21.2,181691.2,109014.7,363382.5,29.62662448839826,17.775971431832634,59.25326528282812,58.033333333333324,0.12283496283276563
560,Company_560,Technology,Latin America,2025,7364.4,16.1,24347.2,20.1,57.0,85.6,64.1,21.2,221180.4,132708.2,442360.7,30.033729835424474,18.020232469719193,60.067446092010215,56.96666666666666,0.20084139123061617
561,Company_561,Healthcare,Africa,2015,1484.6,15.4,3411.9,9.4,34.2,63.8,7.0,31.7,111825.5,111825.5,223651.0,75.32365620369123,75.32365620369123,150.64731240738246,34.166666666666664,
561,Company_561,Healthcare,Africa,2016,1486.2,16.5,4895.7,0.1,35.2,66.9,8.2,30.5,108765.2,108765.2,217530.3,73.18342080473691,73.18342080473691,146.36677432377874,35.2,0.00107773137545486
561,Company_561,Healthcare,Africa,2017,1618.5,25.2,9108.8,8.9,35.6,67.3,8.0,31.4,117982.0,117982.0,235964.0,72.89589125733704,72.89589125733704,145.79178251467408,35.56666666666666,0.08901897456600727
561,Company_561,Healthcare,Africa,2018,1675.1,26.2,4986.5,3.5,35.5,66.8,8.1,31.6,122640.6,122640.6,245281.2,73.2138976777506,73.2138976777506,146.4277953555012,35.5,0.03497065183812165
561,Company_561,Healthcare,Africa,2019,2013.0,30.2,15021.9,20.2,36.5,71.5,6.6,31.4,140871.7,140871.7,281743.5,69.9809736711376,69.9809736711376,139.96199701937408,36.5,0.20171930034027818
561,Company_561,Healthcare,Africa,2020,1982.3,35.4,9394.4,-1.5,37.3,72.2,5.3,34.4,137724.4,137724.4,275448.8,69.47707208797861,69.47707208797861,138.95414417595723,37.300000000000004,-0.015250869349230034
561,Company_561,Healthcare,Africa,2021,2417.2,34.9,12522.3,21.9,39.3,76.2,6.7,35.0,161071.0,161071.0,322142.0,66.63536323018369,66.63536323018369,133.27072646036737,39.300000000000004,0.21939161579982835
561,Company_561,Healthcare,Africa,2022,2657.0,33.4,13268.4,9.9,39.5,76.9,5.3,36.4,175765.0,175765.0,351530.1,66.15167482122695,66.15167482122695,132.30338727888596,39.53333333333333,0.09920569253681943
561,Company_561,Healthcare,Africa,2023,3394.4,33.6,15376.8,27.8,38.3,77.1,3.2,34.7,224182.8,224182.8,448365.6,66.04489747819939,66.04489747819939,132.08979495639878,38.333333333333336,0.27753105005645473
561,Company_561,Healthcare,Africa,2024,3400.8,29.5,19347.9,0.2,39.5,79.4,5.5,33.7,218963.6,218963.6,437927.2,64.3859091978358,64.3859091978358,128.7718183956716,39.53333333333334,0.0018854584020739917
561,Company_561,Healthcare,Africa,2025,3898.4,29.1,11525.3,14.6,42.5,82.1,8.0,37.5,243825.5,243825.5,487650.9,62.54501846911553,62.54501846911553,125.09001128668172,42.53333333333333,0.14631851329099033
562,Company_562,Transportation,Africa,2015,331.6,17.6,745.7,3.4000000000000004,18.5,20.6,20.0,15.0,210112.5,35018.8,700375.1,633.6323884197828,105.60554885404102,2112.1082629674306,18.533333333333335,
562,Company_562,Transportation,Africa,2016,322.8,16.7,890.0,-2.7,19.2,22.2,20.7,14.8,202267.2,33711.2,674223.8,626.6022304832713,104.43370508054522,2088.673482032218,19.233333333333334,-0.026537997587454787
562,Company_562,Transportation,Africa,2017,339.5,16.5,860.7,5.2,19.5,21.6,19.1,17.7,213603.0,35600.5,712010.1,629.1693667157584,104.86156111929307,2097.2315169366716,19.46666666666667,0.0517348203221808
562,Company_562,Transportation,Africa,2018,341.1,14.2,701.3,0.5,19.9,20.6,20.8,18.1,216008.8,36001.5,720029.4,633.2711814717092,105.5452946350044,2110.9041336851365,19.833333333333336,0.004712812960235624
562,Company_562,Transportation,Africa,2019,351.8,13.6,692.6,3.2,19.6,20.9,18.8,19.0,222364.3,37060.7,741214.2,632.0758953951108,105.34593519044911,2106.9192723138144,19.566666666666666,0.031369099970683045
562,Company_562,Transportation,Africa,2020,371.4,16.4,1178.4,5.6,20.3,20.5,19.4,20.9,235368.9,39228.2,784563.1,633.7342487883684,105.62250942380183,2112.447765212709,20.266666666666666,0.05571347356452527
562,Company_562,Transportation,Africa,2021,356.9,16.1,1005.3,-3.9,21.4,23.3,20.4,20.4,222007.6,37001.3,740025.2,622.0442701036706,103.67413841412161,2073.4805267581955,21.366666666666664,-0.03904146472805603
562,Company_562,Transportation,Africa,2022,412.3,18.3,1120.8,15.5,20.9,22.5,21.5,18.7,257892.0,42982.0,859640.2,625.4959980596652,104.24933300994421,2084.987145282561,20.900000000000002,0.15522555337629607
562,Company_562,Transportation,Africa,2023,400.2,18.6,817.4,-3.0,22.6,24.1,23.1,20.6,247667.1,41277.9,825557.1,618.8583208395802,103.1431784107946,2062.86131934033,22.600000000000005,-0.029347562454523413
562,Company_562,Transportation,Africa,2024,414.5,19.9,1026.8,3.6,22.7,22.1,22.3,23.8,260025.1,43337.5,866750.5,627.3223160434259,104.55367913148372,2091.074788902292,22.733333333333334,0.03573213393303343
562,Company_562,Transportation,Africa,2025,466.3,16.4,1293.5,12.5,25.7,26.6,23.4,27.0,283565.3,47260.9,945217.7,608.1177353634998,101.35299163628565,2027.0591893630708,25.666666666666668,0.12496984318455984
563,Company_563,Energy,Africa,2015,2795.8,4.9,2243.7,2.85,41.6,54.7,54.0,16.2,2284200.6,685260.2,22842005.8,817.0114457400387,245.1034408755991,8170.114385864511,41.63333333333333,
563,Company_563,Energy,Africa,2016,2983.2,6.6,1924.6,6.7,43.2,56.1,54.2,19.3,2409087.7,722726.3,24090877.4,807.5515218557255,242.26545320461253,8075.515352641459,43.20000000000001,0.06702911510122322
563,Company_563,Energy,Africa,2017,3133.4,3.4,943.4,5.0,43.7,54.7,54.3,22.0,2560679.7,768203.9,25606797.5,817.2208144507564,245.16624114380545,8172.2083040786365,43.666666666666664,0.050348618932689826
563,Company_563,Energy,Africa,2018,3052.9,-6.9,10286.2,-2.6,43.0,51.9,51.5,25.7,2554167.1,766250.1,25541670.8,836.6363457695961,250.99089390415668,8366.363392184481,43.03333333333333,-0.025690942745899004
563,Company_563,Energy,Africa,2019,2983.8,-4.9,4754.5,-2.3,43.0,53.5,51.1,24.3,2462404.6,738721.4,24624046.2,825.2579261344594,247.57738454319994,8252.579328373215,42.96666666666667,-0.022634216646467253
563,Company_563,Energy,Africa,2020,3423.4,-8.3,13387.7,14.7,44.3,54.5,51.8,26.7,2802124.6,840637.4,28021246.0,818.5209440906701,245.55628906934626,8185.2094409067,44.333333333333336,0.14732890944433263
563,Company_563,Energy,Africa,2021,2847.3,-5.7,8761.1,-16.8,46.8,57.6,51.3,31.5,2269578.8,680873.6,22695787.7,797.0985846240296,239.12956133881218,7970.985740877321,46.800000000000004,-0.1682829935152188
563,Company_563,Energy,Africa,2022,2856.1,-5.3,7970.3,0.3,47.9,57.3,53.6,32.8,2280930.2,684279.1,22809301.7,798.6170652288087,239.58513357375443,7986.170547249746,47.9,0.0030906472798790663
563,Company_563,Energy,Africa,2023,3011.7,-13.0,13175.7,5.4,48.7,59.3,54.3,32.5,2363050.0,708915.0,23630499.5,784.6233024537637,235.38699073612912,7846.232858518445,48.699999999999996,0.054479885158082775
563,Company_563,Energy,Africa,2024,3031.4,-5.5,2918.8,0.7,51.4,63.2,55.4,35.6,2296900.6,689070.2,22969006.2,757.7029095467441,227.31087946163487,7577.029161443557,51.4,0.0065411561576518285
563,Company_563,Energy,Africa,2025,3530.9,-6.4,12550.8,16.5,52.3,62.1,60.3,34.4,2703003.5,810901.1,27030035.1,765.5281939448865,229.65847234416154,7655.281967770257,52.26666666666667,0.16477535132282117
564,Company_564,Energy,Africa,2015,11842.7,5.6,5516.5,-0.8,34.5,36.8,25.2,41.6,11159115.8,3347734.7,111591157.7,942.2780109265624,282.68339990036054,9422.780083933561,34.53333333333333,
564,Company_564,Energy,Africa,2016,11329.3,10.2,16147.2,-4.3,36.5,40.3,26.0,43.1,10397990.7,3119397.2,103979906.5,917.7963951876991,275.3389176736427,9177.963907743639,36.46666666666667,-0.04335160056406073
564,Company_564,Energy,Africa,2017,10860.9,3.7,3267.7,-4.1,37.0,42.0,25.7,43.3,9838408.8,2951522.7,98384088.4,905.8557578101263,271.75673286744194,9058.557614930623,37.0,-0.04134412540933685
564,Company_564,Energy,Africa,2018,9092.6,1.8,2092.2,-16.3,35.6,39.9,24.8,42.1,8368723.8,2510617.1,83687237.9,920.3884257528099,276.11652332666125,9203.884246530146,35.6,-0.1628133948383651
564,Company_564,Energy,Africa,2019,10002.0,8.8,12277.9,10.0,35.3,40.0,23.8,41.9,9199408.5,2759822.6,91994085.4,919.7568986202759,275.927074585083,9197.569026194762,35.23333333333333,0.10001539713613261
564,Company_564,Energy,Africa,2020,10064.1,3.0,4217.1,0.6,34.9,40.8,21.8,42.0,9199157.0,2759747.1,91991569.8,914.0565972118719,274.2169791635616,9140.565952246101,34.86666666666667,0.006208758248350321
564,Company_564,Energy,Africa,2021,10440.4,13.2,25727.4,3.7,34.4,39.1,21.3,42.6,9667787.8,2900336.3,96677877.6,925.9978353319797,277.79934676832306,9259.978315007087,34.333333333333336,0.03739032799753583
564,Company_564,Energy,Africa,2022,9543.3,6.1,10832.5,-8.6,33.9,40.2,21.0,40.5,8769264.1,2630779.2,87692641.3,918.8922175767293,275.66766212945214,9188.922207202959,33.9,-0.08592582659668213
564,Company_564,Energy,Africa,2023,9726.5,1.4,1500.5,1.9,32.6,38.0,19.1,40.6,9083206.0,2724961.8,90832059.7,933.8617179869428,280.15851539608286,9338.617149025857,32.56666666666667,0.019196713924952702
564,Company_564,Energy,Africa,2024,10473.2,-2.1,29091.3,7.7,31.6,34.0,22.7,38.2,10073286.6,3021986.0,100732866.4,961.8155482565022,288.5446663865867,9618.155520757744,31.633333333333336,0.07676964992546154
564,Company_564,Energy,Africa,2025,10246.7,4.2,8194.5,-2.2,31.7,34.6,20.1,40.4,9811294.7,2943388.4,98112946.9,957.5077537158303,287.25232513882514,9575.077527399066,31.7,-0.021626627964709932
565,Company_565,Utilities,Europe,2015,1340.8,9.8,1800.4,3.4,44.9,29.1,56.5,49.2,1068880.2,668050.1,10688801.8,797.195853221957,498.2473896181384,7971.958383054894,44.93333333333334,
565,Company_565,Utilities,Europe,2016,1380.7,7.6,1336.0,3.0,43.6,27.8,54.3,48.8,1110438.7,694024.2,11104387.0,804.2577677989425,502.6611139277178,8042.577677989425,43.633333333333326,0.02975835322195719
565,Company_565,Utilities,Europe,2017,1370.5,6.9,1226.2,-0.7,44.4,31.6,49.7,51.7,1072910.6,670569.2,10729106.4,782.8607077708866,489.28799708135716,7828.607369573148,44.333333333333336,-0.007387557036286019
565,Company_565,Utilities,Europe,2018,1600.4,7.4,1189.6,16.8,44.4,31.2,49.7,52.1,1256366.3,785229.0,12563663.3,785.0326793301674,490.64546363409147,7850.326980754811,44.333333333333336,0.16774899671652688
565,Company_565,Utilities,Europe,2019,1655.5,5.6,1167.5,3.4,44.3,30.4,51.9,50.6,1307325.9,817078.7,13073258.8,789.686439142253,493.5540320144971,7896.864270613109,44.300000000000004,0.03442889277680572
565,Company_565,Utilities,Europe,2020,1593.4,6.8,1583.7,-3.7,43.9,30.0,50.1,51.7,1261914.5,788696.6,12619145.1,791.9634115727375,494.9771557675411,7919.634178486255,43.93333333333334,-0.03751132588341888
565,Company_565,Utilities,Europe,2021,1668.8,4.9,1058.7,4.7,43.7,31.0,50.5,49.8,1312491.3,820307.1,13124913.1,786.4880752636626,491.55506951102586,7864.8808125599235,43.76666666666667,0.047320195807706744
565,Company_565,Utilities,Europe,2022,1770.4,5.1,939.0,6.1,44.8,33.8,50.9,49.5,1364263.1,852664.5,13642631.3,770.5959670131044,481.62251468594667,7705.959839584275,44.73333333333333,0.060882070949185074
565,Company_565,Utilities,Europe,2023,1831.3,5.0,979.1,3.4,45.8,35.3,52.5,49.6,1396187.2,872617.0,13961871.8,762.4022279255174,476.5013924534484,7624.022170043139,45.800000000000004,0.03439900587437861
565,Company_565,Utilities,Europe,2024,1697.8,2.8,555.8,-7.3,46.5,36.2,53.1,50.2,1286023.8,803764.9,12860238.1,757.4648368476853,473.4155377547415,7574.648427376605,46.5,-0.0728990334734888
565,Company_565,Utilities,Europe,2025,1772.0,3.2,838.9,4.4,48.6,42.2,55.0,48.5,1281930.3,801206.4,12819303.1,723.4369638826186,452.1480812641084,7234.369695259594,48.56666666666666,0.04370361644481102
566,Company_566,Healthcare,North America,2015,1805.1,7.6,2995.8,6.25,52.6,36.2,43.6,77.9,170916.0,170916.0,341832.0,94.68505899950142,94.68505899950142,189.37011799900284,52.56666666666667,
566,Company_566,Healthcare,North America,2016,1928.5,12.5,4514.7,6.8,54.0,37.8,45.5,78.7,180327.4,180327.4,360654.8,93.50655950220379,93.50655950220379,187.01311900440757,54.0,0.06836186360866447
566,Company_566,Healthcare,North America,2017,2188.6,11.2,3095.3,13.5,52.6,37.5,45.4,75.0,205235.6,205235.6,410471.1,93.77483322672029,93.77483322672029,187.54962076213104,52.63333333333333,0.13487166191340405
566,Company_566,Healthcare,North America,2018,2313.5,7.0,2499.1,5.7,52.7,34.3,49.1,74.7,222032.7,222032.7,444065.4,95.97263885887185,95.97263885887185,191.9452777177437,52.70000000000001,0.05706844558165036
566,Company_566,Healthcare,North America,2019,1994.7,7.1,2937.0,-13.8,51.8,35.9,46.1,73.5,189297.6,189297.6,378595.3,94.90028575725673,94.90028575725673,189.80062164736552,51.833333333333336,-0.13779987032634533
566,Company_566,Healthcare,North America,2020,2161.6,7.9,3195.7,8.4,51.1,34.4,44.9,74.1,207299.1,207299.1,414598.1,95.90076794966691,95.90076794966691,191.8014896373057,51.133333333333326,0.0836717300847245
566,Company_566,Healthcare,North America,2021,2044.9,8.6,2379.6,-5.4,54.0,38.7,49.3,74.1,189958.5,189958.5,379917.0,92.89378453714117,92.89378453714117,185.78756907428235,54.03333333333333,-0.05398778682457428
566,Company_566,Healthcare,North America,2022,2243.5,15.0,5511.3,9.7,55.6,41.0,50.7,75.1,204804.4,204804.4,409608.8,91.28789837307778,91.28789837307778,182.57579674615556,55.6,0.09711966355322987
566,Company_566,Healthcare,North America,2023,2419.1,14.3,6661.8,7.8,59.5,45.0,57.4,76.2,214126.7,214126.7,428253.4,88.51502624943161,88.51502624943161,177.03005249886323,59.53333333333334,0.07827055939380423
566,Company_566,Healthcare,North America,2024,2531.3,15.9,4093.2,4.6,59.4,44.1,59.0,75.0,225541.4,225541.4,451082.9,89.10101528858688,89.10101528858688,178.20207008256628,59.36666666666667,0.046380885453267906
566,Company_566,Healthcare,North America,2025,2584.5,15.0,6237.1,2.1,58.8,42.6,57.9,76.1,233099.7,233099.7,466199.5,90.19141033081834,90.19141033081834,180.3828593538402,58.86666666666667,0.02101686880259157
567,Company_567,Healthcare,Oceania,2015,637.0,13.9,1914.2,9.7,75.0,83.0,64.5,77.5,39441.0,39441.0,78882.0,61.91679748822606,61.91679748822606,123.83359497645212,75.0,
567,Company_567,Healthcare,Oceania,2016,701.8,13.0,1725.8,10.2,74.8,83.7,64.4,76.2,43075.6,43075.6,86151.2,61.37874038187518,61.37874038187518,122.75748076375037,74.76666666666667,0.1017268445839874
567,Company_567,Healthcare,Oceania,2017,804.1,13.3,1491.0,14.6,76.7,85.9,65.1,79.2,48135.4,48135.4,96270.8,59.86245491854247,59.86245491854247,119.72490983708494,76.73333333333333,0.14576802507836994
567,Company_567,Healthcare,Oceania,2018,936.4,17.7,1715.1,16.5,78.4,86.3,66.9,81.8,55798.2,55798.2,111596.4,59.587996582656984,59.587996582656984,119.17599316531397,78.33333333333333,0.16453177465489355
567,Company_567,Healthcare,Oceania,2019,1003.6,13.2,1970.9,7.2,78.4,85.3,67.6,82.2,60484.2,60484.2,120968.3,60.26723794340374,60.26723794340374,120.53437624551614,78.36666666666666,0.07176420333190947
567,Company_567,Healthcare,Oceania,2020,1218.9,13.3,3897.8,21.5,79.2,85.2,71.0,81.3,73587.4,73587.4,147174.9,60.37197473131511,60.37197473131511,120.7440315038149,79.16666666666667,0.2145277002789956
567,Company_567,Healthcare,Oceania,2021,1318.7,19.0,6239.6,8.2,79.7,87.1,70.6,81.5,77827.9,77827.9,155655.9,59.018654735724574,59.018654735724574,118.03738530370819,79.73333333333333,0.08187710230535727
567,Company_567,Healthcare,Oceania,2022,1488.0,20.8,5150.0,12.8,78.3,87.3,70.6,77.0,87582.9,87582.9,175165.7,58.859475806451606,58.859475806451606,117.71888440860216,78.3,0.12838401455979365
567,Company_567,Healthcare,Oceania,2023,1591.9,25.5,9914.9,7.0,79.3,88.2,68.9,80.9,92751.3,92751.3,185502.7,58.26452666624788,58.26452666624788,116.52911615051197,79.33333333333334,0.0698252688172043
567,Company_567,Healthcare,Oceania,2024,1738.4,23.6,6675.5,9.2,80.9,90.0,68.9,83.8,99137.2,99137.2,198274.4,57.02784169351127,57.02784169351127,114.05568338702254,80.89999999999999,0.0920283937433255
567,Company_567,Healthcare,Oceania,2025,1799.4,22.4,4342.3,3.5,83.5,94.1,69.6,87.0,97460.8,97460.8,194921.7,54.162943203289984,54.162943203289984,108.32594198066022,83.56666666666666,0.035089737689829814
568,Company_568,Healthcare,Africa,2015,2414.1,16.3,4155.1,-8.75,43.0,49.6,55.7,23.6,205889.0,205889.0,411778.0,85.2860279193074,85.2860279193074,170.5720558386148,42.96666666666667,
568,Company_568,Healthcare,Africa,2016,2056.7,15.3,5036.0,-14.8,43.8,52.0,55.9,23.3,171923.5,171923.5,343846.9,83.59191909369379,83.59191909369379,167.18378956580932,43.73333333333334,-0.14804689118097847
568,Company_568,Healthcare,Africa,2017,1764.1,15.3,5203.8,-14.2,44.8,53.1,56.5,24.8,146148.2,146148.2,292296.5,82.84575704325152,82.84575704325152,165.69157077263193,44.800000000000004,-0.1422667379783148
568,Company_568,Healthcare,Africa,2018,1534.4,17.0,4479.7,-13.0,47.2,58.0,58.2,25.5,121833.9,121833.9,243667.7,79.40165537017727,79.40165537017727,158.8032455683003,47.23333333333333,-0.13020803809307857
568,Company_568,Healthcare,Africa,2019,1433.0,16.6,3730.3,-6.6,48.1,59.6,57.0,27.7,112198.2,112198.2,224396.4,78.29602233077459,78.29602233077459,156.59204466154918,48.099999999999994,-0.06608446298227322
568,Company_568,Healthcare,Africa,2020,1593.2,17.9,6619.0,11.2,46.9,60.4,53.1,27.1,123853.4,123853.4,247706.8,77.7387647501883,77.7387647501883,155.4775295003766,46.86666666666667,0.11179344033496164
568,Company_568,Healthcare,Africa,2021,1399.4,15.6,4506.5,-12.2,45.8,57.7,52.4,27.4,111442.3,111442.3,222884.6,79.63577247391738,79.63577247391738,159.27154494783477,45.833333333333336,-0.12164197840823499
568,Company_568,Healthcare,Africa,2022,1355.1,19.7,6420.2,-3.2,47.7,59.8,57.3,25.9,105922.6,105922.6,211845.1,78.16589181610215,78.16589181610215,156.3317098369124,47.666666666666664,-0.031656424181792375
568,Company_568,Healthcare,Africa,2023,1207.1,18.4,2799.4,-10.9,47.9,57.9,58.5,27.3,95902.0,95902.0,191804.0,79.44826443542375,79.44826443542375,158.8965288708475,47.900000000000006,-0.10921703195336141
568,Company_568,Healthcare,Africa,2024,1168.1,16.9,4189.6,-3.2,47.3,58.2,58.0,25.8,92600.6,92600.6,185201.3,79.27454841195105,79.27454841195105,158.54918243301088,47.333333333333336,-0.03230883936707807
568,Company_568,Healthcare,Africa,2025,1116.4,17.8,3499.0,-4.4,47.0,56.2,58.5,26.4,90050.6,90050.6,180101.1,80.66159082766033,80.66159082766033,161.32309208169113,47.03333333333333,-0.04425990925434453
569,Company_569,Energy,Asia,2015,8982.8,16.1,16079.5,2.65,31.5,33.0,32.7,28.9,8703591.2,2611077.3,87035911.6,968.9173976933696,290.67521262857906,9689.17393240415,31.53333333333333,
569,Company_569,Energy,Asia,2016,8637.4,22.5,33127.3,-3.8,32.0,34.9,33.6,27.4,8256754.6,2477026.4,82567545.9,955.9305578067474,286.7791696575358,9559.305566489917,31.96666666666667,-0.038451262412610765
569,Company_569,Energy,Asia,2017,8666.0,27.3,25608.0,0.3,33.8,37.1,35.6,28.6,8147584.9,2444275.5,81475848.5,940.1782714054928,282.0534848834526,9401.782656358182,33.76666666666667,0.0033111816055757526
569,Company_569,Energy,Asia,2018,9053.2,31.3,46350.0,4.5,33.3,37.5,33.9,28.4,8487779.7,2546333.9,84877797.4,937.5447024256615,281.2634096231167,9375.44706843989,33.26666666666667,0.0446803600276946
569,Company_569,Energy,Asia,2019,10237.5,39.2,79658.5,13.1,33.2,37.8,34.9,27.1,9576640.5,2872992.1,95766404.7,935.4471794871795,280.63414896214897,9354.471765567765,33.26666666666666,0.13081562320505458
569,Company_569,Energy,Asia,2020,11699.6,39.2,41003.7,14.3,31.4,35.6,35.3,23.2,11126033.7,3337810.1,111260336.9,950.9755632671202,285.292668125406,9509.755624123902,31.36666666666667,0.14281807081807085
569,Company_569,Energy,Asia,2021,10837.9,27.7,55773.7,-7.4,32.2,38.0,35.8,22.8,10123327.8,3036998.3,101233278.0,934.0672824071085,280.2201810313806,9340.672824071084,32.199999999999996,-0.07365209066976652
569,Company_569,Energy,Asia,2022,10920.4,21.3,28342.5,0.8,34.2,40.8,36.5,25.2,9982375.8,2994712.7,99823758.0,914.1034943774954,274.23104465037915,9141.034943774954,34.166666666666664,0.007612175790512987
569,Company_569,Energy,Asia,2023,12722.7,17.9,20186.4,16.5,33.3,40.0,37.3,22.6,11701959.8,3510587.9,117019598.2,919.7701588499297,275.93104451099214,9197.70160421923,33.300000000000004,0.16503974213398798
569,Company_569,Energy,Asia,2024,13702.1,17.3,31721.1,7.7,32.7,36.2,38.5,23.5,12969094.0,3890728.2,129690939.5,946.5041125083017,283.9512337524905,9465.04108859226,32.733333333333334,0.07698051514222604
569,Company_569,Energy,Asia,2025,12923.3,6.0,7536.8,-5.7,32.9,33.4,38.5,26.9,12486961.8,3746088.5,124869618.0,966.2363173492839,289.8708921096005,9662.363173492839,32.93333333333334,-0.05683800293385688
570,Company_570,Energy,Latin America,2015,887.2,14.6,1825.9,-3.65,41.8,31.0,68.5,25.8,872231.5,261669.5,8722315.2,983.1283814247068,294.93857078449054,9831.284039675382,41.766666666666666,
570,Company_570,Energy,Latin America,2016,738.6,13.7,1218.7,-16.8,42.3,30.1,70.5,26.2,730806.0,219241.8,7308060.2,989.4476035743298,296.8342810722989,9894.47630652586,42.266666666666666,-0.16749323715058617
570,Company_570,Energy,Latin America,2017,808.9,12.6,1881.1,9.5,43.6,29.5,72.3,29.0,803684.5,241105.4,8036845.1,993.5523550500681,298.0657683273581,9935.523674125356,43.6,0.09518007040346599
570,Company_570,Energy,Latin America,2018,709.0,5.0,627.6,-12.3,45.6,33.5,71.8,31.6,684726.1,205417.8,6847261.2,965.7631875881523,289.72891396332864,9657.63215796897,45.63333333333333,-0.12350105080974161
570,Company_570,Energy,Latin America,2019,611.5,16.9,1565.3,-13.8,42.4,31.0,69.0,27.3,601269.9,180381.0,6012699.5,983.2704824202781,294.9811937857727,9832.705641864268,42.43333333333333,-0.1375176304654443
570,Company_570,Energy,Latin America,2020,576.2,21.4,1037.3,-5.8,43.6,32.5,69.0,29.3,560525.4,168157.6,5605253.9,972.7965984033322,291.83894481082956,9727.965810482472,43.6,-0.05772690106295986
570,Company_570,Energy,Latin America,2021,604.6,18.5,1802.5,4.9,45.3,29.9,71.1,35.0,599017.8,179705.3,5990178.0,990.7671187562025,297.23006946741646,9907.671187562024,45.333333333333336,0.049288441513363423
570,Company_570,Energy,Latin America,2022,557.7,17.6,1135.1,-7.7,46.0,30.5,73.3,34.3,550154.8,165046.4,5501547.7,986.4708624708625,295.94118701811004,9864.708086785009,46.03333333333333,-0.07757194839563342
570,Company_570,Energy,Latin America,2023,549.2,12.2,869.2,-1.5,45.8,31.5,74.5,31.5,538044.6,161413.4,5380446.0,979.6879096868171,293.9064093226511,9796.879096868171,45.833333333333336,-0.015241169087322981
570,Company_570,Energy,Latin America,2024,557.5,7.9,816.3,1.5,45.0,32.9,73.0,29.0,540456.3,162136.9,5404563.1,969.428340807175,290.82852017937216,9694.283587443946,44.96666666666667,0.015112891478514134
570,Company_570,Energy,Latin America,2025,554.7,1.3,83.6,-0.5,46.4,34.7,72.0,32.7,531044.0,159313.2,5310440.3,957.3535244276185,287.20605732828557,9573.535785109067,46.46666666666667,-0.0050224215246635895
571,Company_571,Retail,Middle East,2015,3910.1,0.4,327.1,-0.3500000000000001,37.0,90.5,11.6,8.9,221622.5,110811.2,443245.0,56.67949668806425,28.33973555663538,113.3589933761285,37.0,
571,Company_571,Retail,Middle East,2016,3787.7,-2.6,18929.8,-3.1,37.5,90.5,11.9,10.1,214495.3,107247.6,428990.6,56.629432109195555,28.314702853974712,113.25886421839111,37.5,-0.0313035472238562
571,Company_571,Retail,Middle East,2017,3597.3,-1.5,2733.4,-5.0,38.5,89.9,14.9,10.9,205407.7,102703.9,410815.4,57.10051983432019,28.550273816473464,114.20103966864038,38.56666666666667,-0.050267972648308956
571,Company_571,Retail,Middle East,2018,3650.2,-3.2,6883.1,1.5,38.3,88.8,14.7,11.4,211038.6,105519.3,422077.3,57.815626541011454,28.907813270505727,115.63128047778204,38.300000000000004,0.014705473549606607
571,Company_571,Retail,Middle East,2019,3499.8,-2.3,11103.0,-4.1,39.7,91.2,13.5,14.3,196444.9,98222.4,392889.8,56.13032173267043,28.06514657980456,112.26064346534086,39.666666666666664,-0.04120322174127433
571,Company_571,Retail,Middle East,2020,3425.2,-2.2,15594.8,-2.1,40.4,93.5,13.9,13.8,186831.4,93415.7,373662.8,54.546128693214996,27.273064346607498,109.09225738642999,40.4,-0.021315503743071118
571,Company_571,Retail,Middle East,2021,2693.0,-2.0,5161.8,-21.4,42.3,95.3,17.8,13.7,143475.1,71737.6,286950.3,53.27705161529892,26.638544374303752,106.55414036390641,42.266666666666666,-0.2137685390634123
571,Company_571,Retail,Middle East,2022,2880.6,-1.0,2001.7,7.0,43.4,93.6,22.4,14.1,156862.4,78431.2,313724.8,54.45476636811775,27.227383184058876,108.9095327362355,43.36666666666667,0.06966208689194198
571,Company_571,Retail,Middle East,2023,2980.6,-1.1,11132.1,3.5,43.4,95.4,21.3,13.4,158624.1,79312.1,317248.2,53.218848553982426,26.609441052137157,106.43769710796485,43.36666666666667,0.03471498993265287
571,Company_571,Retail,Middle East,2024,3022.7,-0.6,8967.4,1.4,43.8,92.5,22.5,16.4,167032.8,83516.4,334065.5,55.25947001025573,27.629735005127866,110.51890693750622,43.800000000000004,0.014124672884654021
571,Company_571,Retail,Middle East,2025,3435.3,-0.9,10542.9,13.6,47.3,96.0,27.0,19.1,181444.1,90722.0,362888.1,52.81754140831951,26.408756149390154,105.6350537070998,47.36666666666667,0.13650047970357648
572,Company_572,Retail,Latin America,2015,1937.4,9.0,2128.7,3.2,35.3,48.8,41.7,15.4,166297.6,83148.8,332595.3,85.83544957159079,42.91772478579539,171.67095075874883,35.300000000000004,
572,Company_572,Retail,Latin America,2016,1903.9,7.0,2766.9,-1.7,39.2,51.1,45.9,20.6,160383.5,80191.7,320767.0,84.23945585377383,42.11970166500341,168.47891170754767,39.199999999999996,-0.017291215030453166
572,Company_572,Retail,Latin America,2017,1913.5,7.0,2234.4,0.5,40.5,52.5,46.4,22.7,159364.2,79682.1,318728.3,83.28413901228117,41.64206950614059,166.56822576430625,40.53333333333334,0.005042281632438694
572,Company_572,Retail,Latin America,2018,1902.6,6.5,1824.2,-0.6,40.6,53.6,45.4,22.7,156927.8,78463.9,313855.7,82.48071060653842,41.24035530326921,164.96147377273206,40.56666666666667,-0.005696367912202849
572,Company_572,Retail,Latin America,2019,2110.1,5.7,1248.1,10.9,40.5,52.3,47.4,21.8,175923.1,87961.5,351846.2,83.37192550116109,41.68593905502109,166.74385100232217,40.49999999999999,0.10906128455797326
572,Company_572,Retail,Latin America,2020,2359.6,6.7,2572.2,11.8,42.0,54.6,50.9,20.5,192966.0,96483.0,385932.1,81.77911510425496,40.88955755212748,163.55827258857434,42.0,0.11824084166627169
572,Company_572,Retail,Latin America,2021,2076.5,7.5,3751.5,-12.0,43.3,55.7,52.6,21.6,168210.4,84105.2,336420.8,81.00669395617625,40.503346978088125,162.0133879123525,43.300000000000004,-0.11997796236650271
572,Company_572,Retail,Latin America,2022,2031.9,9.9,4186.4,-2.1,45.2,60.2,52.1,23.2,158206.2,79103.1,316412.4,77.86121364240367,38.930606821201835,155.72242728480734,45.166666666666664,-0.021478449313749093
572,Company_572,Retail,Latin America,2023,2152.8,8.8,4532.9,5.9,45.0,62.2,51.5,21.3,164610.3,82305.2,329220.7,76.46335005574134,38.23169825343738,152.92674656261613,45.0,0.05950095969289837
572,Company_572,Retail,Latin America,2024,2504.4,7.9,4062.6,16.3,43.8,60.4,51.5,19.6,194678.7,97339.3,389357.3,77.73466698610446,38.86731352819039,155.46929404248522,43.833333333333336,0.16332218506131535
572,Company_572,Retail,Latin America,2025,2697.3,9.6,4659.3,7.7,42.8,59.6,49.7,19.1,211052.9,105526.5,422105.8,78.2459867274682,39.12301190078968,156.4919734549364,42.800000000000004,0.07702443699089612
573,Company_573,Energy,North America,2015,7007.0,25.7,14931.4,-8.149999999999999,44.2,18.0,40.5,74.1,7526278.9,2257883.7,75262789.2,1074.1085914085916,322.23258170401033,10741.0859426288,44.199999999999996,
573,Company_573,Energy,North America,2016,5765.8,26.1,24596.4,-17.7,42.8,18.8,37.5,72.2,6158593.8,1847578.1,61585937.8,1068.124770196677,320.43742412154427,10681.247667279475,42.833333333333336,-0.17713714856571994
573,Company_573,Energy,North America,2017,5297.1,29.2,23978.7,-8.1,42.4,20.5,37.6,69.1,5595106.9,1678532.1,55951068.6,1056.258499933926,316.8775556436541,10562.584923826244,42.4,-0.081289673592563
573,Company_573,Energy,North America,2018,4612.7,25.4,11297.5,-12.9,42.2,20.3,37.5,68.8,4878281.4,1463484.4,48782813.9,1057.5761267804107,317.27283369826785,10575.76124612483,42.199999999999996,-0.12920277132770774
573,Company_573,Energy,North America,2019,4649.2,16.9,9347.8,0.8,43.4,24.7,38.2,67.1,4773720.4,1432116.1,47737204.1,1026.7831885055496,308.0349522498495,10267.83190656457,43.333333333333336,0.007912936024454309
573,Company_573,Energy,North America,2020,4431.4,27.3,14784.0,-4.7,46.0,28.2,40.9,68.9,4443762.6,1333128.8,44437626.3,1002.7897729837072,300.83693640835855,10027.897797535768,46.0,-0.0468467693366601
573,Company_573,Energy,North America,2021,3598.9,25.7,9121.1,-18.8,45.6,26.8,40.3,69.8,3644583.4,1093375.0,36445834.2,1012.6937119675456,303.80810803301006,10126.937175247993,45.633333333333326,-0.18786388048923586
573,Company_573,Energy,North America,2022,3303.6,24.3,7423.4,-8.2,46.8,27.8,39.8,72.8,3321930.3,996579.1,33219303.2,1005.5485833636033,301.6645780360819,10055.48589417605,46.79999999999999,-0.08205284948178615
573,Company_573,Energy,North America,2023,2666.2,16.6,8729.7,-19.3,47.8,28.3,42.4,72.6,2671262.3,801378.7,26712623.1,1001.898694771585,300.5696121821319,10018.986985222415,47.76666666666667,-0.1929410340234896
573,Company_573,Energy,North America,2024,2486.3,22.6,7423.3,-6.7,47.6,30.3,41.1,71.3,2456450.7,736935.2,24564506.9,987.9944898041266,296.39834291919715,9879.944857820858,47.56666666666666,-0.06747430800390053
573,Company_573,Energy,North America,2025,2385.7,14.8,6382.7,-4.0,46.1,26.2,41.6,70.5,2426075.9,727822.8,24260759.2,1016.9241312822232,305.0772519595926,10169.24139665507,46.1,-0.04046173028194522
574,Company_574,Transportation,Latin America,2015,1530.5,10.1,2726.4,5.0,26.4,18.3,46.5,14.4,984587.4,164097.9,3281958.1,643.3109441359034,107.2184906893172,2144.369879124469,26.400000000000002,
574,Company_574,Transportation,Latin America,2016,1650.6,8.3,1920.6,7.8,27.5,19.1,46.1,17.5,1056339.0,176056.5,3521129.8,639.9727371864777,106.66212286441295,2133.2423361201986,27.566666666666666,0.07847108787977786
574,Company_574,Transportation,Latin America,2017,1633.0,7.6,1074.5,-1.1,27.7,17.0,46.3,20.0,1059439.3,176573.2,3531464.4,648.7687078995714,108.12810777709737,2162.562400489896,27.766666666666666,-0.010662789288743424
574,Company_574,Transportation,Latin America,2018,1735.2,9.7,2000.8,6.3,30.3,17.4,50.4,23.0,1122319.0,187053.2,3741063.2,646.7951821115721,107.79921622867681,2155.9838635315814,30.266666666666666,0.06258420085731786
574,Company_574,Transportation,Latin America,2019,1598.0,11.5,2501.0,-7.9,31.8,20.5,52.5,22.3,1012728.4,168788.1,3375761.2,633.747434292866,105.62459324155195,2112.4913642052566,31.766666666666666,-0.07906869525126792
574,Company_574,Transportation,Latin America,2020,1800.7,7.6,1282.9,12.7,32.4,25.4,48.9,23.0,1104375.5,184062.6,3681251.6,613.3034375520631,102.21724884767035,2044.344754817571,32.43333333333333,0.126846057571965
574,Company_574,Transportation,Latin America,2021,1867.2,1.4,358.0,3.7,32.7,23.1,49.7,25.4,1163571.5,193928.6,3878571.7,623.1638281919452,103.860646958012,2077.2127784918594,32.73333333333334,0.03693008274559895
574,Company_574,Transportation,Latin America,2022,1528.3,4.0,892.5,-18.1,34.0,24.0,53.1,25.0,946456.8,157742.8,3154856.2,619.2873127003861,103.214552116731,2064.2911731989793,34.03333333333333,-0.18150171379605828
574,Company_574,Transportation,Latin America,2023,1756.1,3.2,934.9,14.9,34.5,22.5,54.4,26.6,1098594.5,183099.1,3661981.5,625.5876658504641,104.26462046580492,2085.2921245942716,34.5,0.1490545050055616
574,Company_574,Transportation,Latin America,2024,1980.4,-1.5,4202.5,12.8,36.5,22.4,58.4,28.7,1239713.1,206618.8,4132377.0,625.9912643910321,104.33185215108058,2086.637547970107,36.5,0.1277262114913731
574,Company_574,Transportation,Latin America,2025,1971.9,-3.9,8002.5,-0.4,35.5,20.1,58.3,28.0,1252932.0,208822.0,4176440.0,635.393275521071,105.89887925351184,2117.9775850702367,35.46666666666667,-0.004292062209654612
575,Company_575,Energy,Africa,2015,2250.5,15.0,6069.3,-8.65,39.8,55.3,33.3,30.7,1828647.5,548594.3,18286475.3,812.5516551877361,243.7655187736059,8125.516685181071,39.766666666666666,
575,Company_575,Energy,Africa,2016,1900.1,7.4,2643.2,-15.6,40.7,52.4,36.3,33.3,1582705.2,474811.6,15827051.7,832.9588969001632,249.88769012157255,8329.588811115205,40.666666666666664,-0.15569873361475228
575,Company_575,Energy,Africa,2017,1779.1,2.7,420.0,-6.4,42.3,50.8,39.2,37.0,1501899.1,450569.7,15018990.8,844.1903771569896,253.25709628463832,8441.903659153506,42.333333333333336,-0.06368085890216302
575,Company_575,Energy,Africa,2018,1777.8,-1.1,1382.0,-0.1,43.2,52.0,39.0,38.7,1485989.8,445796.9,14859897.5,835.8588142648217,250.75762177972777,8358.587861401733,43.23333333333333,-0.000730706537013126
575,Company_575,Energy,Africa,2019,1555.6,-4.1,5670.0,-12.5,42.5,51.3,35.0,41.3,1307893.9,392368.2,13078938.7,840.764913859604,252.2294934430445,8407.648945744408,42.53333333333333,-0.12498593767577904
575,Company_575,Energy,Africa,2020,1702.0,-0.4,4220.2,9.4,42.9,53.9,34.4,40.5,1399766.8,419930.1,13997668.3,822.4246768507638,246.7274383078731,8224.246944770859,42.93333333333334,0.09411159681151982
575,Company_575,Energy,Africa,2021,1516.9,4.1,816.8,-10.9,43.6,54.3,34.5,42.0,1243334.5,373000.4,12433345.4,819.6548882589491,245.89649943964665,8196.549146285186,43.6,-0.10875440658049351
575,Company_575,Energy,Africa,2022,1274.6,-4.3,1937.3,-16.0,45.0,57.8,34.9,42.4,1013852.4,304155.7,10138523.9,795.4278989486899,238.62835399340972,7954.278911030912,45.03333333333333,-0.15973366734788064
575,Company_575,Energy,Africa,2023,1256.1,3.0,651.0,-1.5,46.5,61.1,34.9,43.5,970349.9,291105.0,9703498.8,772.5100708542315,231.75304513971818,7725.100549319322,46.5,-0.014514357445473136
575,Company_575,Energy,Africa,2024,1188.3,11.3,1467.9,-5.4,48.1,61.7,38.9,43.8,912378.1,273713.4,9123781.1,767.8011444921316,230.34031810148954,7678.011529075149,48.133333333333326,-0.0539765942202054
575,Company_575,Energy,Africa,2025,881.1,5.7,896.1,-25.9,48.1,62.6,36.9,45.0,671446.8,201434.1,6714468.5,762.0551583248213,228.6166155941437,7620.5521507206895,48.166666666666664,-0.2585205756122191
576,Company_576,Finance,Asia,2015,4021.1,13.2,7951.5,-1.3,58.5,89.6,35.8,50.1,46052.0,23026.0,115130.1,11.452587600407849,5.7262938002039245,28.631493869836614,58.5,
576,Company_576,Finance,Asia,2016,3680.0,15.6,4834.1,-8.5,59.6,91.9,36.6,50.2,40959.9,20480.0,102399.8,11.130407608695652,5.565217391304348,27.82603260869565,59.56666666666666,-0.08482753475417171
576,Company_576,Finance,Asia,2017,4128.3,14.2,10432.2,12.2,60.3,94.4,38.3,48.3,44542.5,22271.2,111356.2,10.789550178039386,5.39476297749679,26.97386333357556,60.333333333333336,0.12182065217391314
576,Company_576,Finance,Asia,2018,4092.1,15.3,7280.9,-0.9,61.6,95.3,41.7,47.9,43614.8,21807.4,109037.1,10.658292808093645,5.329146404046822,26.645756457564577,61.63333333333333,-0.008768742581692246
576,Company_576,Finance,Asia,2019,4069.2,14.9,6864.0,-0.6,62.1,97.4,39.0,49.9,42161.6,21080.8,105404.0,10.361152069202792,5.180576034601396,25.90288017300698,62.1,-0.0055961486767185376
576,Company_576,Finance,Asia,2020,3642.3,14.6,10247.5,-10.5,63.4,100.0,39.9,50.3,36423.4,18211.7,91058.5,10.000109820717679,5.000054910358839,25.000274551794195,63.4,-0.10491005603066939
576,Company_576,Finance,Asia,2021,3579.0,12.4,5847.2,-1.7,63.6,100.0,41.2,49.6,35790.4,17895.2,89476.0,10.000111763062309,5.000055881531154,25.00027940765577,63.599999999999994,-0.017379128572605262
576,Company_576,Finance,Asia,2022,3404.6,11.4,5545.2,-4.9,64.2,99.6,40.0,53.1,34247.5,17123.7,85618.7,10.059184632555954,5.029577630264936,25.147946895376844,64.23333333333333,-0.04872869516624756
576,Company_576,Finance,Asia,2023,3704.3,10.8,5741.9,8.8,66.0,100.0,45.6,52.4,37043.2,18521.6,92608.0,10.000053991307398,5.000026995653699,25.0001349782685,66.0,0.08802796216883046
576,Company_576,Finance,Asia,2024,3797.2,7.8,5412.2,2.5,63.8,97.5,47.0,47.1,39314.1,19657.1,98285.3,10.353444643421469,5.176735489307911,25.88362477615085,63.86666666666667,0.025078962287071738
576,Company_576,Finance,Asia,2025,3575.9,10.7,5141.6,-5.8,63.7,97.3,47.4,46.4,37125.9,18562.9,92814.7,10.382253418719763,5.191112726865964,25.955619564305486,63.699999999999996,-0.05827978510481402
577,Company_577,Manufacturing,Oceania,2015,353.7,2.1,132.0,2.8,74.1,50.7,93.8,77.8,89685.7,119581.0,1494762.1,253.5643200452361,338.0859485439638,4226.073225897654,74.10000000000001,
577,Company_577,Manufacturing,Oceania,2016,391.4,0.9,56.6,10.7,74.4,47.9,98.7,76.5,101493.3,135324.4,1691554.5,259.3083801737353,345.7445068983138,4321.805058763413,74.36666666666666,0.10658750353406843
577,Company_577,Manufacturing,Oceania,2017,415.6,-0.9,711.7,6.2,75.6,48.8,99.9,78.0,107018.8,142691.8,1783647.1,257.5043310875842,343.3392685274302,4291.73989412897,75.56666666666666,0.06182933060807372
577,Company_577,Manufacturing,Oceania,2018,431.1,2.3,125.4,3.7,76.3,52.5,100.0,76.3,107669.8,143559.7,1794496.1,249.75597309209,333.0078868012062,4162.598237067966,76.26666666666667,0.037295476419634266
577,Company_577,Manufacturing,Oceania,2019,439.4,1.7,64.9,1.9,75.6,53.0,100.0,73.7,109263.2,145684.3,1821053.9,248.6645425580337,331.55279927173416,4144.410332271279,75.56666666666666,0.019253073532822906
577,Company_577,Manufacturing,Oceania,2020,429.1,1.3,109.3,-2.3,76.1,55.5,97.4,75.3,104462.9,139283.8,1741047.9,243.4465159636448,324.59519925425303,4057.4409228618033,76.06666666666666,-0.023441055985434556
577,Company_577,Manufacturing,Oceania,2021,407.9,2.2,144.9,-5.0,75.2,54.8,94.9,76.0,99903.3,133204.3,1665054.4,244.92105908310862,326.56116695268446,4082.0161804363815,75.23333333333333,-0.049405732929387214
577,Company_577,Manufacturing,Oceania,2022,449.7,2.4,104.9,10.3,76.5,54.5,96.1,79.0,110429.2,147238.9,1840486.4,245.56193017567267,327.41583277740716,4092.6982432732934,76.53333333333333,0.1024760970826184
577,Company_577,Manufacturing,Oceania,2023,437.2,7.1,664.6,-2.8,76.1,56.8,92.3,79.4,105289.1,140385.5,1754818.9,240.82593778591036,321.10132662397075,4013.76692589204,76.16666666666667,-0.02779630865021121
577,Company_577,Manufacturing,Oceania,2024,471.4,2.9,199.1,7.8,77.7,57.8,93.2,82.1,112518.9,150025.2,1875314.9,238.69092066185829,318.2545608824778,3978.181798896903,77.7,0.07822506861848133
577,Company_577,Manufacturing,Oceania,2025,449.2,0.9,75.8,-4.7,78.3,59.5,93.9,81.3,105608.5,140811.3,1760141.2,235.10351736420304,313.47128227960815,3918.3909171861087,78.23333333333333,-0.04709376325837933
578,Company_578,Transportation,Middle East,2015,888.2,8.8,634.5,10.05,60.8,64.4,47.7,70.1,399131.9,66522.0,1330439.5,449.3716505291601,74.89529385273586,1497.9053141184418,60.73333333333333,
578,Company_578,Transportation,Middle East,2016,1034.8,7.4,1128.8,16.5,62.3,63.9,48.4,74.5,467559.8,77926.6,1558532.5,451.83591032083496,75.30595284112873,1506.119540007731,62.26666666666667,0.16505291600990746
578,Company_578,Transportation,Middle East,2017,1183.3,8.7,1493.0,14.3,61.4,64.6,49.4,70.2,531131.1,88521.9,1770437.2,448.8558269247021,74.80934674216175,1496.1862587678527,61.4,0.14350599149594134
578,Company_578,Transportation,Middle East,2018,1392.1,9.7,1514.0,17.7,63.1,65.3,52.0,71.9,620289.6,103381.6,2067631.9,445.57833488973495,74.26305581495583,1485.2610444651964,63.06666666666666,0.17645567480774105
578,Company_578,Transportation,Middle East,2019,1551.5,9.9,2449.9,11.4,63.4,63.7,55.0,71.4,701977.7,116996.3,2339925.7,452.45098291975506,75.40850789558492,1508.1699645504352,63.366666666666674,0.11450326844335912
578,Company_578,Transportation,Middle East,2020,1643.9,8.4,2611.5,6.0,65.6,64.1,58.5,74.2,740855.1,123475.8,2469516.9,450.6692012896161,75.11150313279396,1502.2306101344363,65.60000000000001,0.05955526909442477
578,Company_578,Transportation,Middle East,2021,1787.5,10.1,1715.2,8.7,66.8,65.6,59.1,75.7,794474.6,132412.4,2648248.7,444.4613146853147,74.07686713286714,1481.5377342657343,66.8,0.08735324533122446
578,Company_578,Transportation,Middle East,2022,1728.1,5.0,1695.6,-3.3,67.6,69.0,58.1,75.7,743517.8,123919.6,2478392.5,430.251605809849,71.70858167930098,1434.1719229211274,67.60000000000001,-0.033230769230769286
578,Company_578,Transportation,Middle East,2023,1670.7,2.8,881.1,-3.3,67.6,70.6,55.2,77.0,707814.0,117969.0,2359380.2,423.66313521278505,70.61052253546417,1412.2105704195847,67.60000000000001,-0.03321567038944495
578,Company_578,Transportation,Middle East,2024,1936.4,3.5,1342.2,15.9,69.0,71.9,56.7,78.3,809228.1,134871.3,2697426.8,417.90337740136334,69.65053707911588,1393.011154720099,68.96666666666668,0.15903513497336452
578,Company_578,Transportation,Middle East,2025,1828.3,-0.2,7564.1,-5.6,70.3,73.6,57.6,79.6,750839.9,125140.0,2502799.7,410.6765301099382,68.44609746759285,1368.9217852650004,70.26666666666667,-0.05582524271844669
579,Company_579,Retail,Africa,2015,582.2,2.4,139.7,10.100000000000001,43.2,56.7,29.4,43.6,46751.1,23375.5,93502.2,80.3007557540364,40.1502919958777,160.6015115080728,43.23333333333333,
579,Company_579,Retail,Africa,2016,645.2,1.7,276.6,10.8,43.5,58.0,30.2,42.4,51233.3,25616.6,102466.6,79.40685058896466,39.70334779913205,158.81370117792932,43.53333333333333,0.10821023703194776
579,Company_579,Retail,Africa,2017,718.7,1.2,119.8,11.4,45.7,59.9,32.3,44.8,56085.7,28042.8,112171.3,78.0377069709197,39.01878391540281,156.07527480172533,45.666666666666664,0.11391816491010531
579,Company_579,Retail,Africa,2018,777.6,0.9,158.1,8.2,48.0,61.0,36.0,46.9,60102.4,30051.2,120204.9,77.29218106995884,38.64609053497942,154.58449074074073,47.96666666666667,0.0819535272018923
579,Company_579,Retail,Africa,2019,832.9,3.7,584.5,7.1,50.6,63.0,37.1,51.9,63244.2,31622.1,126488.4,75.93252491295473,37.96626245647737,151.86504982590947,50.666666666666664,0.07111625514403297
579,Company_579,Retail,Africa,2020,984.7,3.9,555.9,18.2,52.4,62.2,39.4,55.8,75324.3,37662.1,150648.5,76.49466842693207,38.247283436579664,152.9892353000914,52.46666666666666,0.18225477248169053
579,Company_579,Retail,Africa,2021,1009.7,5.0,675.2,2.5,54.8,64.4,42.3,57.7,75623.4,37811.7,151246.8,74.89690006932751,37.44845003466376,149.79380013865503,54.800000000000004,0.025388443180664133
579,Company_579,Retail,Africa,2022,989.5,3.5,769.2,-2.0,57.7,65.4,47.3,60.3,73457.6,36728.8,146915.2,74.23708943911066,37.11854471955533,148.47417887822132,57.666666666666664,-0.02000594235911657
579,Company_579,Retail,Africa,2023,1082.6,4.1,828.4,9.4,59.0,67.0,47.7,62.2,79173.6,39586.8,158347.3,73.13282837613154,36.56641418806577,146.2657491224829,58.96666666666667,0.0940879231935321
579,Company_579,Retail,Africa,2024,1217.0,5.1,1404.7,12.4,59.6,69.3,46.1,63.5,87038.4,43519.2,174076.8,71.5188167625308,35.7594083812654,143.0376335250616,59.63333333333333,0.12414557546646976
579,Company_579,Retail,Africa,2025,1491.3,5.1,1620.0,22.5,61.1,69.7,46.1,67.5,106155.3,53077.7,212310.6,71.18306175819755,35.59156440689331,142.3661235163951,61.1,0.22539030402629412
580,Company_580,Technology,Latin America,2015,1284.8,9.4,3062.2,8.75,66.3,97.3,63.2,38.4,33354.6,20012.7,66709.2,25.96092777085928,15.5765099626401,51.92185554171856,66.3,
580,Company_580,Technology,Latin America,2016,1258.4,7.2,2734.3,-2.1,66.4,96.6,63.9,38.5,32938.3,19763.0,65876.6,26.174745708836618,15.704863318499681,52.349491417673235,66.33333333333333,-0.020547945205479312
580,Company_580,Technology,Latin America,2017,1349.5,7.1,2641.5,7.2,68.0,100.0,63.9,40.2,33737.6,20242.6,67475.3,25.00007410151908,15.00007410151908,50.00022230455725,68.03333333333335,0.07239351557533369
580,Company_580,Technology,Latin America,2018,1539.5,7.7,3033.3,14.1,69.0,98.7,66.4,41.9,39203.2,23521.9,78406.3,25.46489119844105,15.278921727833714,50.92971744072751,69.00000000000001,0.1407928862541683
580,Company_580,Technology,Latin America,2019,1577.3,6.1,2213.9,2.5,70.2,100.0,67.0,43.6,39433.7,23660.2,78867.3,25.00076079376149,15.000443796360871,50.00145818804286,70.2,0.024553426437154968
580,Company_580,Technology,Latin America,2020,1695.1,1.9,903.9,7.5,69.5,100.0,66.7,41.7,42377.5,25426.5,84755.0,25.0,15.0,50.0,69.46666666666665,0.07468458758638175
580,Company_580,Technology,Latin America,2021,2046.9,0.2,57.7,20.8,70.8,100.0,68.1,44.4,51172.1,30703.3,102344.2,24.999804582539447,14.999902291269724,49.999609165078894,70.83333333333333,0.20753937820777546
580,Company_580,Technology,Latin America,2022,2548.4,2.2,1580.3,24.5,72.2,100.0,69.0,47.6,63710.1,38226.1,127420.2,25.000039240307643,15.000039240307643,50.00007848061529,72.2,0.245004641164688
580,Company_580,Technology,Latin America,2023,2809.4,0.7,439.7,10.2,73.0,100.0,70.2,48.8,70236.1,42141.6,140472.1,25.000391542678152,15.000213568733537,50.000747490567385,73.0,0.1024172029508712
580,Company_580,Technology,Latin America,2024,3038.4,0.4,250.8,8.2,73.5,99.4,69.3,51.7,76646.9,45988.1,153293.8,25.226072933122694,15.135630595050026,50.45214586624539,73.46666666666665,0.08151206663344479
580,Company_580,Technology,Latin America,2025,3320.8,1.6,1399.5,9.3,73.7,97.4,69.0,54.6,86095.7,51657.4,172191.4,25.926192483738856,15.555709467598168,51.85238496747771,73.66666666666667,0.09294365455502906
581,Company_581,Energy,Oceania,2015,1842.4,12.3,1859.1,19.8,61.4,23.3,88.8,72.0,1910328.2,573098.5,19103282.0,1036.869409465914,311.0608445505862,10368.69409465914,61.36666666666667,
581,Company_581,Energy,Oceania,2016,2127.3,11.5,2514.1,15.5,58.8,20.5,85.5,70.6,2248255.8,674476.7,22482557.8,1056.858835143139,317.05763173976396,10568.588257415502,58.86666666666667,0.15463525835866276
581,Company_581,Energy,Oceania,2017,2361.9,-0.8,2161.9,11.0,58.8,21.0,85.2,70.4,2487671.6,746301.5,24876716.2,1053.250179939879,315.97506244972266,10532.501884076379,58.866666666666674,0.1102806374277252
581,Company_581,Energy,Oceania,2018,2747.7,-1.0,4012.6,16.3,58.0,21.7,85.2,67.1,2879064.4,863719.3,28790644.5,1047.808858317866,314.34265021654477,10478.088765149034,58.0,0.16334307125619185
581,Company_581,Energy,Oceania,2019,3298.8,2.1,1231.3,20.1,58.6,22.4,85.6,67.9,3440875.8,1032262.7,34408757.6,1043.0689341578754,312.9206681217412,10430.689220322542,58.63333333333333,0.20056774757069573
581,Company_581,Energy,Oceania,2020,3743.5,-7.3,6061.5,13.5,59.7,24.0,84.1,71.0,3863712.7,1159113.8,38637126.8,1032.1123814611994,309.63371176706295,10321.123761186054,59.699999999999996,0.13480659633806225
581,Company_581,Energy,Oceania,2021,4889.4,-3.5,11916.0,30.6,60.6,25.7,84.0,72.0,4987892.5,1496367.8,49878925.5,1020.1440872090645,306.043236388923,10201.440974352681,60.56666666666666,0.3061039134499799
581,Company_581,Energy,Oceania,2022,6264.8,-10.7,26857.8,28.1,61.3,29.3,85.4,69.2,6231464.1,1869439.2,62314640.9,994.678856467884,298.40365215170476,9946.788548716639,61.300000000000004,0.2813024092935741
581,Company_581,Energy,Oceania,2023,7543.6,-9.8,18139.2,20.4,61.4,30.3,83.2,70.6,7454001.7,2236200.5,74540017.5,988.1226072432261,296.4367808473408,9881.226138713611,61.36666666666667,0.20412463286936533
581,Company_581,Energy,Oceania,2024,9720.3,-3.9,18557.1,28.9,62.7,31.5,83.3,73.4,9524109.9,2857233.0,95241099.4,979.8164562822136,293.94493997098857,9798.16460397313,62.73333333333333,0.28854923378758146
581,Company_581,Energy,Oceania,2025,11619.0,1.4,2148.2,19.5,63.6,32.9,84.2,73.8,11269336.2,3380800.8,112693361.6,969.9058610895945,290.97175316292277,9699.058576469575,63.633333333333326,0.19533347736180984
582,Company_582,Healthcare,Oceania,2015,2148.2,21.5,4974.7,6.15,74.0,86.9,54.0,81.1,127136.7,127136.7,254273.4,59.18289730937529,59.18289730937529,118.36579461875058,74.0,
582,Company_582,Healthcare,Oceania,2016,2236.1,15.2,5063.4,4.1,74.6,86.9,56.8,80.2,132327.8,132327.8,264655.5,59.177943741335355,59.177943741335355,118.35584276195162,74.63333333333333,0.0409179778419142
582,Company_582,Healthcare,Oceania,2017,2191.0,12.0,5207.3,-2.0,76.2,83.7,58.8,85.9,134512.3,134512.3,269024.7,61.39310816978548,61.39310816978548,122.78626198083067,76.13333333333334,-0.020169044318232632
582,Company_582,Healthcare,Oceania,2018,2304.9,13.2,6949.2,5.2,76.0,83.7,60.4,83.9,141571.5,141571.5,283142.9,61.42197058440713,61.42197058440713,122.84389778298409,76.0,0.051985394796896456
582,Company_582,Healthcare,Oceania,2019,2569.0,13.1,4405.8,11.5,78.6,86.1,63.7,86.2,153488.1,153488.1,306976.2,59.74624367458155,59.74624367458155,119.4924873491631,78.66666666666667,0.11458197752613986
582,Company_582,Healthcare,Oceania,2020,2540.5,14.6,7785.9,-1.1,79.0,88.9,65.1,83.0,146784.3,146784.3,293568.6,57.777720921078526,57.777720921078526,115.55544184215705,79.0,-0.011093810821331207
582,Company_582,Healthcare,Oceania,2021,2706.2,16.7,11179.9,6.5,80.3,89.8,66.7,84.5,154660.6,154660.6,309321.3,57.15046929273521,57.15046929273521,114.30097553765428,80.33333333333333,0.06522338122416849
582,Company_582,Healthcare,Oceania,2022,3200.2,18.2,13750.7,18.3,80.5,91.0,67.0,83.6,180137.2,180137.2,360274.3,56.289356915192805,56.289356915192805,112.5786825823386,80.53333333333333,0.18254378833789087
582,Company_582,Healthcare,Oceania,2023,3387.4,18.7,10008.1,5.8,81.1,88.1,68.5,86.7,197643.6,197643.6,395287.3,58.346696581448896,58.346696581448896,116.69342268406447,81.10000000000001,0.05849634397850134
582,Company_582,Healthcare,Oceania,2024,3960.4,19.6,11659.9,16.9,80.9,90.5,68.4,83.7,224274.2,224274.2,448548.3,56.62917887082113,56.62917887082113,113.2583324916675,80.86666666666667,0.16915628505638547
582,Company_582,Healthcare,Oceania,2025,4532.4,19.1,13841.9,14.4,81.3,93.9,65.0,84.9,246022.5,246022.5,492045.1,54.280844585649994,54.280844585649994,108.56171123466596,81.26666666666667,0.1444298555701442
583,Company_583,Healthcare,Africa,2015,2930.6,13.2,6657.9,14.5,20.7,27.8,17.9,16.4,294672.3,294672.3,589344.6,100.55016037671467,100.55016037671467,201.10032075342934,20.7,
583,Company_583,Healthcare,Africa,2016,3402.9,17.3,11580.9,16.1,22.4,26.4,19.9,21.0,345388.7,345388.7,690777.4,101.49833965147374,101.49833965147374,202.99667930294748,22.433333333333334,0.16116153688664436
583,Company_583,Healthcare,Africa,2017,4058.0,18.2,17552.6,19.3,20.5,22.3,21.5,17.8,423613.8,423613.8,847227.6,104.38979793001478,104.38979793001478,208.77959586002956,20.53333333333333,0.19251226894707463
583,Company_583,Healthcare,Africa,2018,3701.9,18.8,11604.5,-8.8,22.4,24.9,24.4,18.0,379710.9,379710.9,759421.8,102.5718955131149,102.5718955131149,205.1437910262298,22.433333333333334,-0.08775258748151793
583,Company_583,Healthcare,Africa,2019,4291.0,18.8,17899.0,15.9,22.7,23.5,24.2,20.5,444373.4,444373.4,888746.7,103.5594034024703,103.5594034024703,207.11878350034956,22.733333333333334,0.15913449850076988
583,Company_583,Healthcare,Africa,2020,4825.7,19.6,19883.2,12.5,25.0,28.0,24.8,22.0,484371.0,484371.0,968742.0,100.37321010423359,100.37321010423359,200.74642020846719,24.933333333333334,0.12460964810067576
583,Company_583,Healthcare,Africa,2021,4891.8,26.4,23897.2,1.4,25.0,26.7,26.4,22.0,495754.7,495754.7,991509.4,101.34402469438652,101.34402469438652,202.68804938877304,25.03333333333333,0.013697494663986731
583,Company_583,Healthcare,Africa,2022,5436.6,21.3,14775.2,11.1,25.2,28.3,26.0,21.2,544663.0,544663.0,1089325.9,100.18449030644152,100.18449030644152,200.36896221903393,25.166666666666668,0.1113700478351527
583,Company_583,Healthcare,Africa,2023,6845.7,20.9,22823.3,25.9,26.2,30.0,29.4,19.3,677851.3,677851.3,1355702.6,99.01855179163563,99.01855179163563,198.03710358327126,26.233333333333334,0.25918772762388254
583,Company_583,Healthcare,Africa,2024,7740.6,18.2,28637.9,13.1,28.5,35.2,31.6,18.7,738022.9,738022.9,1476045.7,95.34440482649924,95.34440482649924,190.68879673410328,28.500000000000004,0.13072439633638644
583,Company_583,Healthcare,Africa,2025,9455.1,17.0,16535.3,22.1,28.4,33.5,31.1,20.5,912577.5,912577.5,1825155.1,96.51695910143732,96.51695910143732,193.0339287791774,28.366666666666664,0.22149445779396948
584,Company_584,Healthcare,Latin America,2015,1874.7,11.4,2761.8,8.05,57.4,77.4,33.4,61.5,123357.0,123357.0,246713.9,65.80092814850376,65.80092814850376,131.60180295513948,57.43333333333334,
584,Company_584,Healthcare,Latin America,2016,2225.0,12.6,5343.2,18.7,57.7,77.1,35.3,60.6,146870.7,146870.7,293741.4,66.00930337078653,66.00930337078653,132.01860674157305,57.666666666666664,0.18685656371686132
584,Company_584,Healthcare,Latin America,2017,2388.7,10.4,5090.6,7.4,59.2,79.4,36.4,61.8,153923.2,153923.2,307846.4,64.43806254448027,64.43806254448027,128.87612508896055,59.20000000000001,0.07357303370786505
584,Company_584,Healthcare,Latin America,2018,2509.5,13.9,7502.3,5.1,57.6,75.3,36.0,61.5,168842.2,168842.2,337684.4,67.28121139669257,67.28121139669257,134.56242279338514,57.6,0.050571440532507284
584,Company_584,Healthcare,Latin America,2019,2894.2,8.3,4200.0,15.3,58.5,76.9,35.6,62.9,191603.8,191603.8,383207.7,66.202681224518,66.202681224518,132.40539700089835,58.46666666666667,0.1532974696154612
584,Company_584,Healthcare,Latin America,2020,3099.2,12.2,9098.0,7.1,59.3,76.7,36.2,65.1,205464.3,205464.3,410928.6,66.29591507485803,66.29591507485803,132.59183014971606,59.333333333333336,0.07083131780802976
584,Company_584,Healthcare,Latin America,2021,3368.6,11.8,8718.3,8.7,60.9,77.6,39.2,66.0,221187.0,221187.0,442373.9,65.66140236299947,65.66140236299947,131.322775040076,60.93333333333334,0.08692565823438314
584,Company_584,Healthcare,Latin America,2022,4038.0,11.3,8944.5,19.9,63.0,79.5,40.2,69.3,259979.0,259979.0,519957.9,64.38311045071818,64.38311045071818,128.76619613670135,63.0,0.19871756812919328
584,Company_584,Healthcare,Latin America,2023,4293.3,10.1,6797.4,6.3,64.9,83.9,40.2,70.4,262977.9,262977.9,525955.8,61.25309202711202,61.25309202711202,122.50618405422404,64.83333333333333,0.06322436849925706
584,Company_584,Healthcare,Latin America,2024,4897.8,9.1,6945.9,14.1,65.3,80.6,42.9,72.4,311477.4,311477.4,622954.7,63.59536934950386,63.59536934950386,127.19071828167748,65.3,0.1408007826147719
584,Company_584,Healthcare,Latin America,2025,5001.4,9.3,8950.4,2.1,66.5,80.6,42.6,76.2,318104.2,318104.2,636208.4,63.60303115127765,63.60303115127765,127.2060623025553,66.46666666666665,0.021152354118175287
585,Company_585,Energy,Asia,2015,5305.9,11.2,6215.6,9.85,21.3,21.0,25.2,17.7,5588450.8,1676535.2,55884508.0,1053.2521909572363,315.9756497483933,10532.521909572364,21.3,
585,Company_585,Energy,Asia,2016,6014.4,6.2,4416.1,13.4,20.1,22.7,24.2,13.5,6261569.7,1878470.9,62615697.0,1041.0963188347966,312.3288939877627,10410.963188347965,20.133333333333333,0.13353059801353218
585,Company_585,Energy,Asia,2017,6080.6,12.3,6156.5,1.1,21.9,23.3,26.8,15.7,6304764.9,1891429.5,63047648.6,1036.865588922146,311.05968161036736,10368.655823438476,21.933333333333334,0.011006916733173888
585,Company_585,Energy,Asia,2018,6293.6,14.1,10886.4,3.5,22.8,25.5,28.8,14.2,6429628.0,1928888.4,64296280.3,1021.6137028092029,306.48411084276086,10216.137075759501,22.833333333333332,0.03502943788441937
585,Company_585,Energy,Asia,2019,6754.1,11.2,12896.5,7.3,23.9,29.6,30.5,11.7,6704260.1,2011278.0,67042600.5,992.6207932959238,297.7862335470307,9926.20785893013,23.933333333333334,0.07316956908605565
585,Company_585,Energy,Asia,2020,7591.3,18.9,15455.7,12.4,24.6,30.4,30.8,12.4,7492306.8,2247692.0,74923068.3,986.9596511796398,296.0878900847022,9869.59655131532,24.533333333333335,0.12395433884603424
585,Company_585,Energy,Asia,2021,7947.2,16.2,19959.4,4.7,27.8,35.2,33.7,14.6,7580358.1,2274107.4,75803581.1,953.84010720757,286.15202838735655,9538.401084658748,27.833333333333332,0.046882615625782
585,Company_585,Energy,Asia,2022,7889.0,24.1,28212.1,-0.7,30.7,38.9,36.6,16.7,7316140.2,2194842.1,73161402.3,927.3849917606794,278.21550259855496,9273.849955634427,30.733333333333334,-0.007323334004429194
585,Company_585,Energy,Asia,2023,9464.1,26.4,48247.7,20.0,31.3,37.5,37.9,18.6,8869417.5,2660825.2,88694174.8,937.1643896408533,281.14931160913346,9371.643875276042,31.333333333333332,0.19965775129927743
585,Company_585,Energy,Asia,2024,11302.4,25.7,57107.2,19.4,32.5,39.1,39.4,19.2,10472882.7,3141864.8,104728826.7,926.6069772791619,277.9820922989807,9266.069746248584,32.56666666666667,0.1942392831859341
585,Company_585,Energy,Asia,2025,12717.0,27.4,41446.7,12.5,32.1,41.2,37.4,17.7,11594028.5,3478208.5,115940284.6,911.6952504521506,273.5085712039003,9116.952473067548,32.1,0.12515925821064555
586,Company_586,Transportation,Africa,2015,793.6,4.2,361.8,3.0,36.3,55.2,29.3,24.5,387422.6,64570.4,1291408.6,488.18371975806446,81.36391129032258,1627.2789818548388,36.333333333333336,
586,Company_586,Transportation,Africa,2016,682.8,6.1,355.5,-14.0,36.7,54.0,29.3,26.9,336791.7,56131.9,1122638.9,493.2508787346222,82.20840656121852,1644.1694493263035,36.73333333333333,-0.139616935483871
586,Company_586,Transportation,Africa,2017,726.9,2.8,301.7,6.5,38.2,56.0,30.3,28.4,352545.0,58757.5,1175149.9,484.99793644242675,80.83298940707112,1616.6596505709176,38.23333333333333,0.06458699472759233
586,Company_586,Transportation,Africa,2018,749.0,-4.7,1064.2,3.0,39.3,54.7,30.0,33.2,367099.8,61183.3,1223665.9,490.11989319092123,81.68664886515354,1633.7328437917222,39.300000000000004,0.030403081579309488
586,Company_586,Transportation,Africa,2019,772.5,-7.7,966.8,3.1,39.7,57.0,29.2,32.7,371293.2,61882.2,1237643.9,480.6384466019418,80.10640776699029,1602.1280258899676,39.63333333333333,0.03137516688918551
586,Company_586,Transportation,Africa,2020,792.6,-10.1,2590.9,2.6,40.6,58.1,30.3,33.5,377165.5,62860.9,1257218.3,475.85856674236686,79.30974009588695,1586.1951804188745,40.63333333333333,0.026019417475728224
586,Company_586,Transportation,Africa,2021,770.6,-12.7,2510.9,-2.8,40.4,58.5,30.9,31.8,365524.6,60920.8,1218415.3,474.33765896703864,79.0563197508435,1581.1254866337918,40.4,-0.02775674993691646
586,Company_586,Transportation,Africa,2022,793.7,-10.4,2102.3,3.0,40.5,60.1,29.8,31.6,371187.4,61864.6,1237291.3,467.66712863802445,77.94456343706689,1558.8903867960187,40.5,0.02997664157799118
586,Company_586,Transportation,Africa,2023,796.3,-10.9,3408.9,0.3,40.9,61.5,28.3,32.8,367658.7,61276.4,1225528.9,461.70877809870655,76.95140022604546,1539.0291347482105,40.86666666666667,0.0032757969005920984
586,Company_586,Transportation,Africa,2024,878.7,-13.4,3322.5,10.3,44.7,65.1,30.7,38.2,392468.5,65411.4,1308228.3,446.6467508819847,74.44110617958347,1488.822465005121,44.666666666666664,0.10347858847168157
586,Company_586,Transportation,Africa,2025,988.1,-16.0,1251.0,12.5,46.3,67.6,31.9,39.3,431036.1,71839.3,1436787.0,436.2272037243194,72.70448335188746,1454.0906790810645,46.26666666666667,0.12450210538295203
587,Company_587,Healthcare,North America,2015,1939.4,11.5,3829.3,10.100000000000001,59.1,71.7,23.4,82.2,135400.8,135400.8,270801.7,69.8158193255646,69.8158193255646,139.6316902134681,59.1,
587,Company_587,Healthcare,North America,2016,2273.4,12.8,3672.7,17.2,60.9,72.5,26.2,83.9,157414.3,157414.3,314828.6,69.24179642825723,69.24179642825723,138.48359285651446,60.866666666666674,0.17221821181808816
587,Company_587,Healthcare,North America,2017,2700.0,15.2,6232.7,18.8,61.0,73.4,27.5,82.0,185293.2,185293.2,370586.4,68.62711111111112,68.62711111111112,137.25422222222224,60.96666666666667,0.18764845605700708
587,Company_587,Healthcare,North America,2018,2558.7,18.3,7697.3,-5.2,62.2,74.1,28.7,83.9,174295.8,174295.8,348591.6,68.11888849806543,68.11888849806543,136.23777699613086,62.23333333333333,-0.052333333333333454
587,Company_587,Healthcare,North America,2019,2835.0,18.6,8549.6,10.8,62.8,75.0,29.4,84.1,191420.2,191420.2,382840.4,67.52035273368607,67.52035273368607,135.04070546737213,62.833333333333336,0.10798452339078457
587,Company_587,Healthcare,North America,2020,2845.2,20.0,14039.4,0.4,63.6,76.8,27.6,86.3,188443.8,188443.8,376887.6,66.23218051455082,66.23218051455082,132.46436102910164,63.56666666666666,0.0035978835978836
587,Company_587,Healthcare,North America,2021,3239.5,23.7,10764.3,13.9,63.1,80.4,24.9,84.0,206366.6,206366.6,412733.1,63.70322580645161,63.70322580645161,127.40642074394196,63.1,0.13858428230001407
587,Company_587,Healthcare,North America,2022,3451.2,20.0,15946.6,6.5,63.9,80.6,23.5,87.5,219334.0,219334.0,438668.1,63.55296708391285,63.55296708391285,127.10596314325451,63.86666666666667,0.06534959098626336
587,Company_587,Healthcare,North America,2023,3776.3,21.4,15043.0,9.4,63.4,79.5,24.0,86.5,242933.5,242933.5,485867.0,64.33109127982416,64.33109127982416,128.66218255964833,63.333333333333336,0.09419911914696355
587,Company_587,Healthcare,North America,2024,4132.8,22.6,13580.9,9.4,63.5,79.4,25.0,86.0,266162.6,266162.6,532325.2,64.40248741773131,64.40248741773131,128.80497483546262,63.46666666666667,0.0944045759076344
587,Company_587,Healthcare,North America,2025,4663.1,25.9,28688.9,12.8,64.5,80.8,27.9,84.8,295904.3,295904.3,591808.6,63.456563230468994,63.456563230468994,126.91312646093799,64.5,0.12831494386372433
588,Company_588,Energy,Africa,2015,13143.4,16.2,38167.2,4.4,39.7,39.1,37.1,42.9,12175888.9,3652766.7,121758889.2,926.3880654929471,277.91642193039854,9263.880670146234,39.699999999999996,
588,Company_588,Energy,Africa,2016,13452.2,6.8,11083.8,2.3,39.8,37.0,38.8,43.8,12662470.8,3798741.2,126624708.1,941.2936768706977,282.388100087718,9412.936776140705,39.86666666666667,0.023494681741406342
588,Company_588,Energy,Africa,2017,14878.6,7.6,11585.8,10.6,40.6,38.7,39.2,43.8,13819316.2,4145794.9,138193162.2,928.8048741145,278.64146492277496,9288.048754587124,40.56666666666667,0.10603470064376075
588,Company_588,Energy,Africa,2018,15830.4,13.4,19365.6,6.4,40.5,38.2,40.9,42.5,14765879.2,4429763.8,147658792.2,932.7546492823933,279.8263973115019,9327.546505457853,40.53333333333333,0.06397107254714829
588,Company_588,Energy,Africa,2019,15898.5,13.0,20593.7,0.4,43.6,42.2,43.4,45.3,14377161.7,4313148.5,143771617.2,904.3093184891655,271.2927949177595,9043.093197471459,43.633333333333326,0.004301849605821806
588,Company_588,Energy,Africa,2020,12988.0,13.6,30963.0,-18.3,43.0,44.0,45.0,39.9,11580894.0,3474268.2,115808940.1,891.6610717585463,267.4983215275639,8916.610725284878,42.96666666666667,-0.18306758499229492
588,Company_588,Energy,Africa,2021,11795.2,15.8,18044.2,-9.2,44.3,46.1,46.4,40.5,10350157.2,3105047.2,103501571.7,877.4889107433531,263.24667661421597,8774.889081999458,44.333333333333336,-0.09183862026485978
588,Company_588,Energy,Africa,2022,12462.7,23.5,44650.2,5.7,46.4,49.1,48.8,41.3,10670818.5,3201245.6,106708185.1,856.2204417983262,256.8661365514696,8562.204426007205,46.4,0.05659081660336418
588,Company_588,Energy,Africa,2023,13116.2,28.0,54479.4,5.2,47.5,49.1,49.9,43.5,11234610.3,3370383.1,112346103.4,856.5446013327031,256.9633811622269,8565.44604382367,47.5,0.052436470427756454
588,Company_588,Energy,Africa,2024,13587.5,31.5,39295.3,3.6,50.1,52.5,51.7,46.2,11310866.6,3393260.0,113108666.2,832.4464839006439,249.73394664213433,8324.46485372585,50.13333333333333,0.03593266342385748
588,Company_588,Energy,Africa,2025,15231.5,28.6,56754.9,12.1,50.2,50.4,52.6,47.5,12905333.1,3871599.9,129053330.7,847.2791977152611,254.18375734497587,8472.791957456588,50.166666666666664,0.12099356025758978
589,Company_589,Finance,North America,2015,2754.3,6.9,1769.8,3.15,70.4,63.9,64.1,83.3,41478.0,20739.0,103695.0,15.059361725302253,7.5296808626511265,37.64840431325563,70.43333333333334,
589,Company_589,Finance,North America,2016,2848.9,6.4,2985.2,3.4,71.7,66.0,62.8,86.2,42060.8,21030.4,105151.9,14.763873775843308,7.381936887921654,36.90964933834111,71.66666666666667,0.034346294884362694
589,Company_589,Finance,North America,2017,2865.4,11.0,6170.0,0.6,72.8,68.6,62.6,87.2,41249.9,20625.0,103124.8,14.39586096182034,7.19794793048091,35.98966985412159,72.8,0.0057917090806978155
589,Company_589,Finance,North America,2018,3234.8,10.4,5363.5,12.9,74.4,70.8,61.9,90.6,45552.3,22776.2,113880.8,14.081952516384321,7.040991715098306,35.20489674786695,74.43333333333332,0.12891742863125577
589,Company_589,Finance,North America,2019,3451.2,9.1,5243.5,6.7,77.3,76.3,62.2,93.3,45974.6,22987.3,114936.4,13.321337505795086,6.660668752897543,33.30331478905888,77.26666666666667,0.06689748979844179
589,Company_589,Finance,North America,2020,3634.8,8.3,2730.4,5.3,76.1,78.4,58.8,91.2,47353.4,23676.7,118383.5,13.027786948387806,6.513893474193903,32.56946737096951,76.13333333333333,0.05319888734353273
589,Company_589,Finance,North America,2021,3594.9,5.3,2938.5,-1.1,77.5,77.7,61.6,93.1,47162.4,23581.2,117906.1,13.119252274054912,6.559626137027456,32.798158502322735,77.46666666666667,-0.010977220204688054
589,Company_589,Finance,North America,2022,3871.6,2.9,1477.6,7.7,78.1,78.3,58.0,98.0,50463.5,25231.7,126158.7,13.034275235044943,6.517124702965183,32.585675173055066,78.10000000000001,0.07697015216000436
589,Company_589,Finance,North America,2023,3982.3,7.0,5484.7,2.9,79.5,81.2,57.3,100.0,50326.6,25163.3,125816.4,12.637571252793611,6.318785626396806,31.593903020867334,79.5,0.02859282983779332
589,Company_589,Finance,North America,2024,3774.9,7.4,3947.4,-5.2,79.9,81.5,58.2,100.0,47526.7,23763.4,118816.9,12.590187819544887,6.295107155156428,31.47550928501417,79.89999999999999,-0.05208045601787914
589,Company_589,Finance,North America,2025,3808.6,11.7,6694.7,0.9,79.3,79.4,58.5,100.0,49056.6,24528.3,122641.4,12.880481016646536,6.440240508323268,32.201176285249176,79.3,0.008927388805001435
590,Company_590,Manufacturing,North America,2015,2178.3,12.7,2766.2,3.75,49.2,36.7,42.2,68.8,616298.2,821730.9,10271635.9,282.92622687416787,377.23495386310424,4715.436762613047,49.23333333333333,
590,Company_590,Manufacturing,North America,2016,2349.5,14.9,3242.8,7.9,51.9,39.3,46.6,69.7,651724.1,868965.5,10862068.7,277.388423068738,369.85124494573313,4623.14054054054,51.866666666666674,0.07859339852178304
590,Company_590,Manufacturing,North America,2017,2432.5,12.4,4697.7,3.5,52.7,40.5,46.8,70.8,668591.9,891455.9,11143198.4,274.85792394655704,366.4772456320658,4580.965426515931,52.699999999999996,0.03532666524792516
590,Company_590,Manufacturing,North America,2018,2304.0,14.7,6926.8,-5.3,52.5,41.5,47.8,68.1,628637.9,838183.8,10477297.8,272.8463107638889,363.79505208333336,4547.438281250001,52.46666666666666,-0.052826310380267194
590,Company_590,Manufacturing,North America,2019,2453.9,13.7,5070.9,6.5,54.2,42.7,49.6,70.3,663207.9,884277.2,11053464.5,270.26688129100614,360.3558417213415,4504.447817759485,54.20000000000001,0.06506076388888893
590,Company_590,Manufacturing,North America,2020,2583.0,17.2,8793.7,5.3,53.2,40.4,46.9,72.4,710901.9,947869.3,11848365.8,275.2233449477352,366.96449864498646,4587.056058846303,53.23333333333333,0.05261013081217647
590,Company_590,Manufacturing,North America,2021,2326.6,21.4,10862.0,-9.9,54.3,41.5,46.8,74.6,634787.7,846383.6,10579794.7,272.8392074271469,363.7856099028626,4547.319994842259,54.29999999999999,-0.09926442121564072
590,Company_590,Manufacturing,North America,2022,2419.9,24.6,10377.7,4.0,53.3,42.8,43.3,73.8,653579.1,871438.7,10892984.2,270.08516880862845,360.11351708748293,4501.419149551634,53.29999999999999,0.04010143557121992
590,Company_590,Manufacturing,North America,2023,2617.0,24.8,11582.9,8.1,55.2,44.2,42.7,78.8,699124.6,932166.1,11652076.8,267.1473442873519,356.19644631257165,4452.455789071456,55.23333333333333,0.08144964667961485
590,Company_590,Manufacturing,North America,2024,2702.4,22.2,12549.9,3.3,57.7,45.9,46.8,80.3,712305.3,949740.4,11871754.5,263.58248223801064,351.4433096506809,4393.0411856127885,57.666666666666664,0.03263278563240357
590,Company_590,Manufacturing,North America,2025,2649.3,21.6,10090.7,-2.0,59.2,47.1,48.6,81.8,691453.8,921938.4,11524230.1,260.9949043143472,347.9932057524629,4349.915109651605,59.166666666666664,-0.019649200710479486
591,Company_591,Manufacturing,Oceania,2015,568.6,-8.3,2683.3,13.55,64.3,86.3,59.2,47.2,101613.3,135484.4,1693555.4,178.70787900105523,238.27717200140694,2978.465353499824,64.23333333333333,
591,Company_591,Manufacturing,Oceania,2016,698.4,-6.7,836.4,22.8,67.3,90.0,62.1,49.7,119398.1,159197.4,1989968.1,170.95947880870563,227.9458762886598,2849.324312714777,67.26666666666667,0.22827998593035526
591,Company_591,Manufacturing,Oceania,2017,836.0,-2.9,1481.6,19.7,63.9,86.4,58.5,46.8,149267.8,199023.8,2487797.2,178.54999999999998,238.06674641148325,2975.8339712918664,63.9,0.19702176403207328
591,Company_591,Manufacturing,Oceania,2018,983.2,-4.6,2304.1,17.6,64.9,85.0,59.3,50.5,178402.8,237870.4,2973380.5,181.45117982099265,241.93490642799023,3024.186838893409,64.93333333333334,0.1760765550239236
591,Company_591,Manufacturing,Oceania,2019,1083.6,0.3,54.9,10.2,62.5,82.3,56.7,48.6,202889.7,270519.6,3381495.3,187.23671096345518,249.64894795127353,3120.6121262458473,62.53333333333333,0.10211554109031717
591,Company_591,Manufacturing,Oceania,2020,1217.4,-1.7,4481.6,12.3,62.0,80.0,58.4,47.6,233780.5,311707.4,3896342.4,192.0326104813537,256.0435354033186,3200.544110399211,62.0,0.12347729789590267
591,Company_591,Manufacturing,Oceania,2021,1313.6,-2.0,1605.7,7.9,62.3,79.8,59.0,48.2,252698.2,336930.9,4211636.4,192.37073690621196,256.494290499391,3206.1787454324,62.333333333333336,0.07902086413668452
591,Company_591,Manufacturing,Oceania,2022,1541.5,-1.0,1845.7,17.3,63.1,81.0,59.8,48.5,292714.0,390285.3,4878566.8,189.88906908855012,253.1854038274408,3164.8179046383393,63.1,0.17349269183922056
591,Company_591,Manufacturing,Oceania,2023,1699.2,-1.3,3508.4,10.2,63.6,82.4,60.5,48.0,317756.4,423675.2,5295940.2,187.00353107344634,249.33804143126176,3116.7256355932204,63.63333333333333,0.10230295167045078
591,Company_591,Manufacturing,Oceania,2024,1951.0,-1.1,8809.9,14.8,65.3,88.3,61.3,46.4,340581.7,454108.9,5676360.9,174.56776012301384,232.75699641209638,2909.462275756023,65.33333333333333,0.14818738229755168
591,Company_591,Manufacturing,Oceania,2025,2138.3,-0.7,5162.5,9.6,66.5,91.5,62.2,45.9,359075.3,478767.0,5984587.7,167.92559509891032,223.9007622877987,2798.759622129729,66.53333333333333,0.09600205023065111
592,Company_592,Utilities,Latin America,2015,1462.1,8.9,1213.1,1.4000000000000001,45.4,60.8,47.6,27.9,906191.0,566369.4,9061910.3,619.787292250872,387.3670747554887,6197.873127693045,45.43333333333334,
592,Company_592,Utilities,Latin America,2016,1433.0,9.7,1915.0,-2.0,46.7,64.5,47.4,28.1,858078.3,536299.0,8580783.3,598.798534542917,374.24912770411726,5987.985554780182,46.666666666666664,-0.01990287942001223
592,Company_592,Utilities,Latin America,2017,1553.8,10.5,1879.0,8.4,48.0,65.2,50.5,28.3,924723.5,577952.2,9247234.7,595.136761487965,371.96048397477153,5951.367421804608,48.0,0.08429867411025826
592,Company_592,Utilities,Latin America,2018,1418.8,10.3,1318.0,-8.7,47.7,63.2,51.3,28.6,860098.9,537561.8,8600989.4,606.215745700592,378.8848322526079,6062.157738934311,47.699999999999996,-0.08688376882481663
592,Company_592,Utilities,Latin America,2019,1420.2,9.7,2063.9,0.1,50.7,67.8,55.1,29.2,824084.9,515053.1,8240848.9,580.2597521475849,362.66237149697224,5802.59745106323,50.699999999999996,0.0009867493656612325
592,Company_592,Utilities,Latin America,2020,1584.8,9.1,1918.4,11.6,50.6,66.0,54.8,31.0,936060.1,585037.6,9360601.4,590.6487253912165,369.1554770318021,5906.487506309945,50.6,0.1158991691311082
592,Company_592,Utilities,Latin America,2021,1515.3,7.3,1354.2,-4.4,51.8,68.1,54.7,32.6,877074.0,548171.3,8770740.2,578.8121164125915,361.7576057546361,5788.12129611298,51.800000000000004,-0.043854114083796025
592,Company_592,Utilities,Latin America,2022,1664.8,6.0,1146.4,9.9,52.1,66.8,55.9,33.7,975547.9,609717.4,9755479.1,585.9850432484383,366.24062950504566,5859.850492551658,52.133333333333326,0.09866033128753382
592,Company_592,Utilities,Latin America,2023,1880.6,7.3,1349.7,13.0,55.2,69.1,59.3,37.1,1077962.0,673726.2,10779620.0,573.2011060299905,358.25066468148464,5732.011060299905,55.16666666666666,0.129625180201826
592,Company_592,Utilities,Latin America,2024,1931.7,8.4,1461.7,2.7,55.6,70.2,59.0,37.7,1095475.7,684672.3,10954757.1,567.1044675674276,354.4402857586582,5671.044727442149,55.633333333333326,0.02717217909177938
592,Company_592,Utilities,Latin America,2025,1880.2,7.1,1510.8,-2.7,57.6,70.9,62.1,39.8,1058627.0,661641.9,10586270.5,563.0395702584831,351.8997447080098,5630.395968513988,57.6,-0.02666045452192367
593,Company_593,Manufacturing,Africa,2015,1640.9,7.0,2086.3,15.399999999999999,31.4,55.2,11.5,27.4,400670.2,534226.9,6677836.5,244.17709793406058,325.5694435980255,4069.618197330733,31.366666666666664,
593,Company_593,Manufacturing,Africa,2016,1864.7,7.0,1130.9,13.6,29.4,51.9,9.7,26.6,467900.7,623867.6,7798345.0,250.92545717809836,334.56727623746445,4182.090952968306,29.399999999999995,0.13638856724968007
593,Company_593,Manufacturing,Africa,2017,2184.6,11.4,4101.8,17.2,29.2,51.8,5.7,30.2,549009.4,732012.5,9150156.2,251.30888949922183,335.07850407397234,4188.481278037169,29.233333333333334,0.1715557462326378
593,Company_593,Manufacturing,Africa,2018,2587.9,14.6,7646.0,18.5,29.4,51.4,7.1,29.7,652069.7,869426.3,10867828.7,251.9686618493759,335.9582286796244,4199.4778391746195,29.400000000000002,0.1846104550032044
593,Company_593,Manufacturing,Africa,2019,2931.5,11.1,6525.5,13.3,28.5,48.9,8.5,28.1,754219.6,1005626.1,12570325.8,257.28111888111886,343.04148047074875,4288.0183523793285,28.5,0.13277174543065806
593,Company_593,Manufacturing,Africa,2020,3745.7,11.8,7536.8,27.8,29.5,51.1,8.4,28.9,946322.4,1261763.2,15772040.3,252.64233654590598,336.85644872787464,4210.705689190272,29.46666666666667,0.27774177042469717
593,Company_593,Manufacturing,Africa,2021,4939.5,14.3,6219.6,31.9,30.7,52.3,11.1,28.7,1236077.8,1648103.7,20601296.5,250.2435064277761,333.65800182204674,4170.725073387995,30.7,0.3187121232346424
593,Company_593,Manufacturing,Africa,2022,5588.4,13.4,10197.6,13.1,30.8,54.2,9.1,29.0,1375492.4,1833989.9,22924873.4,246.13349080237634,328.1779937012383,4102.2248586357455,30.76666666666667,0.13136957181901
593,Company_593,Manufacturing,Africa,2023,6870.7,12.3,18304.6,22.9,30.7,53.6,8.0,30.4,1700175.4,2266900.5,28336256.1,247.4530106102726,329.93734262884425,4124.216761028716,30.666666666666668,0.22945744756996644
593,Company_593,Manufacturing,Africa,2024,7314.8,10.9,13381.7,6.5,31.4,53.5,8.3,32.4,1811241.4,2414988.5,30187356.5,247.61324984961993,330.150995242522,4126.887474708809,31.399999999999995,0.0646367910111052
593,Company_593,Manufacturing,Africa,2025,7945.7,12.3,8971.5,8.6,33.6,56.8,9.0,34.9,1911881.2,2549174.9,31864686.0,240.61834703046932,320.82445851215124,4010.3056999383316,33.56666666666666,0.08624979493629348
594,Company_594,Utilities,Europe,2015,2701.2,10.8,2467.9,-1.65,52.4,40.9,38.1,78.2,1974031.8,1233769.9,19740317.7,730.7980897378943,456.74881534132976,7307.980786317193,52.4,
594,Company_594,Utilities,Europe,2016,2288.9,12.8,2360.9,-15.3,52.4,39.4,37.9,80.1,1692933.5,1058083.4,16929335.0,739.6275503516973,462.2672025863952,7396.275503516973,52.46666666666666,-0.15263586554124087
594,Company_594,Utilities,Europe,2017,2265.2,14.3,4365.7,-1.0,54.2,39.3,40.1,83.1,1676446.1,1047778.8,16764460.9,740.0874536464772,462.55465301077174,7400.8744923185595,54.166666666666664,-0.010354318668356122
594,Company_594,Utilities,Europe,2018,2534.2,10.6,2717.4,11.9,52.6,36.3,41.6,79.8,1917572.8,1198483.0,19175728.1,756.677768131955,472.9236050824718,7566.777720779734,52.56666666666666,0.11875331096591912
594,Company_594,Utilities,Europe,2019,2391.6,13.6,2737.2,-5.6,52.9,37.2,42.1,79.3,1797927.3,1123704.6,17979272.9,751.767561465128,469.8547415955846,7517.675572838267,52.866666666666674,-0.056270223344645265
594,Company_594,Utilities,Europe,2020,2427.3,12.0,3686.4,1.5,53.3,41.6,41.6,76.8,1764448.1,1102780.1,17644481.4,726.918015902443,454.3237753882915,7269.180323816585,53.333333333333336,0.01492724535875567
594,Company_594,Utilities,Europe,2021,2372.6,11.8,2865.7,-2.3,55.5,44.0,45.4,77.2,1693449.2,1058405.8,16934492.5,713.7525077973531,446.0953384472731,7137.5252887128045,55.53333333333334,-0.022535327318419784
594,Company_594,Utilities,Europe,2022,2460.4,13.6,3645.5,3.7,55.9,42.8,47.0,78.0,1771836.0,1107397.5,17718360.0,720.1414404161925,450.0884002601203,7201.414404161925,55.93333333333334,0.03700581640394507
594,Company_594,Utilities,Europe,2023,1678.7,10.8,2423.2,-31.8,56.8,44.0,50.8,75.5,1197558.6,748474.1,11975585.7,713.3845237386073,445.8653124441532,7133.845058676356,56.76666666666667,-0.31771256706226636
594,Company_594,Utilities,Europe,2024,1552.8,8.9,1805.9,-7.5,55.4,42.9,48.9,74.4,1117903.6,698689.8,11179036.3,719.9276146316332,449.95479134466774,7199.276339515714,55.4,-0.07499851075236796
594,Company_594,Utilities,Europe,2025,1557.2,9.4,1962.2,0.3,57.2,45.8,51.0,74.9,1095273.1,684545.7,10952730.8,703.360583097868,439.6003724633958,7033.605702543026,57.23333333333333,0.0028335909325090114
595,Company_595,Consumer Goods,Oceania,2015,2295.7,14.2,4859.5,6.5,76.3,55.0,88.8,85.0,374244.8,467806.0,1871223.8,163.01990678224507,203.77488347780636,815.0994467918283,76.26666666666667,
595,Company_595,Consumer Goods,Oceania,2016,2449.9,14.4,6508.5,6.7,77.3,57.3,88.7,85.9,391542.2,489427.7,1957710.8,159.81966610882077,199.77456222702966,799.0982489081186,77.3,0.06716905519013827
595,Company_595,Consumer Goods,Oceania,2017,2720.3,18.1,9480.3,11.0,77.3,59.4,88.8,83.8,426745.0,533431.3,2133725.2,156.8742418115649,196.09282064478182,784.3712825791273,77.33333333333333,0.1103718519123229
595,Company_595,Consumer Goods,Oceania,2018,3034.0,21.3,8551.9,11.5,78.0,60.5,89.4,83.9,471180.2,588975.3,2355901.1,155.3,194.12501647989455,776.5000329597891,77.93333333333334,0.11531816343785595
595,Company_595,Consumer Goods,Oceania,2019,3099.7,19.9,9040.8,2.2,79.5,62.1,90.0,86.5,474533.7,593167.1,2372668.5,153.09020227763978,191.36274478175307,765.4510113881989,79.53333333333333,0.021654581410678997
595,Company_595,Consumer Goods,Oceania,2020,3034.1,22.0,15263.0,-2.1,80.5,63.4,91.2,86.8,458974.3,573717.9,2294871.7,151.27197521505553,189.0899772584951,756.3599419926833,80.46666666666665,-0.021163338387585884
595,Company_595,Consumer Goods,Oceania,2021,2984.9,24.5,12365.2,-1.6,80.7,64.1,93.8,84.1,448491.4,560614.2,2242456.9,150.25340882441623,187.81674427954033,751.2670106201213,80.66666666666666,-0.016215681750766264
595,Company_595,Consumer Goods,Oceania,2022,3356.2,25.6,20158.3,12.4,83.0,65.7,96.0,87.5,496995.2,621244.0,2484975.9,148.0827125916215,185.10339073952684,740.4135331625052,83.06666666666666,0.1243927769774531
595,Company_595,Consumer Goods,Oceania,2023,3567.1,27.7,17365.2,6.3,83.1,65.1,97.2,86.9,531171.0,663963.8,2655855.2,148.90835692859747,186.13546017773544,744.5418407109418,83.06666666666668,0.0628389249746737
595,Company_595,Consumer Goods,Oceania,2024,3621.7,28.1,17075.4,1.5,84.4,70.4,97.3,85.4,512309.2,640386.5,2561546.2,141.45544909848968,176.81931137311207,707.2773007151338,84.36666666666666,0.015306551540467117
595,Company_595,Consumer Goods,Oceania,2025,3953.5,34.9,33046.3,9.2,84.2,71.6,94.3,86.6,552684.9,690856.1,2763424.4,139.7963576577716,174.7454407487037,698.9817629948147,84.16666666666666,0.09161443520998436
596,Company_596,Technology,Europe,2015,22195.8,19.4,132073.7,15.95,87.2,88.1,92.3,81.0,647142.5,388285.5,1294285.0,29.156079078023772,17.49364744681426,58.312158156047545,87.13333333333333,
596,Company_596,Technology,Europe,2016,25570.9,17.5,106007.7,15.2,86.3,87.7,92.2,79.0,749099.8,449459.9,1498199.6,29.2950111259283,17.57700745769605,58.5900222518566,86.3,0.15206029969633894
596,Company_596,Technology,Europe,2017,31781.8,17.9,191713.2,24.3,86.4,89.3,91.6,78.2,913354.2,548012.5,1826708.4,28.73827788231,17.242966100095025,57.47655576462,86.36666666666666,0.24288937816033052
596,Company_596,Technology,Europe,2018,36927.7,14.2,126461.9,16.2,88.8,90.9,91.5,84.0,1040236.2,624141.7,2080472.4,28.169536689260365,16.901721471957366,56.33907337852073,88.8,0.16191342214726667
596,Company_596,Technology,Europe,2019,45189.5,15.2,212044.9,22.4,87.7,88.7,90.7,83.8,1308502.1,785101.3,2617004.3,28.95588798282787,17.3735336748581,57.911778178559175,87.73333333333333,0.2237290705892867
596,Company_596,Technology,Europe,2020,57632.4,18.0,197751.3,27.5,87.5,88.4,90.2,83.9,1674257.1,1004554.3,3348514.2,29.050622566473027,17.430374233937854,58.101245132946055,87.5,0.27534936213058336
596,Company_596,Technology,Europe,2021,72099.8,17.4,244870.2,25.1,87.0,92.2,89.8,79.0,1998506.2,1199103.7,3997012.5,27.718609482966663,16.631165412386718,55.43722035289973,87.0,0.2510289351128878
596,Company_596,Technology,Europe,2022,83443.0,19.8,357755.1,15.7,88.3,94.4,89.3,81.2,2250221.6,1350133.0,4500443.3,26.967170403748668,16.18030272161835,53.93434200592021,88.3,0.157326372611297
596,Company_596,Technology,Europe,2023,91303.1,17.7,324554.5,9.4,90.5,96.8,92.7,81.9,2383644.4,1430186.6,4767288.8,26.10693831863321,15.664162553078702,52.21387663726642,90.46666666666665,0.09419723643684907
596,Company_596,Technology,Europe,2024,103304.3,17.9,408116.4,13.1,91.8,99.9,92.1,83.5,2585486.3,1551291.8,5170972.6,25.027867184618643,15.016720504373971,50.055734369237285,91.83333333333333,0.1314435106803602
596,Company_596,Technology,Europe,2025,119460.4,15.3,471228.1,15.6,92.3,99.8,95.7,81.6,2995911.4,1797546.8,5991822.7,25.078698882642282,15.047218994746377,50.15739692818708,92.36666666666667,0.15639329631002763
597,Company_597,Consumer Goods,Asia,2015,791.0,13.1,2291.2,7.3500000000000005,47.2,23.3,83.5,34.9,164000.6,205000.7,820002.8,207.33324905183312,259.16649810366624,1036.665992414665,47.23333333333333,
597,Company_597,Consumer Goods,Asia,2016,773.7,12.5,1839.6,-2.2,48.3,23.2,83.8,37.9,160563.5,200704.4,802817.6,207.52681918056092,259.4085562879669,1037.6342251518677,48.300000000000004,-0.021871049304677537
597,Company_597,Consumer Goods,Asia,2017,885.7,12.5,1190.5,14.5,47.8,23.3,82.7,37.5,183642.0,229552.6,918210.2,207.34108614655074,259.1764705882353,1036.7056565428475,47.833333333333336,0.14475895049760878
597,Company_597,Consumer Goods,Asia,2018,888.9,13.5,2375.3,0.4,48.1,25.5,81.6,37.3,181645.1,227056.4,908225.6,204.34818314771067,255.43525705928676,1021.741028237147,48.133333333333326,0.0036129614993789527
597,Company_597,Consumer Goods,Asia,2019,1025.0,13.1,1903.8,15.3,49.9,27.0,83.8,39.0,207200.3,259000.4,1036001.6,202.14663414634146,252.6833170731707,1010.7332682926829,49.93333333333334,0.15311058611767359
597,Company_597,Consumer Goods,Asia,2020,1043.9,13.4,2988.5,1.8,52.0,29.7,85.5,40.8,207137.6,258922.0,1035687.8,198.42666922118977,248.03333652648718,992.1331545167161,52.0,0.01843902439024392
597,Company_597,Consumer Goods,Asia,2021,1244.6,12.7,2890.8,19.2,51.6,28.3,85.4,40.9,249341.9,311677.4,1246709.5,200.3389844126627,250.4237506026033,1001.6949220633136,51.53333333333333,0.19225979499952084
597,Company_597,Consumer Goods,Asia,2022,1404.7,11.2,2139.6,12.9,52.8,27.7,87.7,42.8,282570.1,353212.6,1412850.5,201.16046130846442,251.45055883818605,1005.8023065423222,52.73333333333333,0.1286357062510044
597,Company_597,Consumer Goods,Asia,2023,1405.5,13.7,3944.0,0.1,53.4,26.4,88.1,45.7,285470.5,356838.1,1427352.4,203.1095695482035,253.88694414799002,1015.5477765919601,53.4,0.0005695166227663861
597,Company_597,Consumer Goods,Asia,2024,1401.2,11.5,3446.3,-0.3,53.9,26.4,88.0,47.2,284587.7,355734.6,1422938.5,203.102840422495,253.8785326862689,1015.514202112475,53.866666666666674,-0.0030594094628245694
597,Company_597,Consumer Goods,Asia,2025,1704.7,10.1,2208.4,21.7,53.6,26.2,87.5,47.0,346613.0,433266.3,1733065.2,203.32785827418314,254.15985217340292,1016.6394086936117,53.56666666666666,0.2166000570939195
598,Company_598,Utilities,North America,2015,1227.1,9.7,1533.9,-2.4,44.9,13.4,48.2,73.1,1085926.7,678704.2,10859266.9,884.9537120039117,553.0960801890636,8849.537038546167,44.9,
598,Company_598,Utilities,North America,2016,1104.2,9.5,1043.7,-10.0,45.3,13.7,48.9,73.4,975348.7,609592.9,9753486.9,883.3080057960514,552.0674696612932,8833.07996739721,45.333333333333336,-0.10015483660663338
598,Company_598,Utilities,North America,2017,1146.5,10.5,1613.7,3.8,45.4,13.9,47.7,74.7,1011585.9,632241.2,10115858.7,882.3252507631923,551.4532926297427,8823.252245965983,45.43333333333334,0.03830827748596266
598,Company_598,Utilities,North America,2018,1113.5,12.4,2069.2,-2.9,47.5,16.8,49.1,76.5,964446.2,602778.9,9644462.3,866.1393803322856,541.3371351594072,8661.394072743602,47.46666666666667,-0.02878325337985177
598,Company_598,Utilities,North America,2019,1270.1,13.5,1431.8,14.1,47.6,20.9,47.0,74.8,1070513.3,669070.8,10705133.1,842.8574915360996,526.7859223683175,8428.574994094954,47.56666666666666,0.1406376290974405
598,Company_598,Utilities,North America,2020,1356.1,16.0,2662.7,6.8,49.5,22.1,49.9,76.6,1134094.0,708808.7,11340939.9,836.2908340092914,522.6817343853699,8362.90826635204,49.53333333333333,0.06771120384221718
598,Company_598,Utilities,North America,2021,1249.6,14.8,2538.6,-7.9,49.6,23.7,47.7,77.4,1034058.4,646286.5,10340584.2,827.51152368758,517.1947023047376,8275.115396927016,49.6,-0.07853403141361259
598,Company_598,Utilities,North America,2022,1226.4,14.9,2706.0,-1.9,49.2,23.6,49.7,74.3,1015455.8,634659.9,10154557.7,827.9972276581865,517.4982876712329,8279.972031963469,49.20000000000001,-0.018565941101152172
598,Company_598,Utilities,North America,2023,1118.6,14.3,1337.3,-8.8,49.6,26.4,48.9,73.5,908304.2,567690.1,9083042.3,812.0008939746111,507.5005363847667,8120.009207938496,49.6,-0.08789954337899553
598,Company_598,Utilities,North America,2024,1267.3,14.5,1811.3,13.3,50.0,24.9,49.0,76.3,1039825.9,649891.2,10398259.2,820.5049317446541,512.8155922038981,8205.049475262369,50.06666666666666,0.1329340246736994
598,Company_598,Utilities,North America,2025,1219.5,12.1,2001.2,-3.8,49.2,21.7,48.1,77.9,1022667.8,639167.4,10226677.9,838.5959819598196,524.1225092250922,8385.959737597377,49.23333333333333,-0.03771798311370622
599,Company_599,Transportation,Latin America,2015,868.6,-0.9,3623.2,-13.45,50.5,34.0,74.5,43.0,501336.6,83556.1,1671121.9,577.1777573106148,96.19629288510247,1923.9257425742574,50.5,
599,Company_599,Transportation,Latin America,2016,825.0,1.7,248.4,-5.0,50.5,36.4,72.8,42.4,467923.1,77987.2,1559743.5,567.1795151515151,94.52993939393939,1890.5981818181817,50.53333333333333,-0.050195717246143245
599,Company_599,Transportation,Latin America,2017,642.1,0.3,36.2,-22.2,51.4,37.7,71.0,45.5,360760.2,60126.7,1202534.1,561.844261018533,93.64071016975548,1872.8143591340913,51.4,-0.22169696969696961
599,Company_599,Transportation,Latin America,2018,606.0,-5.4,2316.1,-5.6,53.2,41.0,71.2,47.4,331867.2,55311.2,1106224.1,547.6356435643564,91.27260726072606,1825.4523102310231,53.199999999999996,-0.05622177230960912
599,Company_599,Transportation,Latin America,2019,484.1,-4.4,2110.2,-20.1,53.6,40.2,74.4,46.2,266816.0,44469.3,889386.5,551.1588514769676,91.85973972319769,1837.1958273084072,53.6,-0.20115511551155107
599,Company_599,Transportation,Latin America,2020,414.3,-3.6,1855.8,-14.4,54.5,43.6,76.8,43.0,222408.8,37068.1,741362.6,536.8303161959932,89.47163890900313,1789.4342264059858,54.46666666666667,-0.14418508572608968
599,Company_599,Transportation,Latin America,2021,332.8,-2.8,1652.0,-19.7,57.5,47.1,79.8,45.5,173812.2,28968.7,579373.9,522.2722355769231,87.04537259615384,1740.9071514423076,57.46666666666667,-0.1967173545739802
599,Company_599,Transportation,Latin America,2022,266.5,-1.8,1236.1,-19.9,58.0,49.0,79.7,45.3,137071.1,22845.2,456903.7,514.33808630394,85.72307692307693,1714.4604127579737,58.0,-0.19921875
599,Company_599,Transportation,Latin America,2023,257.6,-0.3,910.6,-3.3,57.7,50.5,78.1,44.6,130834.4,21805.7,436114.6,507.89751552795025,84.64945652173913,1692.991459627329,57.73333333333333,-0.03339587242026254
599,Company_599,Transportation,Latin America,2024,239.6,0.1,2.0,-7.0,56.9,48.7,75.4,46.7,123566.4,20594.4,411887.9,515.7195325542571,85.95325542570953,1719.06469115192,56.93333333333334,-0.06987577639751563
599,Company_599,Transportation,Latin America,2025,209.8,3.4,95.1,-12.5,56.9,46.9,76.2,47.6,109676.6,18279.4,365588.8,522.767397521449,87.12774070543375,1742.5586272640608,56.9,-0.12437395659432382
600,Company_600,Technology,Africa,2015,3598.3,16.3,16976.7,7.65,54.2,84.5,74.5,3.7,109456.0,65673.6,218911.9,30.41880888197204,18.251285329183226,60.837589973042824,54.23333333333333,
600,Company_600,Technology,Africa,2016,4169.2,15.7,22631.6,15.9,54.3,85.0,72.7,5.0,126124.5,75674.7,252248.9,30.25148709584573,18.150892257507437,60.50295020627458,54.23333333333333,0.15865825528721889
600,Company_600,Technology,Africa,2017,4249.7,12.2,8331.7,1.9,54.1,86.5,72.4,3.3,126265.5,75759.3,252531.0,29.711626703061395,17.82697602183684,59.42325340612279,54.06666666666667,0.019308260577568737
600,Company_600,Technology,Africa,2018,4196.7,9.9,8390.1,-1.2,56.0,88.2,74.9,5.0,122248.8,73349.3,244497.7,29.129744799485312,17.477851645340387,58.259513427216625,56.03333333333334,-0.012471468574252298
600,Company_600,Technology,Africa,2019,4559.5,12.8,15032.8,8.6,58.2,91.3,76.8,6.5,127831.8,76699.1,255663.7,28.036363636363635,16.821822568264064,56.072749204956686,58.199999999999996,0.08644887649820099
600,Company_600,Technology,Africa,2020,4661.1,10.0,7694.6,2.2,57.4,89.2,75.6,7.4,134134.5,80480.7,268268.9,28.77743451116689,17.266460706700133,57.5548475681706,57.400000000000006,0.022283145081697597
600,Company_600,Technology,Africa,2021,5087.4,11.8,20945.1,9.1,58.0,91.8,73.9,8.4,141792.8,85075.7,283585.7,27.8713684789873,16.722825018673586,55.74275661438063,58.03333333333333,0.09145909763789639
600,Company_600,Technology,Africa,2022,5188.9,8.4,15167.3,2.0,59.2,91.2,74.2,12.2,145761.1,87456.7,291522.2,28.090944130740624,16.85457418720731,56.18188826148125,59.199999999999996,0.01995125211306359
600,Company_600,Technology,Africa,2023,5535.4,3.6,5008.0,6.7,59.3,91.4,74.8,11.9,155027.9,93016.7,310055.7,28.006630053835316,16.803970806084475,56.01324204212885,59.36666666666667,0.0667771589354198
600,Company_600,Technology,Africa,2024,6033.8,6.0,12645.4,9.0,59.8,94.5,73.4,11.5,162399.7,97439.8,324799.4,26.914995525207996,16.148994000464054,53.82999105041599,59.800000000000004,0.0900386602594212
600,Company_600,Technology,Africa,2025,6755.8,8.2,19089.6,12.0,60.1,97.5,72.7,10.2,174844.7,104906.8,349689.4,25.880680304331094,15.52840522217946,51.76136060866219,60.133333333333326,0.1196592528754683
601,Company_601,Retail,Asia,2015,675.1,9.2,888.3,0.8999999999999999,69.1,69.0,60.6,77.9,48422.2,24211.1,96844.3,71.725966523478,35.862983261739,143.4517849207525,69.16666666666667,
601,Company_601,Retail,Asia,2016,677.6,8.2,1103.8,0.4,69.0,70.0,60.7,76.3,48129.9,24065.0,96259.9,71.02995867768595,35.515053128689495,142.06006493506493,69.0,0.003703155088135013
601,Company_601,Retail,Asia,2017,611.5,6.7,559.3,-9.8,69.9,73.1,59.9,76.7,42109.1,21054.6,84218.3,68.8619787408013,34.43107113654946,137.72412101390026,69.89999999999999,-0.09755017709563163
601,Company_601,Retail,Asia,2018,646.5,5.4,647.1,5.7,68.7,72.8,57.4,76.0,44627.5,22313.7,89255.0,69.02938901778809,34.51461716937355,138.05877803557618,68.73333333333333,0.05723630417007364
601,Company_601,Retail,Asia,2019,650.4,2.7,224.6,0.6,69.2,74.0,56.7,77.0,44345.7,22172.8,88691.3,68.18219557195572,34.0910209102091,136.36423739237392,69.23333333333333,0.00603248259860778
601,Company_601,Retail,Asia,2020,678.2,2.5,426.4,4.3,70.9,74.8,57.3,80.6,45865.2,22932.6,91730.3,67.62783839575346,33.81391919787673,135.2555293423769,70.89999999999999,0.042742927429274324
601,Company_601,Retail,Asia,2021,712.1,-0.5,1978.6,5.0,72.4,76.1,56.7,84.3,47497.0,23748.5,94993.9,66.69990169919954,33.34995084959977,133.39966296868417,72.36666666666667,0.04998525508699503
601,Company_601,Retail,Asia,2022,691.9,-0.8,1738.4,-2.8,73.4,80.4,55.0,84.7,44092.5,22046.3,88185.0,63.726694609047556,31.86341956930192,127.45338921809511,73.36666666666667,-0.028366802415391135
601,Company_601,Retail,Asia,2023,700.2,1.5,249.7,1.2,72.9,81.2,54.9,82.6,44221.1,22110.6,88442.2,63.15495572693516,31.57754927163667,126.30991145387031,72.89999999999999,0.011995953172423857
601,Company_601,Retail,Asia,2024,757.6,-1.1,1546.4,8.2,73.7,83.6,55.4,82.2,46548.4,23274.2,93096.8,61.44192185850053,30.720960929250264,122.88384371700106,73.73333333333333,0.08197657812053705
601,Company_601,Retail,Asia,2025,706.0,-2.0,3156.8,-6.8,74.4,84.6,54.2,84.5,42918.6,21459.3,85837.2,60.79121813031161,30.395609065155806,121.58243626062323,74.43333333333334,-0.06810982048574443
602,Company_602,Technology,North America,2015,6449.8,15.9,35598.6,5.6,66.3,51.9,75.1,72.0,269933.9,161960.4,539867.9,41.851514775651964,25.11091816800521,83.70304505566064,66.33333333333333,
602,Company_602,Technology,North America,2016,6540.4,13.1,20271.9,1.4,65.9,51.9,74.5,71.2,273532.3,164119.4,547064.7,41.82195278576234,25.09317472937435,83.64392086110941,65.86666666666667,0.01404694719216093
602,Company_602,Technology,North America,2017,6930.4,13.3,28751.6,6.0,68.1,53.9,76.4,74.0,284991.1,170994.7,569982.2,41.12188329677941,24.67313574974028,82.24376659355882,68.10000000000001,0.059629380466026616
602,Company_602,Technology,North America,2018,6592.1,13.7,24567.2,-4.9,66.3,54.6,73.3,70.9,269570.5,161742.3,539141.0,40.892962788792644,24.535777673275586,81.78592557758529,66.26666666666667,-0.04881392127438522
602,Company_602,Technology,North America,2019,6811.8,13.4,30347.8,3.3,66.0,54.7,74.4,68.9,278192.7,166915.6,556385.3,40.83982207346076,24.50389030799495,81.679629466514,66.00000000000001,0.03332777111997687
602,Company_602,Technology,North America,2020,7794.7,11.2,15880.9,14.4,66.2,54.4,73.9,70.2,319314.5,191588.7,638629.0,40.96559200482379,24.579355202894277,81.93118400964758,66.16666666666667,0.14429372559382236
602,Company_602,Technology,North America,2021,8137.7,11.6,25392.4,4.4,65.9,55.9,72.9,68.9,328937.2,197362.3,657874.5,40.42139670914386,24.252835567789425,80.84280570677218,65.9,0.04400425930439922
602,Company_602,Technology,North America,2022,9251.3,9.9,18292.7,13.7,66.2,53.7,74.7,70.1,381075.8,228645.5,762151.6,41.191594694799655,24.714958978738125,82.38318938959931,66.16666666666667,0.1368445629600501
602,Company_602,Technology,North America,2023,9920.2,10.5,21292.9,7.2,67.4,54.2,75.1,72.9,407173.6,244304.1,814347.2,41.04489828834095,24.62693292473942,82.0897965766819,67.4,0.07230335196134607
602,Company_602,Technology,North America,2024,11123.3,8.0,28311.1,12.1,69.0,58.8,75.1,73.1,438533.7,263120.2,877067.4,39.424784011938904,23.654868609135782,78.84956802387781,68.99999999999999,0.12127779681861228
602,Company_602,Technology,North America,2025,11698.9,6.1,16387.3,5.2,68.3,58.8,78.1,67.9,461006.0,276603.6,922011.9,39.405927052970796,23.643556231782473,78.8118455581294,68.26666666666667,0.05174723328508635
603,Company_603,Utilities,North America,2015,823.2,12.1,826.3,-2.6,48.0,37.0,69.0,38.1,619653.2,387283.3,6196532.3,752.7371234207968,470.46076287657917,7527.371598639455,48.03333333333333,
603,Company_603,Utilities,North America,2016,943.6,12.8,1586.7,14.6,48.2,37.2,69.1,38.2,709417.1,443385.7,7094170.6,751.8197329376854,469.88734633319206,7518.196905468419,48.166666666666664,0.1462585034013606
603,Company_603,Utilities,North America,2017,929.9,9.8,762.1,-1.5,49.5,38.3,72.0,38.3,693149.5,433218.5,6931495.4,745.4021937842779,465.8764383267018,7454.022367996559,49.53333333333333,-0.014518863925392145
603,Company_603,Utilities,North America,2018,970.1,9.2,1003.6,4.3,49.3,37.5,71.7,38.7,727665.7,454791.0,7276656.6,750.0934955159262,468.80837027110607,7500.934542830635,49.300000000000004,0.04323045488762234
603,Company_603,Utilities,North America,2019,910.1,9.3,868.1,-6.2,51.3,38.6,74.9,40.5,677088.9,423180.6,6770889.0,743.9719811009779,464.98252939237443,7439.719811009779,51.333333333333336,-0.06184929388722815
603,Company_603,Utilities,North America,2020,849.4,11.5,800.5,-6.7,53.9,44.5,77.8,39.3,603806.0,377378.8,6038060.5,710.8617847892631,444.2886743583706,7108.618436543443,53.86666666666667,-0.06669596747610163
603,Company_603,Utilities,North America,2021,885.2,12.3,896.9,4.2,53.6,44.6,77.3,38.9,628435.3,392772.0,6284352.7,709.9359466787167,443.709896068685,7099.359127880704,53.6,0.04214739816340951
603,Company_603,Utilities,North America,2022,969.5,11.7,1003.9,9.5,55.2,45.6,78.9,41.1,682904.0,426815.0,6829040.1,704.3878287777205,440.2423929860753,7043.878390923156,55.199999999999996,0.09523271577044734
603,Company_603,Utilities,North America,2023,877.3,13.1,1187.8,-9.5,56.7,47.3,79.5,43.1,609702.2,381063.9,6097021.8,694.9757209620426,434.3598540978001,6949.756981648239,56.63333333333333,-0.09510056730273342
603,Company_603,Utilities,North America,2024,781.4,12.6,1246.4,-10.9,56.5,48.7,79.0,41.7,536860.5,335537.8,5368604.6,687.0495264909138,429.4059380598925,6870.494753007422,56.46666666666667,-0.1093126638550097
603,Company_603,Utilities,North America,2025,752.9,15.2,1651.0,-3.7,57.1,48.5,78.6,44.0,518171.7,323857.3,5181716.9,688.2344268827202,430.14650019922965,6882.3441360074385,57.03333333333333,-0.036472997184540557
604,Company_604,Retail,Latin America,2015,743.5,8.5,704.2,2.6,52.6,49.1,32.6,76.1,63689.5,31844.8,127379.1,85.66173503698722,42.83093476798924,171.3236045729657,52.6,
604,Company_604,Retail,Latin America,2016,700.9,10.7,1358.2,-5.7,54.0,49.6,29.8,82.7,59784.3,29892.1,119568.6,85.29647595948067,42.648166642887716,170.59295191896135,54.03333333333334,-0.05729657027572299
604,Company_604,Retail,Latin America,2017,748.6,12.1,1960.3,6.8,53.5,50.6,28.1,81.8,63307.2,31653.6,126614.5,84.56745925728025,42.283729628640124,169.13505209724818,53.5,0.06805535739763169
604,Company_604,Retail,Latin America,2018,726.5,12.0,1285.5,-3.0,53.8,51.4,28.1,81.9,61021.5,30510.7,122042.9,83.99380591878871,41.99683413626979,167.9874741913283,53.800000000000004,-0.029521773978092414
604,Company_604,Retail,Latin America,2019,807.7,16.1,2486.8,11.2,55.4,52.6,33.2,80.5,67189.5,33594.8,134379.1,83.18620775040237,41.59316577937353,166.37253930914943,55.43333333333334,0.1117687543014454
604,Company_604,Retail,Latin America,2020,840.0,19.2,2684.4,4.0,56.4,55.3,36.6,77.3,68259.0,34129.5,136518.0,81.26071428571429,40.63035714285714,162.52142857142857,56.4,0.03999009533242526
604,Company_604,Retail,Latin America,2021,850.1,18.2,3616.2,1.2,56.3,54.5,34.6,80.0,69599.1,34799.5,139198.2,81.87166215739325,40.935772262086815,163.7433243147865,56.36666666666667,0.012023809523809659
604,Company_604,Retail,Latin America,2022,831.3,15.9,1693.8,-2.2,59.4,58.6,35.2,84.4,65635.3,32817.7,131270.6,78.95501022494888,39.47756525923253,157.91002044989776,59.400000000000006,-0.022115045288789603
604,Company_604,Retail,Latin America,2023,943.6,15.0,1812.9,13.5,60.5,59.9,37.3,84.3,73656.8,36828.4,147313.6,78.0593471810089,39.02967359050445,156.1186943620178,60.5,0.13508961866955382
604,Company_604,Retail,Latin America,2024,923.6,13.2,1370.9,-2.1,61.5,59.7,40.5,84.4,72212.8,36106.4,144425.5,78.18622780424427,39.093113902122134,156.3723473365093,61.53333333333334,-0.021195421788893554
604,Company_604,Retail,Latin America,2025,972.5,12.8,2914.2,5.3,63.8,61.4,44.6,85.5,74913.2,37456.6,149826.4,77.03156812339331,38.51578406169666,154.06313624678663,63.833333333333336,0.052944997834560414
605,Company_605,Energy,Oceania,2015,13031.7,15.8,27417.7,-0.95,36.0,31.7,58.6,17.6,12749600.1,3824880.0,127496001.3,978.3527935725959,293.5058357697,9783.527958746747,35.96666666666667,
605,Company_605,Energy,Oceania,2016,12708.9,16.7,34041.1,-2.5,36.7,32.1,58.8,19.3,12394477.1,3718343.1,123944771.1,975.2596290788346,292.5778863630999,9752.596298656847,36.733333333333334,-0.024770367641980817
605,Company_605,Energy,Oceania,2017,13266.4,23.5,49183.5,4.4,38.4,36.1,59.8,19.2,12569108.8,3770732.6,125691087.5,947.4393053126697,284.2317885786649,9474.393015437496,38.36666666666667,0.04386689642691333
605,Company_605,Energy,Oceania,2018,12806.6,32.3,68456.4,-3.5,39.5,39.3,62.1,17.1,11847245.9,3554173.8,118472459.3,925.089086877079,277.5267284056658,9250.89089219621,39.5,-0.034658988120364165
605,Company_605,Energy,Oceania,2019,14076.8,37.2,81062.4,9.9,40.3,40.7,62.3,17.7,12876964.8,3863089.4,128769647.6,914.765060240964,274.42951523073424,9147.65057399409,40.233333333333334,0.09918323364515169
605,Company_605,Energy,Oceania,2020,15441.8,41.2,86127.3,9.7,40.3,41.7,61.2,18.1,14021069.9,4206321.0,140210699.3,907.9945278400187,272.3983602947843,9079.945297827975,40.333333333333336,0.09696806092293708
605,Company_605,Energy,Oceania,2021,14944.1,39.0,86228.8,-3.2,41.9,41.7,61.2,22.7,13575126.2,4072537.9,135751262.5,908.3936938323485,272.5181108263462,9083.936971781506,41.86666666666667,-0.03223069849369886
605,Company_605,Energy,Oceania,2022,15235.5,42.6,89525.3,2.0,43.3,43.7,64.9,21.4,13625620.8,4087686.2,136256208.0,894.3336812050803,268.30010173607695,8943.336812050802,43.333333333333336,0.01949933418539751
605,Company_605,Energy,Oceania,2023,13986.1,31.5,50861.1,-8.2,43.2,44.1,63.4,22.1,12461398.1,3738419.4,124613981.2,890.9844845954196,267.2953432336391,8909.84486025411,43.199999999999996,-0.08200584161990088
605,Company_605,Energy,Oceania,2024,14070.0,32.3,85604.0,0.6,44.5,46.2,62.4,25.0,12338680.9,3701604.3,123386809.3,876.9496019900498,263.0848827292111,8769.49604122246,44.53333333333333,0.005998813107299439
605,Company_605,Energy,Oceania,2025,12648.6,34.8,71488.6,-10.1,45.1,45.9,63.1,26.4,11117348.0,3335204.4,111173479.9,878.9390130132979,263.6817039039894,8789.390122226967,45.13333333333333,-0.10102345415778247
606,Company_606,Transportation,Europe,2015,1158.6,-0.1,2084.8,19.1,44.9,14.8,45.8,74.1,761976.6,126996.1,2539921.8,657.6701191092699,109.61168651821164,2192.2335577421027,44.9,
606,Company_606,Transportation,Europe,2016,1475.4,-3.1,7169.9,27.3,47.0,19.7,45.7,75.5,940287.3,156714.6,3134291.1,637.3100854005693,106.21838145587637,2124.3670191134606,46.96666666666667,0.2734334541688246
606,Company_606,Transportation,Europe,2017,1562.2,-4.9,4361.0,5.9,47.1,19.4,47.6,74.3,997219.9,166203.3,3324066.3,638.3432979131993,106.39053898348482,2127.8109717065677,47.1,0.058831503321133294
606,Company_606,Transportation,Europe,2018,1781.0,-3.3,3474.8,14.0,45.4,19.7,45.8,70.7,1135277.7,189212.9,3784258.9,637.4383492419988,106.23969679955081,2124.7944413250984,45.4,0.140058891307131
606,Company_606,Transportation,Europe,2019,2183.9,0.5,95.9,22.6,47.4,22.9,47.5,71.8,1361924.0,226987.3,4539746.8,623.6201291267915,103.93667292458444,2078.733824808828,47.4,0.22622122403144296
606,Company_606,Transportation,Europe,2020,2523.6,-0.6,8119.6,15.6,48.6,22.3,51.0,72.6,1580633.7,263438.9,5268778.9,626.3408226343319,104.39011729275639,2087.8027024885087,48.633333333333326,0.1555474151746874
606,Company_606,Transportation,Europe,2021,3165.4,3.4,2042.7,25.4,48.2,22.0,50.4,72.4,1986892.0,331148.7,6622973.5,627.6906552094522,104.61511973210337,2092.3022366841474,48.26666666666667,0.2543192265018228
606,Company_606,Transportation,Europe,2022,3499.2,3.5,1963.6,10.5,47.5,22.4,47.7,72.4,2189849.2,364974.9,7299497.3,625.8142432556014,104.30238340192045,2086.0474679926842,47.5,0.10545270739874879
606,Company_606,Transportation,Europe,2023,4612.3,4.6,3664.5,31.8,49.6,22.8,51.4,74.6,2879342.3,479890.4,9597807.6,624.2747219391626,104.04579060338659,2080.915725343104,49.6,0.3181012802926384
606,Company_606,Transportation,Europe,2024,4665.0,1.5,711.0,1.1,50.0,22.8,54.4,72.9,2911328.7,485221.4,9704429.0,624.0790353697749,104.01316184351555,2080.263451232583,50.03333333333334,0.011425969689742521
606,Company_606,Transportation,Europe,2025,5758.4,1.1,959.5,23.4,51.9,24.1,56.0,75.5,3562847.0,593807.8,11876156.6,618.7216935259795,103.12027646568492,2062.4056335093082,51.86666666666667,0.23438370846730971
607,Company_607,Healthcare,Europe,2015,16260.7,20.8,37105.0,13.9,85.7,85.7,92.5,79.0,975631.0,975631.0,1951262.1,59.999323522357585,59.999323522357585,119.99865319451192,85.73333333333333,
607,Company_607,Healthcare,Europe,2016,17752.0,21.7,39782.0,9.2,85.6,87.5,91.9,77.5,1043507.3,1043507.3,2087014.5,58.78252027940514,58.78252027940514,117.56503492564218,85.63333333333333,0.09171191892107955
607,Company_607,Healthcare,Europe,2017,19606.1,19.7,72696.0,10.4,88.1,89.7,93.7,81.0,1121717.9,1121717.9,2243435.8,57.21269910895079,57.21269910895079,114.42539821790157,88.13333333333333,0.1044445696259575
607,Company_607,Healthcare,Europe,2018,21885.2,20.0,64236.9,11.6,87.9,90.7,91.3,81.5,1236238.3,1236238.3,2472476.6,56.48741158408422,56.48741158408422,112.97482316816844,87.83333333333333,0.11624443413019425
607,Company_607,Healthcare,Europe,2019,25037.0,23.5,100048.8,14.4,88.7,95.4,89.2,81.5,1333000.6,1333000.6,2666001.3,53.24122698406359,53.24122698406359,106.48245796221592,88.7,0.1440151335148867
607,Company_607,Healthcare,Europe,2020,28391.2,24.6,134652.2,13.4,88.4,96.6,88.7,79.9,1486442.8,1486442.8,2972885.7,52.35575812223506,52.35575812223506,104.71151976668827,88.40000000000002,0.1339697248072853
607,Company_607,Healthcare,Europe,2021,35031.7,26.9,201165.6,23.4,88.1,98.4,85.8,80.1,1789988.4,1789988.4,3579976.8,51.096247113328786,51.096247113328786,102.19249422665757,88.09999999999998,0.23389289639043076
607,Company_607,Healthcare,Europe,2022,40482.2,26.8,241827.3,15.6,88.3,100.0,83.8,81.1,2025128.0,2025128.0,4050256.0,50.02514685466699,50.02514685466699,100.05029370933399,88.3,0.15558765346814463
607,Company_607,Healthcare,Europe,2023,48335.6,22.6,159279.0,19.4,88.8,99.2,85.1,82.3,2445039.6,2445039.6,4890079.2,50.58465396105562,50.58465396105562,101.16930792211124,88.86666666666667,0.19399637371486733
607,Company_607,Healthcare,Europe,2024,52461.9,24.7,284635.6,8.5,87.0,95.1,86.3,79.7,2804470.3,2804470.3,5608940.5,53.457276614076115,53.457276614076115,106.91455132200701,87.03333333333332,0.08536772068620246
607,Company_607,Healthcare,Europe,2025,61413.6,24.6,220364.6,17.1,88.1,95.5,88.3,80.4,3265464.3,3265464.3,6530928.6,53.17168021415452,53.17168021415452,106.34336042830904,88.06666666666668,0.17063240180016348
608,Company_608,Finance,Latin America,2015,12433.8,15.6,31129.5,-0.6499999999999999,55.6,99.4,20.3,47.2,125421.6,62710.8,313553.9,10.087149543984946,5.043574771992473,25.21786581736879,55.63333333333333,
608,Company_608,Finance,Latin America,2016,12921.8,12.5,26813.4,3.9,56.7,97.8,24.3,48.0,133166.0,66583.0,332915.0,10.305530189292513,5.152765094646257,25.763825473231286,56.699999999999996,0.03924785664881214
608,Company_608,Finance,Latin America,2017,13231.4,13.8,28933.5,2.4,56.4,97.6,24.1,47.4,136686.6,68343.3,341716.6,10.33047145426788,5.16523572713394,25.826186193448915,56.36666666666667,0.023959510284944807
608,Company_608,Finance,Latin America,2018,12278.2,11.9,19915.8,-7.2,58.7,100.0,27.2,49.1,122782.0,61391.0,306955.1,10.0,5.0,25.000008144516293,58.76666666666667,-0.07204075154556577
608,Company_608,Finance,Latin America,2019,10348.8,12.8,23543.3,-15.7,58.6,100.0,26.9,48.8,103487.8,51743.9,258719.5,9.999980674087817,4.999990337043909,24.999951685219543,58.56666666666666,-0.15714029743773528
608,Company_608,Finance,Latin America,2020,9573.0,15.4,19496.1,-7.5,58.2,100.0,25.7,48.8,95791.2,47895.6,239478.0,10.006392980256972,5.003196490128486,25.015982450642433,58.166666666666664,-0.07496521335807038
608,Company_608,Finance,Latin America,2021,10059.9,17.0,14328.7,5.1,59.2,98.7,27.7,51.3,102464.6,51232.3,256161.4,10.18544915953439,5.092724579767195,25.463612958379308,59.23333333333333,0.05086179880915065
608,Company_608,Finance,Latin America,2022,9885.4,15.7,19897.2,-1.7,59.8,99.2,27.7,52.5,99958.0,49979.0,249894.9,10.111679851093532,5.055839925546766,25.27918951180529,59.800000000000004,-0.017346096879690687
608,Company_608,Finance,Latin America,2023,8911.8,16.7,12553.7,-9.8,60.8,100.0,28.2,54.1,89117.6,44558.8,222794.0,9.999955115689312,4.999977557844656,24.99988778922328,60.76666666666666,-0.09848868027596258
608,Company_608,Finance,Latin America,2024,9115.0,19.2,26928.8,2.3,60.6,100.0,28.5,53.2,91149.9,45575.0,227874.8,9.999989029072957,5.0,24.999978058145913,60.56666666666666,0.022801229830113012
608,Company_608,Finance,Latin America,2025,9153.0,22.8,35644.3,0.4,62.9,100.0,29.1,59.5,91530.4,45765.2,228826.0,10.000043701518628,5.000021850759314,25.00010925379657,62.86666666666667,0.004168952276467408
609,Company_609,Manufacturing,Latin America,2015,4016.5,6.6,3256.0,5.5,34.3,23.8,68.9,10.3,1244900.6,1659867.4,20748342.7,309.9466201917092,413.26214365741316,5165.776845512261,34.333333333333336,
609,Company_609,Manufacturing,Latin America,2016,4512.2,2.8,1056.7,12.3,36.3,27.2,69.1,12.6,1366761.8,1822349.1,22779364.0,302.903639023093,403.8715260848367,5048.394131465804,36.3,0.12341590937383295
609,Company_609,Manufacturing,Latin America,2017,4351.2,3.9,1677.3,-3.6,38.5,30.7,72.6,12.2,1285943.2,1714591.0,21432387.3,295.5375988233131,394.0501470858614,4925.626792608936,38.5,-0.03568104250698112
609,Company_609,Manufacturing,Latin America,2018,4485.3,6.4,5840.1,3.1,40.9,31.3,76.6,14.7,1320064.4,1760085.8,22001072.6,294.30905402091275,392.4120571645152,4905.150736851493,40.86666666666667,0.030819084390512952
609,Company_609,Manufacturing,Latin America,2019,4888.1,8.4,4627.0,9.0,41.8,34.3,78.6,12.5,1407956.6,1877275.4,23465942.7,288.03760152206377,384.05012172418725,4800.6265624680345,41.8,0.08980447238757727
609,Company_609,Manufacturing,Latin America,2020,5556.3,6.7,3720.9,13.7,39.9,30.5,76.6,12.7,1644808.4,2193077.8,27413472.7,296.02584453683204,394.70111405071714,4933.763961629142,39.93333333333333,0.13669933102841592
609,Company_609,Manufacturing,Latin America,2021,5636.8,6.7,8003.0,1.4,38.9,31.0,73.9,11.8,1661812.6,2215750.2,27696877.1,294.81489497587285,393.0865384615385,4913.581659806983,38.9,0.01448805860014768
609,Company_609,Manufacturing,Latin America,2022,6181.3,11.1,14381.9,9.7,40.2,31.5,76.9,12.3,1816604.2,2422139.0,30276737.2,293.88707876983807,391.84944914500187,4898.118065779043,40.233333333333334,0.09659736020437126
609,Company_609,Manufacturing,Latin America,2023,6284.8,13.4,17076.9,1.7,39.0,30.9,77.9,8.1,1854619.8,2472826.5,30910330.7,295.09607306517313,393.46144666496946,4918.267995799389,38.96666666666667,0.016744050604241778
609,Company_609,Manufacturing,Latin America,2024,5647.7,17.2,10912.9,-10.1,39.5,34.2,76.5,7.8,1627831.8,2170442.4,27130529.9,288.22915523133315,384.30554030844417,4803.819236149228,39.5,-0.10137156313645623
609,Company_609,Manufacturing,Latin America,2025,6094.2,16.8,18952.1,7.9,38.3,33.4,76.8,4.7,1766545.1,2355393.4,29442418.1,289.873174493781,386.49755505234486,4831.219536608579,38.3,0.07905873187315193
610,Company_610,Technology,Europe,2015,3223.2,31.1,34774.0,11.3,89.1,93.8,91.2,82.4,87538.0,52522.8,175076.0,27.158724249193348,16.29523454951601,54.317448498386696,89.13333333333333,
610,Company_610,Technology,Europe,2016,3781.2,29.8,37542.8,17.3,89.0,91.6,90.9,84.5,105587.6,63352.6,211175.3,27.92436263620015,16.75462816037237,55.84875171903099,89.0,0.17311988086373797
610,Company_610,Technology,Europe,2017,4290.7,28.1,28400.1,13.5,89.1,89.0,94.8,83.6,123766.4,74259.8,247532.7,28.845270002563684,17.30715267905004,57.69051669890694,89.13333333333333,0.13474558341267318
610,Company_610,Technology,Europe,2018,4466.1,26.1,23507.8,4.1,88.9,88.9,94.8,82.9,128947.6,77368.6,257895.3,28.87252860437518,17.323526118985246,57.745079599650694,88.86666666666667,0.04087911063462846
610,Company_610,Technology,Europe,2019,4963.3,26.2,28518.3,11.1,89.0,89.8,94.8,82.4,141862.1,85117.3,283724.2,28.58221344669877,17.149336127173452,57.16442689339754,89.0,0.11132755648104609
610,Company_610,Technology,Europe,2020,5615.6,27.3,32156.8,13.1,91.2,90.3,97.0,86.2,159441.9,95665.2,318883.9,28.392673979628174,17.035615072298594,56.78536576679251,91.16666666666667,0.1314246569822497
610,Company_610,Technology,Europe,2021,6258.7,25.1,34515.6,11.5,91.3,89.4,97.4,87.2,179732.9,107839.8,359465.9,28.717289532970106,17.23038330643744,57.434595043699176,91.33333333333333,0.11452026497613788
610,Company_610,Technology,Europe,2022,6071.9,19.9,29528.7,-3.0,92.6,89.5,97.4,91.0,174061.4,104436.8,348122.7,28.66671058482518,17.200019763171333,57.33340470034092,92.63333333333333,-0.029846453736398937
610,Company_610,Technology,Europe,2023,7160.3,20.0,45689.4,17.9,92.9,91.8,98.0,89.0,199473.4,119684.0,398946.7,27.85824616287027,16.71494211136405,55.71647835984526,92.93333333333334,0.17925196396515108
610,Company_610,Technology,Europe,2024,7386.0,17.8,43303.6,3.2,93.9,93.9,100.0,87.7,200368.9,120221.4,400737.8,27.128202003790957,16.27692932575142,54.256404007581914,93.86666666666667,0.03152102565534953
610,Company_610,Technology,Europe,2025,7669.6,18.0,40322.7,3.8,92.6,95.1,95.2,87.5,204877.7,122926.6,409755.5,26.71295765098571,16.0277719828935,53.42592834046104,92.60000000000001,0.038396967235310164
611,Company_611,Energy,Latin America,2015,7344.9,19.1,18785.9,14.350000000000001,25.2,13.9,46.0,15.8,8097223.5,2429167.0,80972234.8,1102.4280112731283,330.7283965744939,11024.280085501505,25.233333333333334,
611,Company_611,Energy,Latin America,2016,7844.3,19.1,17621.8,6.8,24.3,16.3,46.0,10.7,8519555.4,2555866.6,85195553.6,1086.0823017987584,325.8246879900055,10860.822966995142,24.333333333333332,0.06799275687892292
611,Company_611,Energy,Latin America,2017,9237.1,24.9,40708.1,17.8,26.2,20.0,46.1,12.6,9794423.5,2938327.0,97944234.5,1060.3353325177816,318.1005943423802,10603.353271048272,26.23333333333333,0.17755567737082978
611,Company_611,Energy,Latin America,2018,10564.7,24.6,41485.1,14.4,26.3,20.1,47.7,11.2,11188908.6,3356672.6,111889086.4,1059.0843658598917,317.7253116510644,10590.843696460855,26.33333333333334,0.14372476210065943
611,Company_611,Energy,Latin America,2019,10253.4,28.2,40889.3,-2.9,26.9,20.4,47.9,12.3,10837022.9,3251106.9,108370228.8,1056.9199387520239,317.07598455146587,10569.199368014511,26.866666666666664,-0.02946605204123176
611,Company_611,Energy,Latin America,2020,11915.7,22.1,26822.9,16.2,29.3,23.9,47.4,16.5,12302330.6,3690699.2,123023306.1,1032.4471579512742,309.73414906384016,10324.47158790503,29.266666666666666,0.16212183275791459
611,Company_611,Energy,Latin America,2021,13613.2,23.4,61701.5,14.2,29.1,26.2,46.4,14.6,13834849.4,4150454.8,138348493.6,1016.2819469338583,304.88458261099515,10162.819439955336,29.066666666666663,0.14245910857104493
611,Company_611,Energy,Latin America,2022,15567.0,25.5,63524.6,14.4,29.0,26.5,47.0,13.6,15794162.9,4738248.9,157941629.1,1014.5925933063533,304.37777991905955,10145.925939487377,29.03333333333333,0.14352246349131725
611,Company_611,Energy,Latin America,2023,16601.9,23.8,77923.5,6.6,28.2,25.7,45.3,13.5,16938065.2,5081419.6,169380652.4,1020.24859805203,306.0745818249718,10202.48600461393,28.166666666666668,0.06648037515256644
611,Company_611,Energy,Latin America,2024,19818.4,26.7,60146.4,19.4,28.5,25.5,47.5,12.6,20249907.9,6074972.4,202499078.8,1021.7730946998747,306.53192992370725,10217.730936907117,28.53333333333333,0.19374288485052915
611,Company_611,Energy,Latin America,2025,22642.5,30.5,115357.9,14.3,28.3,21.2,49.9,13.9,23816985.7,7145095.7,238169856.7,1051.87084906702,315.56125427845865,10518.70847742078,28.333333333333332,0.14249888992047777
612,Company_612,Utilities,Oceania,2015,571.4,1.4,111.9,-0.4,58.6,33.0,59.8,82.9,442993.3,276870.8,4429932.7,775.2770388519426,484.5481274063703,7752.769863493175,58.56666666666666,
612,Company_612,Utilities,Oceania,2016,591.8,2.2,177.9,3.6,59.9,33.4,61.8,84.4,457315.9,285822.4,4573158.7,772.7541399121326,482.97127407908084,7727.540892193309,59.86666666666667,0.03570178508925448
612,Company_612,Utilities,Oceania,2017,591.6,4.9,429.7,-0.0,61.0,34.1,65.1,83.8,454851.4,284282.2,4548514.4,768.8495605138608,480.53110209601084,7688.496281271129,61.0,-0.00033795201081432413
612,Company_612,Utilities,Oceania,2018,586.8,4.7,350.3,-0.8,61.7,35.8,64.7,84.6,445642.4,278526.5,4456424.2,759.4451261077029,474.6532038173143,7594.451601908658,61.699999999999996,-0.00811359026369185
612,Company_612,Utilities,Oceania,2019,612.7,2.8,249.9,4.4,62.9,37.6,68.1,82.9,459144.5,286965.3,4591444.6,749.3789782928023,468.36184103149986,7493.789130079973,62.86666666666667,0.04413769597818695
612,Company_612,Utilities,Oceania,2020,590.4,1.8,95.9,-3.6,65.0,40.0,73.1,81.9,434664.2,271665.2,4346642.4,736.2198509485096,460.1375338753388,7362.199186991871,65.0,-0.036396278766117285
612,Company_612,Utilities,Oceania,2021,573.8,1.0,87.1,-2.8,66.3,39.1,76.5,83.4,425309.9,265818.7,4253099.4,741.2162774485885,463.26019518996173,7412.16347159289,66.33333333333333,-0.028116531165311653
612,Company_612,Utilities,Oceania,2022,583.1,1.5,89.7,1.6,64.6,37.8,70.5,85.3,436197.3,272623.3,4361973.3,748.0660264105642,467.5412450694563,7480.660778597153,64.53333333333333,0.01620773788776586
612,Company_612,Utilities,Oceania,2023,717.5,2.4,143.9,23.1,64.1,39.4,68.5,84.5,530653.5,331658.4,5306535.0,739.5867595818816,462.24167247386765,7395.867595818815,64.13333333333334,0.23049219687875144
612,Company_612,Utilities,Oceania,2024,641.6,4.1,389.4,-10.6,64.3,38.9,68.1,86.0,475981.6,297488.5,4759816.4,741.8665835411471,463.6666147132169,7418.666458852868,64.33333333333333,-0.10578397212543555
612,Company_612,Utilities,Oceania,2025,575.7,5.1,237.8,-10.3,64.6,40.8,65.8,87.3,421206.9,263254.3,4212068.7,731.6430432516936,457.2768803196108,7316.429911412193,64.63333333333333,-0.10271197007481292
613,Company_613,Consumer Goods,North America,2015,2899.3,15.6,6288.3,3.3499999999999996,70.3,74.7,42.1,94.3,392655.1,490818.9,1963275.4,135.4310005863484,169.28875935570656,677.154968440658,70.36666666666667,
613,Company_613,Consumer Goods,North America,2016,2909.8,19.2,12488.0,0.4,71.3,78.3,41.8,93.8,379442.9,474303.6,1897214.6,130.40171145783216,163.00213073063438,652.0085916557839,71.3,0.003621563825751073
613,Company_613,Consumer Goods,North America,2017,3021.6,21.5,12939.1,3.8,73.5,81.2,42.4,97.0,381842.5,477303.2,1909212.7,126.37096240402437,157.96372782631718,631.8548782102198,73.53333333333333,0.03842188466561258
613,Company_613,Consumer Goods,North America,2018,3108.8,23.3,12768.3,2.9,75.3,83.9,43.0,99.1,380861.6,476077.0,1904307.8,122.5108080288214,153.13851003602676,612.5539758106022,75.33333333333333,0.02885888271114645
613,Company_613,Consumer Goods,North America,2019,2953.5,22.7,16273.9,-5.0,75.6,84.5,44.2,98.1,359381.8,449227.2,1796909.0,121.67997291349246,152.09994921279838,608.3998645674624,75.6,-0.049954966546577495
613,Company_613,Consumer Goods,North America,2020,3235.4,22.1,15469.4,9.5,75.4,85.3,42.4,98.4,390089.9,487612.4,1950449.5,120.5692959139519,150.71162761945973,602.8464795697595,75.36666666666666,0.0954460809209412
613,Company_613,Consumer Goods,North America,2021,3206.5,20.1,14280.4,-0.9,75.9,87.8,41.0,98.8,375305.5,469131.8,1876527.3,117.0452206455637,146.30650241696554,585.2260408545143,75.86666666666667,-0.008932434938492939
613,Company_613,Consumer Goods,North America,2022,3823.8,21.7,19805.0,19.3,76.0,87.6,42.5,98.0,448764.1,560955.1,2243820.5,117.36076677650503,146.70095193263245,586.8038338825252,76.03333333333333,0.19251520349290518
613,Company_613,Consumer Goods,North America,2023,4069.4,24.0,20253.9,6.4,75.3,83.6,43.3,98.9,500137.6,625172.0,2500688.0,122.9020494421782,153.62756180272277,614.5102472108911,75.26666666666667,0.06422930069564314
613,Company_613,Consumer Goods,North America,2024,4696.0,24.6,23996.3,15.4,74.9,81.3,43.5,100.0,592754.6,740943.2,2963772.9,126.22542589437819,157.78177172061328,631.1271081771721,74.93333333333334,0.15397847348503468
613,Company_613,Consumer Goods,North America,2025,4774.7,24.3,15545.9,1.7,76.4,84.7,44.6,100.0,579464.2,724330.3,2897321.2,121.361383961296,151.7017404234821,606.8069616939284,76.43333333333334,0.016758943781941982
614,Company_614,Finance,Asia,2015,3938.6,13.1,6105.9,8.95,75.3,96.2,87.3,42.4,41477.9,20739.0,103694.9,10.531127811912864,5.2655766008226275,26.327857614380743,75.3,
614,Company_614,Finance,Asia,2016,4215.3,11.5,5524.8,7.0,76.1,100.0,85.5,42.9,42152.8,21076.4,105381.9,9.999952553792138,4.999976276896069,24.999857661376414,76.13333333333334,0.07025338952927451
614,Company_614,Finance,Asia,2017,4203.2,12.2,8569.7,-0.3,77.0,100.0,85.3,45.6,42032.5,21016.2,105081.2,10.000118956985155,5.000047582794062,25.00028549676437,76.96666666666667,-0.00287049557564123
614,Company_614,Finance,Asia,2018,4514.6,11.3,5308.6,7.4,76.7,98.3,86.0,45.8,46215.8,23107.9,115539.5,10.236964515128694,5.118482257564347,25.592411287821733,76.7,0.0740864103540162
614,Company_614,Finance,Asia,2019,5029.2,8.1,6379.1,11.4,78.3,99.3,86.5,49.3,50798.2,25399.1,126995.4,10.100652191203372,5.050326095601686,25.25161059413028,78.36666666666667,0.11398573517033617
614,Company_614,Finance,Asia,2020,5475.1,4.3,2074.7,8.9,80.0,99.5,90.5,50.0,55119.1,27559.6,137797.8,10.067231648737009,5.0336249566217965,25.16808825409581,80.0,0.08866221267796082
614,Company_614,Finance,Asia,2021,6044.4,4.2,4848.1,10.4,81.0,100.0,93.5,49.4,60443.5,30221.8,151108.9,9.99991727880352,4.999966911521408,24.999818013367747,80.96666666666667,0.10397983598473082
614,Company_614,Finance,Asia,2022,5862.6,2.0,2326.2,-3.0,82.2,100.0,95.0,51.6,58626.1,29313.1,146565.4,10.00001705727834,5.00001705727834,25.00006822911336,82.2,-0.03007742703990457
614,Company_614,Finance,Asia,2023,6387.7,1.6,1721.9,9.0,82.1,100.0,97.5,48.7,63876.7,31938.4,159691.8,9.999953034738638,4.99998434491288,24.999890414390155,82.06666666666666,0.08956776856684745
614,Company_614,Finance,Asia,2024,7213.5,4.2,4867.8,12.9,82.1,100.0,99.6,46.7,72135.5,36067.7,180338.7,10.000069314479795,5.0000277257919175,25.00016635475151,82.10000000000001,0.12927970944158318
614,Company_614,Finance,Asia,2025,7904.7,1.8,2263.2,9.6,82.1,100.0,100.0,46.3,79047.2,39523.6,197618.0,10.000025301402962,5.000012650701481,25.000063253507406,82.10000000000001,0.09582033686837188
615,Company_615,Transportation,Europe,2015,758.8,-4.2,978.1,3.0999999999999996,73.7,47.8,81.5,91.8,394132.6,65688.8,1313775.4,519.4156562994201,86.56931997891408,1731.3856088560885,73.7,
615,Company_615,Transportation,Europe,2016,733.5,-1.2,1078.4,-3.3,75.1,49.2,82.2,93.8,376595.8,62766.0,1255319.5,513.4230402181322,85.57055214723927,1711.410361281527,75.06666666666666,-0.03334211913547702
615,Company_615,Transportation,Europe,2017,808.4,-1.1,875.9,10.2,76.5,51.7,83.9,93.9,406526.5,67754.4,1355088.3,502.8779069767442,83.81296387926768,1676.259648688768,76.50000000000001,0.10211315610088612
615,Company_615,Transportation,Europe,2018,862.8,-4.1,2615.7,6.7,78.5,52.9,84.8,97.7,429654.6,71609.1,1432181.9,497.9770514603616,82.99617524339361,1659.9233889661566,78.46666666666665,0.06729341909945563
615,Company_615,Transportation,Europe,2019,877.1,-3.5,821.6,1.7,79.8,54.4,85.1,100.0,431024.2,71837.4,1436747.5,491.4196784859195,81.90331775168167,1638.0657849732072,79.83333333333333,0.01657394529439049
615,Company_615,Transportation,Europe,2020,910.7,-5.3,2541.4,3.8,80.0,53.7,86.3,100.0,450452.0,75075.3,1501506.7,494.6217195563852,82.43691665751619,1648.739101789832,80.0,0.03830806065442949
615,Company_615,Transportation,Europe,2021,922.2,-4.9,1983.7,1.3,78.2,53.0,85.1,96.5,458532.2,76422.0,1528440.7,497.21557145955325,82.86922576447625,1657.38527434396,78.2,0.01262764906116165
615,Company_615,Transportation,Europe,2022,988.0,-8.8,1720.5,7.1,79.4,55.1,85.9,97.2,482545.0,80424.2,1608483.5,488.40587044534414,81.40101214574898,1628.0197368421052,79.39999999999999,0.071351116894383
615,Company_615,Transportation,Europe,2023,1011.1,-4.2,3984.4,2.3,77.4,53.3,84.6,94.4,501592.3,83598.7,1671974.5,496.0857481950351,82.68094154880822,1653.6193254870932,77.43333333333332,0.023380566801619374
615,Company_615,Transportation,Europe,2024,1109.9,-12.3,1184.8,9.8,78.6,52.3,88.5,95.0,555308.3,92551.4,1851027.7,500.3228218758447,83.38715199567527,1667.7427696188845,78.60000000000001,0.09771535950944532
615,Company_615,Transportation,Europe,2025,1136.3,-15.6,1483.1,2.4,81.1,55.2,88.2,100.0,554879.2,92479.9,1849597.5,488.32104197835076,81.38686966470122,1627.736953269383,81.13333333333334,0.023785926660059298
616,Company_616,Retail,Middle East,2015,2152.8,3.9,1282.4,0.0,28.6,62.1,12.9,10.7,164718.2,82359.1,329436.3,76.51347082868821,38.25673541434411,153.026895206243,28.566666666666666,
616,Company_616,Retail,Middle East,2016,1765.3,4.2,1625.5,-18.0,31.4,64.4,15.4,14.3,132193.1,66096.5,264386.2,74.88421231518723,37.442077833795956,149.76842463037445,31.36666666666667,-0.1799981419546638
616,Company_616,Retail,Middle East,2017,1583.5,2.1,755.6,-10.3,33.8,67.8,15.9,17.7,114891.1,57445.6,229782.2,72.55516261446164,36.277612882854434,145.11032522892327,33.800000000000004,-0.10298532827281481
616,Company_616,Retail,Middle East,2018,1294.5,1.0,178.8,-18.2,35.8,69.1,17.0,21.3,92690.1,46345.1,185380.3,71.60301274623407,35.80154499806875,143.20610274237157,35.8,-0.18250710451531416
616,Company_616,Retail,Middle East,2019,1270.1,-0.5,1641.7,-1.9,37.7,72.0,18.3,22.7,88417.6,44208.8,176835.2,69.61467600976302,34.80733800488151,139.22935201952603,37.666666666666664,-0.018848976438779474
616,Company_616,Retail,Middle East,2020,1488.0,0.1,14.7,17.2,37.1,71.5,19.7,20.1,104060.7,52030.3,208121.4,69.93326612903226,34.96659946236559,139.86653225806452,37.1,0.171561294386269
616,Company_616,Retail,Middle East,2021,1370.6,0.9,215.6,-7.9,37.0,72.4,19.4,19.2,95026.7,47513.3,190053.4,69.33219028162848,34.66605866044069,138.66438056325697,37.00000000000001,-0.07889784946236567
616,Company_616,Retail,Middle East,2022,1396.4,1.6,458.8,1.9,39.2,74.6,19.9,23.2,94674.4,47337.2,189348.9,67.79891148668003,33.89945574334001,135.59789458607847,39.233333333333334,0.01882387275645714
616,Company_616,Retail,Middle East,2023,1529.8,1.0,243.4,9.6,41.4,77.1,20.9,26.2,101025.7,50512.8,202051.4,66.0385017649366,33.01921819845732,132.0770035298732,41.4,0.09553136637066739
616,Company_616,Retail,Middle East,2024,1643.8,2.1,686.4,7.5,43.0,79.2,19.8,30.0,106148.1,53074.1,212296.2,64.57482662124346,32.28744372794744,129.14965324248692,43.0,0.07451954503856717
616,Company_616,Retail,Middle East,2025,1738.0,3.0,1006.3,5.7,44.6,80.3,22.6,31.0,110876.2,55438.1,221752.4,63.79528193325662,31.89764096662831,127.59056386651324,44.63333333333333,0.057306241635235455
617,Company_617,Healthcare,Asia,2015,2055.8,5.0,1932.7,16.75,60.0,86.2,14.3,79.6,122632.7,122632.7,245265.3,59.65205759315108,59.65205759315108,119.30406654343807,60.03333333333333,
617,Company_617,Healthcare,Asia,2016,2445.3,6.5,1781.1,18.9,59.8,82.6,12.9,84.0,152013.4,152013.4,304026.8,62.165542060278895,62.165542060278895,124.33108412055779,59.833333333333336,0.18946395563770801
617,Company_617,Healthcare,Asia,2017,2898.3,3.1,1944.9,18.5,58.7,80.0,11.0,85.0,185435.9,185435.9,370871.9,63.98091984956698,63.98091984956698,127.96187420211848,58.666666666666664,0.18525334314808006
617,Company_617,Healthcare,Asia,2018,3200.0,3.7,1467.1,10.4,60.1,83.5,11.2,85.7,196895.4,196895.4,393790.9,61.5298125,61.5298125,123.05965625,60.13333333333333,0.10409550426111847
617,Company_617,Healthcare,Asia,2019,3982.8,4.3,1919.0,24.5,59.5,83.1,9.6,86.0,246324.9,246324.9,492649.8,61.847167821633015,61.847167821633015,123.69433564326603,59.56666666666666,0.2446250000000001
617,Company_617,Healthcare,Asia,2020,5125.4,1.8,2060.3,28.7,59.3,83.2,9.0,85.7,316539.0,316539.0,633078.1,61.758887111249855,61.758887111249855,123.51779373317206,59.300000000000004,0.2868835994777541
617,Company_617,Healthcare,Asia,2021,6030.9,-1.4,14578.1,17.7,61.1,87.7,9.8,85.8,353339.3,353339.3,706678.7,58.588154338490114,58.588154338490114,117.17632525825333,61.1,0.17666913801849615
617,Company_617,Healthcare,Asia,2022,6866.8,-3.7,25557.3,13.9,63.1,88.9,13.5,87.0,396479.1,396479.1,792958.1,57.738553620318044,57.738553620318044,115.47709267781208,63.13333333333333,0.13860286192773885
617,Company_617,Healthcare,Asia,2023,7526.2,-8.0,31113.8,9.6,62.4,88.5,11.1,87.5,436982.4,436982.4,873964.8,58.061491855119456,58.061491855119456,116.12298371023891,62.36666666666667,0.09602726160657071
617,Company_617,Healthcare,Asia,2024,8717.3,-5.3,23734.6,15.8,63.5,90.2,10.9,89.4,495731.0,495731.0,991462.1,56.86749337524234,56.86749337524234,113.73499822192652,63.5,0.15826047673460697
617,Company_617,Healthcare,Asia,2025,9950.0,-2.8,41331.4,14.1,64.4,90.5,15.3,87.2,563464.2,563464.2,1126928.4,56.62956783919598,56.62956783919598,113.25913567839196,64.33333333333333,0.14140846362979365
618,Company_618,Utilities,Latin America,2015,1067.9,12.3,1709.2,3.8499999999999996,46.0,43.3,41.6,53.1,766339.6,478962.3,7663396.0,717.6136342354152,448.5085682179979,7176.1363423541525,46.0,
618,Company_618,Utilities,Latin America,2016,877.7,13.3,1439.5,-17.8,47.3,45.8,43.6,52.6,617587.3,385992.1,6175873.1,703.6428164520908,439.7768030078614,7036.428278455052,47.333333333333336,-0.17810656428504545
618,Company_618,Utilities,Latin America,2017,912.0,15.2,1739.6,3.9,47.5,46.1,41.9,54.5,639965.6,399978.5,6399655.9,701.7166666666667,438.5729166666667,7017.166557017545,47.5,0.039079412099806365
618,Company_618,Utilities,Latin America,2018,947.0,15.0,1978.2,3.8,45.5,47.5,39.9,49.2,657508.6,410942.9,6575085.8,694.306863780359,433.94181626187964,6943.068426610348,45.53333333333334,0.03837719298245612
618,Company_618,Utilities,Latin America,2019,926.7,18.3,2499.1,-2.1,44.3,47.6,41.5,44.0,642867.0,401791.9,6428670.5,693.7164130786662,433.57278515161323,6937.164670335599,44.36666666666667,-0.02143611404435053
618,Company_618,Utilities,Latin America,2020,811.0,17.6,1478.1,-12.5,44.2,45.3,43.1,44.2,572774.5,357984.1,5727744.8,706.2570900123304,441.41072749691733,7062.57065351418,44.20000000000001,-0.12485162404230066
618,Company_618,Utilities,Latin America,2021,875.8,17.7,2178.1,8.0,44.3,43.6,45.7,43.8,627070.2,391918.9,6270701.7,715.9970312856816,447.49817309888107,7159.969970312857,44.366666666666674,0.07990135635018492
618,Company_618,Utilities,Latin America,2022,965.4,17.3,1661.6,10.2,43.4,41.0,45.7,43.5,705103.4,440689.6,7051034.3,730.3743525999586,456.48394447897243,7303.743836751605,43.4,0.10230646266270838
618,Company_618,Utilities,Latin America,2023,877.1,19.0,2203.1,-9.1,43.6,40.7,42.8,47.3,642043.7,401277.3,6420437.5,732.0074107855432,457.50461748945384,7320.074677915859,43.6,-0.09146467785373935
618,Company_618,Utilities,Latin America,2024,948.1,22.1,2600.1,8.1,43.1,39.6,43.8,45.8,700045.3,437528.3,7000452.7,738.3665225187217,461.4790633899377,7383.664908764898,43.06666666666666,0.08094858054953824
618,Company_618,Utilities,Latin America,2025,1065.2,18.7,1623.9,12.4,44.7,41.1,46.2,46.8,777303.7,485814.8,7773036.7,729.7255914382275,456.0784829140067,7297.255632745024,44.70000000000001,0.12351017825123933
619,Company_619,Healthcare,Oceania,2015,998.1,6.7,842.8,0.09999999999999998,54.9,51.0,58.5,55.4,84164.4,84164.4,168328.9,84.32461677186654,84.32461677186654,168.64933373409477,54.96666666666667,
619,Company_619,Healthcare,Oceania,2016,1136.2,6.3,900.8,13.8,54.7,50.4,56.2,57.4,96281.5,96281.5,192563.0,84.73992254884703,84.73992254884703,169.47984509769407,54.666666666666664,0.13836288949003106
619,Company_619,Healthcare,Oceania,2017,1016.5,3.6,857.7,-10.5,56.2,52.3,61.0,55.5,84800.4,84800.4,169600.7,83.42390555828824,83.42390555828824,166.84771273979342,56.26666666666667,-0.10535117056856191
619,Company_619,Healthcare,Oceania,2018,967.9,3.7,512.3,-4.8,58.7,58.7,62.4,55.0,76394.3,76394.3,152788.7,78.92788511209837,78.92788511209837,157.85587354065504,58.699999999999996,-0.047811116576487955
619,Company_619,Healthcare,Oceania,2019,1006.7,3.8,640.2,4.0,58.5,56.8,63.2,55.6,80799.6,80799.6,161599.2,80.26184563425052,80.26184563425052,160.52369126850104,58.53333333333333,0.04008678582498204
619,Company_619,Healthcare,Oceania,2020,1058.5,2.4,369.1,5.1,58.8,58.8,61.2,56.3,83473.5,83473.5,166947.1,78.86017949929145,78.86017949929145,157.7204534718942,58.76666666666667,0.05145524982616467
619,Company_619,Healthcare,Oceania,2021,1122.3,2.0,435.2,6.0,59.2,60.0,62.0,55.7,87531.6,87531.6,175063.2,77.9930499866346,77.9930499866346,155.9860999732692,59.23333333333333,0.0602739726027397
619,Company_619,Healthcare,Oceania,2022,1023.5,5.1,711.6,-8.8,59.9,64.2,61.9,53.5,76795.7,76795.7,153591.5,75.0324377137274,75.0324377137274,150.06497313141182,59.86666666666667,-0.08803350262853071
619,Company_619,Healthcare,Oceania,2023,975.7,6.9,1406.9,-4.7,61.0,66.5,63.1,53.3,71666.5,71666.5,143333.0,73.45136824843702,73.45136824843702,146.90273649687404,60.96666666666666,-0.04670249145090377
619,Company_619,Healthcare,Oceania,2024,982.2,8.7,1995.3,0.7,61.1,72.9,59.1,51.3,67714.7,67714.7,135429.4,68.94186520057015,68.94186520057015,137.8837304011403,61.1,0.006661883775750832
619,Company_619,Healthcare,Oceania,2025,977.3,9.2,981.2,-0.5,61.3,72.2,59.7,52.2,67899.9,67899.9,135799.8,69.47702854804052,69.47702854804052,138.95405709608104,61.366666666666674,-0.004988800651598568
620,Company_620,Retail,Oceania,2015,1424.1,4.9,837.3,9.7,54.7,53.2,70.2,40.7,117907.6,58953.8,235815.2,82.79446668071063,41.397233340355314,165.58893336142125,54.70000000000001,
620,Company_620,Retail,Oceania,2016,1590.3,7.2,2180.6,11.7,54.8,52.9,74.0,37.6,131949.4,65974.7,263898.8,82.97138904609193,41.485694523045964,165.94277809218386,54.833333333333336,0.11670528755003162
620,Company_620,Retail,Oceania,2017,1628.7,6.4,1696.3,2.4,56.1,55.8,74.8,37.5,131769.7,65884.8,263539.4,80.90483207466077,40.45238533799963,161.80966414932155,56.03333333333333,0.024146387474061504
620,Company_620,Retail,Oceania,2018,1725.2,5.3,1722.5,5.9,56.7,56.8,75.8,37.7,138479.5,69239.8,276959.1,80.26866450266635,40.13436123348018,160.53738696962668,56.76666666666667,0.0592497083563579
620,Company_620,Retail,Oceania,2019,1904.2,4.3,1753.0,10.4,58.6,59.4,78.1,38.2,149302.2,74651.1,298604.4,78.40678500157547,39.203392500787736,156.81357000315094,58.56666666666666,0.10375608625086952
620,Company_620,Retail,Oceania,2020,2043.4,3.7,954.7,7.3,59.0,58.4,81.5,37.0,161658.0,80829.0,323315.9,79.11226387393559,39.556131936967795,158.22447880982676,58.96666666666667,0.07310156496166376
620,Company_620,Retail,Oceania,2021,2085.2,4.3,1077.8,2.0,57.1,55.6,78.0,37.7,169010.9,84505.5,338021.8,81.05260886245924,40.52632840974487,162.10521772491848,57.1,0.02045610257414099
620,Company_620,Retail,Oceania,2022,2292.9,5.4,1415.0,10.0,57.5,57.5,77.6,37.5,182836.6,91418.3,365673.2,79.74032884120545,39.87016442060273,159.4806576824109,57.53333333333333,0.09960675234989469
620,Company_620,Retail,Oceania,2023,2697.0,6.0,1683.9,17.6,57.6,57.6,75.1,40.3,214965.0,107482.5,429929.9,79.70522803114572,39.85261401557286,159.41041898405638,57.666666666666664,0.17623969645427184
620,Company_620,Retail,Oceania,2024,3252.7,6.7,4856.2,20.6,58.0,57.1,73.7,43.1,260318.3,130159.2,520636.7,80.03145079472438,40.01574076920712,160.06293233313863,57.96666666666667,0.2060437523173897
620,Company_620,Retail,Oceania,2025,3556.8,8.8,3345.7,9.4,57.0,56.1,71.8,43.1,287228.5,143614.2,574457.0,80.7547514619883,40.377361673414306,161.5095029239766,57.0,0.09349156085713428
621,Company_621,Transportation,North America,2015,594.3,6.7,511.5,-5.05,63.1,33.6,76.8,79.1,344123.8,57354.0,1147079.2,579.0405519098099,96.5068147400303,1930.1349486791185,63.166666666666664,
621,Company_621,Transportation,North America,2016,561.0,2.5,132.6,-5.6,62.3,33.2,76.3,77.5,325717.5,54286.2,1085724.9,580.6016042780749,96.7668449197861,1935.3385026737967,62.333333333333336,-0.05603230691569905
621,Company_621,Transportation,North America,2017,574.0,6.5,332.4,2.3,62.5,32.0,75.4,80.0,336049.4,56008.2,1120164.8,585.4519163763067,97.5752613240418,1951.5066202090593,62.46666666666667,0.02317290552584672
621,Company_621,Transportation,North America,2018,514.0,5.8,457.7,-10.5,63.3,31.6,77.8,80.5,301880.3,50313.4,1006267.6,587.3157587548637,97.88599221789883,1957.7190661478598,63.300000000000004,-0.1045296167247387
621,Company_621,Transportation,North America,2019,418.4,2.7,90.3,-18.6,63.1,31.1,79.3,79.0,246573.2,41095.5,821910.7,589.3240917782027,98.22060229445508,1964.4137189292544,63.13333333333333,-0.1859922178988327
621,Company_621,Transportation,North America,2020,439.4,2.4,165.4,5.0,64.9,31.5,81.1,82.0,258270.9,43045.1,860902.8,587.7808375056896,97.96335912608102,1959.2690031861632,64.86666666666666,0.05019120458891013
621,Company_621,Transportation,North America,2021,392.3,4.3,331.7,-10.7,64.9,31.3,80.6,83.0,230919.9,38486.7,769733.1,588.630894723426,98.10527657405046,1962.1032373183787,64.96666666666665,-0.10719162494310419
621,Company_621,Transportation,North America,2022,367.5,6.7,212.0,-6.3,63.3,30.4,80.2,79.4,217730.0,36288.3,725766.7,592.4625850340136,98.74367346938776,1974.8753741496598,63.333333333333336,-0.06321692582207494
621,Company_621,Transportation,North America,2023,350.9,3.5,118.5,-4.5,62.9,29.9,79.2,79.7,208509.4,34751.6,695031.4,594.2131661442006,99.0356226845255,1980.710743801653,62.93333333333334,-0.04517006802721091
621,Company_621,Transportation,North America,2024,342.9,7.8,324.5,-2.3,63.9,29.6,80.1,81.9,204180.6,34030.1,680602.1,595.4523184601925,99.24205307669875,1984.841353164188,63.86666666666667,-0.022798518096323717
621,Company_621,Transportation,North America,2025,368.1,13.0,445.7,7.4,65.1,31.3,83.4,80.5,216585.3,36097.6,721951.1,588.3871230643846,98.06465634338494,1961.2906818799238,65.06666666666666,0.07349081364829413
622,Company_622,Transportation,Latin America,2015,1624.0,3.8,1091.8,0.6,20.5,14.3,17.9,29.4,1071646.1,178607.7,3572153.7,659.8806034482759,109.98011083743843,2199.6020320197044,20.533333333333335,
622,Company_622,Transportation,Latin America,2016,1747.3,5.0,997.6,7.6,20.4,12.7,17.1,31.5,1164892.5,194148.7,3882974.9,666.6814513821324,111.11354661477709,2222.2714473759515,20.433333333333334,0.07592364532019702
622,Company_622,Transportation,Latin America,2017,1486.3,5.3,1297.0,-14.9,23.1,15.9,20.4,32.9,970891.7,161815.3,3236305.5,653.2272757855076,108.87122384444594,2177.4241404830786,23.066666666666663,-0.14937331883477367
622,Company_622,Transportation,Latin America,2018,1675.3,5.4,1430.2,12.7,24.5,18.5,23.7,31.5,1075909.7,179318.3,3586365.5,642.2191249328479,107.03653077060825,2140.730316958157,24.566666666666666,0.12716140752203464
622,Company_622,Transportation,Latin America,2019,1535.4,8.0,1643.9,-8.4,24.3,19.8,19.8,33.3,977488.9,162914.8,3258296.3,636.634688029178,106.10577048326168,2122.115605054057,24.3,-0.083507431504805
622,Company_622,Transportation,Latin America,2020,1629.2,8.1,1860.1,6.1,24.2,17.3,20.9,34.4,1054831.1,175805.2,3516103.8,647.4534127178983,107.90891234961946,2158.178124232752,24.2,0.06109157222873507
622,Company_622,Transportation,Latin America,2021,1591.2,8.8,1809.0,-2.3,24.9,18.8,19.3,36.7,1020200.9,170033.5,3400669.6,641.1518979386626,106.85866013071895,2137.1729512317747,24.933333333333337,-0.02332433095998032
622,Company_622,Transportation,Latin America,2022,1570.1,10.5,2173.5,-1.3,26.4,19.2,19.9,40.2,1003548.4,167258.1,3345161.4,639.1620915865232,106.5270364944908,2130.540347748551,26.433333333333334,-0.0132604323780795
622,Company_622,Transportation,Latin America,2023,1596.2,13.7,2121.5,1.7,28.1,21.9,21.0,41.4,1002419.5,167069.9,3341398.3,628.0036962786618,104.66727227164515,2093.3456333792756,28.099999999999998,0.016623145022610197
622,Company_622,Transportation,Latin America,2024,1734.2,15.0,2753.6,8.6,30.2,22.7,22.6,45.2,1083092.6,180515.4,3610308.6,624.5488409641333,104.09145427286356,2081.829431438127,30.166666666666668,0.08645533141210371
622,Company_622,Transportation,Latin America,2025,1726.2,10.1,1787.0,-0.5,30.6,23.6,23.2,45.0,1071663.9,178610.6,3572212.9,620.8225582203684,103.47039740470397,2069.408469470513,30.599999999999998,-0.004613078076346477
623,Company_623,Consumer Goods,North America,2015,592.8,9.6,1061.9,5.0,50.9,27.7,46.9,78.3,119312.6,149140.8,596563.1,201.26956815114713,251.58704453441297,1006.3480094466937,50.96666666666666,
623,Company_623,Consumer Goods,North America,2016,583.4,8.1,597.6,-1.6,51.5,27.7,45.1,81.9,117428.3,146785.4,587141.6,201.28265341103875,251.6033596160439,1006.4134384641756,51.56666666666666,-0.01585695006747634
623,Company_623,Consumer Goods,North America,2017,655.4,7.6,1035.8,12.3,52.1,27.6,44.6,84.1,131989.5,164986.9,659947.6,201.3877021666158,251.73466585291425,1006.938663411657,52.1,0.12341446691806657
623,Company_623,Consumer Goods,North America,2018,676.9,8.3,1106.7,3.3,52.7,29.0,44.0,84.9,134936.3,168670.4,674681.5,199.34451174471855,249.18067661397546,996.7225587235929,52.63333333333333,0.03280439426304538
623,Company_623,Consumer Goods,North America,2019,670.3,7.0,770.9,-1.0,54.1,31.6,44.9,85.7,131177.0,163971.3,655885.0,195.69894077278832,244.623750559451,978.4947038639416,54.06666666666666,-0.009750332397695405
623,Company_623,Consumer Goods,North America,2020,703.8,7.8,972.7,5.0,55.3,29.6,48.9,87.3,139720.8,174651.0,698603.8,198.5234441602728,248.154305200341,992.6169366297245,55.26666666666667,0.0499776219603163
623,Company_623,Consumer Goods,North America,2021,835.0,8.6,1291.8,18.6,58.3,34.9,52.2,87.8,159642.9,199553.6,798214.4,191.1891017964072,238.98634730538922,955.9453892215569,58.29999999999999,0.1864165956237569
623,Company_623,Consumer Goods,North America,2022,867.6,7.9,1137.4,3.9,58.7,37.5,52.4,86.2,162680.2,203350.3,813401.1,187.50599354541265,234.38254956201013,937.5300829875519,58.70000000000001,0.039041916167664725
623,Company_623,Consumer Goods,North America,2023,965.7,7.4,748.4,11.3,60.5,38.7,54.1,88.7,179464.5,224330.6,897322.6,185.83876980428704,232.29843636740188,929.1939525732629,60.5,0.11307053941908718
623,Company_623,Consumer Goods,North America,2024,1013.8,6.2,1464.4,5.0,60.6,38.5,54.8,88.5,188655.7,235819.6,943278.4,186.0876898796607,232.60958768987967,930.4383507595187,60.6,0.04980842911877392
623,Company_623,Consumer Goods,North America,2025,1161.1,5.8,835.7,14.5,60.9,39.0,56.5,87.1,215191.4,268989.3,1075957.2,185.33407975195937,231.66764275256224,926.670571010249,60.86666666666667,0.14529492996646276
624,Company_624,Healthcare,Africa,2015,1302.7,17.3,4801.8,6.55,46.1,50.7,28.0,59.7,110116.4,110116.4,220232.9,84.52936209411222,84.52936209411222,169.0588009518692,46.13333333333333,
624,Company_624,Healthcare,Africa,2016,1526.4,17.0,6118.8,17.2,46.4,50.6,28.2,60.5,129132.2,129132.2,258264.4,84.59918763102725,84.59918763102725,169.1983752620545,46.43333333333334,0.1717202732785752
624,Company_624,Healthcare,Africa,2017,1583.7,17.5,5798.6,3.8,47.2,52.4,27.5,61.7,131950.2,131950.2,263900.4,83.31767380185642,83.31767380185642,166.63534760371283,47.20000000000001,0.03753930817610063
624,Company_624,Healthcare,Africa,2018,1671.1,17.0,2995.0,5.5,49.2,54.1,30.6,62.9,137201.3,137201.3,274402.5,82.10238764885405,82.10238764885405,164.20471545688468,49.199999999999996,0.055187219801730025
624,Company_624,Healthcare,Africa,2019,1651.8,13.0,4765.3,-1.2,49.2,57.9,29.2,60.4,131272.5,131272.5,262544.9,79.47239375227025,79.47239375227025,158.94472696452357,49.166666666666664,-0.011549278918077888
624,Company_624,Healthcare,Africa,2020,1866.2,15.0,3951.6,13.0,50.2,59.8,29.2,61.5,145867.8,145867.8,291735.7,78.16300503697352,78.16300503697352,156.32606365877183,50.166666666666664,0.12979779634338295
624,Company_624,Healthcare,Africa,2021,2064.1,17.1,7677.0,10.6,50.9,63.7,31.0,57.9,155628.0,155628.0,311256.0,75.3975098105712,75.3975098105712,150.7950196211424,50.86666666666667,0.1060443682349157
624,Company_624,Healthcare,Africa,2022,2105.1,22.2,10092.9,2.0,52.1,65.1,32.5,58.7,156665.3,156665.3,313330.6,74.42178518835209,74.42178518835209,148.84357037670418,52.1,0.01986337871227173
624,Company_624,Healthcare,Africa,2023,2094.9,19.5,6054.3,-0.5,55.0,68.1,36.2,60.7,151550.9,151550.9,303101.8,72.34278485846579,72.34278485846579,144.68556971693158,55.0,-0.004845375516602468
624,Company_624,Healthcare,Africa,2024,2254.0,20.7,5616.8,7.6,54.2,67.2,35.9,59.6,164485.0,164485.0,328970.1,72.97471162377995,72.97471162377995,145.94946761313219,54.23333333333333,0.07594634588763172
624,Company_624,Healthcare,Africa,2025,2518.7,20.0,10931.4,11.7,53.4,67.2,34.8,58.2,183715.0,183715.0,367430.1,72.94040576487872,72.94040576487872,145.8808512327788,53.4,0.11743566992014198
625,Company_625,Energy,Middle East,2015,6232.1,-19.0,3192.4,1.45,32.1,34.6,29.1,32.5,5968666.8,1790600.0,59686668.0,957.7296256478554,287.3188812759744,9577.296256478554,32.06666666666667,
625,Company_625,Energy,Middle East,2016,6006.3,-14.4,12988.2,-3.6,33.6,33.9,29.2,37.6,5783348.9,1735004.7,57833488.7,962.8804588515393,288.8641426502173,9628.804538567838,33.56666666666666,-0.03623176778293036
625,Company_625,Energy,Middle East,2017,5082.5,-9.4,8013.5,-15.4,33.9,34.3,28.6,38.8,4880469.3,1464140.8,48804693.3,960.2497393015248,288.07492375799313,9602.497452041318,33.9,-0.153805171236868
625,Company_625,Energy,Middle East,2018,5250.6,6.5,4610.4,3.3,35.8,35.4,31.5,40.3,4998715.9,1499614.8,49987158.5,952.02755875519,285.60827334018967,9520.275492324687,35.733333333333334,0.03307427447122491
625,Company_625,Energy,Middle East,2019,5479.8,7.8,7573.7,4.4,34.5,35.2,31.3,37.0,5227308.3,1568192.5,52273083.4,953.9231906273951,286.17695901310265,9539.231979269316,34.5,0.04365215403953826
625,Company_625,Energy,Middle East,2020,5129.5,6.4,6389.3,-6.4,35.8,36.4,33.7,37.2,4847166.2,1454149.9,48471662.2,944.9588069012575,283.4876498684082,9449.58810800273,35.766666666666666,-0.0639256907186394
625,Company_625,Energy,Middle East,2021,5427.4,1.7,1536.5,5.8,37.6,39.6,37.3,35.7,5006649.6,1501994.9,50066495.8,922.4766186387589,276.74298927663335,9224.766149537532,37.53333333333334,0.05807583585144749
625,Company_625,Energy,Middle East,2022,5672.7,6.3,4780.7,4.5,40.3,45.2,36.7,38.9,5012865.8,1503859.7,50128658.3,883.6825144992684,265.1047472984646,8836.825197877553,40.26666666666667,0.0451965950547224
625,Company_625,Energy,Middle East,2023,6004.3,-4.2,28513.8,5.8,39.7,44.8,33.2,41.2,5322474.2,1596742.3,53224742.4,886.4437486468031,265.93313125593323,8864.437553086955,39.733333333333334,0.058455409240749656
625,Company_625,Energy,Middle East,2024,5478.2,2.9,1527.5,-8.8,38.7,43.8,32.1,40.4,4894409.4,1468322.8,48944093.9,893.4338651381842,268.030155890621,8934.338633127669,38.76666666666667,-0.08762053861399333
625,Company_625,Energy,Middle East,2025,5455.1,3.4,2044.2,-0.4,39.0,43.0,32.6,41.4,4902670.3,1470801.1,49026703.4,898.7315172957415,269.61945702186944,8987.315246283293,39.0,-0.0042167135190389615
626,Company_626,Healthcare,Europe,2015,3514.5,15.0,7413.8,10.75,68.2,49.5,73.9,81.2,299926.5,299926.5,599853.0,85.3397353819889,85.3397353819889,170.6794707639778,68.2,
626,Company_626,Healthcare,Europe,2016,3744.4,14.5,8819.8,6.5,70.1,51.2,73.7,85.4,315100.3,315100.3,630200.7,84.15241427197948,84.15241427197948,168.30485525050742,70.10000000000001,0.06541471048513303
626,Company_626,Healthcare,Europe,2017,4385.8,14.2,13347.5,17.1,69.7,48.2,76.7,84.4,378426.0,378426.0,756851.9,86.28437229239819,86.28437229239819,172.56872178393908,69.76666666666667,0.17129580173058434
626,Company_626,Healthcare,Europe,2018,4479.7,9.3,9082.8,2.1,70.2,50.1,78.2,82.4,380516.3,380516.3,761032.5,84.94236221175525,84.94236221175525,169.8847021005871,70.23333333333333,0.021410005016188505
626,Company_626,Healthcare,Europe,2019,4835.8,12.7,9500.9,7.9,70.7,49.1,80.4,82.6,413927.6,413927.6,827855.1,85.59650936763306,85.59650936763306,171.19299805616444,70.7,0.07949193026318735
626,Company_626,Healthcare,Europe,2020,5343.0,11.3,10252.4,10.5,70.8,51.5,80.8,80.3,448619.3,448619.3,897238.5,83.96393411940856,83.96393411940856,167.92784952274005,70.86666666666667,0.104884403821498
626,Company_626,Healthcare,Europe,2021,5799.4,6.0,6697.2,8.5,70.9,50.2,81.3,81.1,492017.1,492017.1,984034.3,84.83931096320309,84.83931096320309,169.6786391695693,70.86666666666666,0.08542017593112483
626,Company_626,Healthcare,Europe,2022,7407.2,3.6,6600.9,27.7,71.2,49.4,82.4,81.9,632684.9,632684.9,1265369.8,85.41485311588725,85.41485311588725,170.8297062317745,71.23333333333333,0.2772355760940788
626,Company_626,Healthcare,Europe,2023,8707.1,2.5,2525.6,17.5,71.8,49.2,81.5,84.8,744739.9,744739.9,1489479.7,85.5324849835192,85.5324849835192,171.06495848215823,71.83333333333333,0.17549141375958532
626,Company_626,Healthcare,Europe,2024,9702.6,0.5,439.0,11.4,74.3,50.6,84.6,87.8,820722.1,820722.1,1641444.1,84.58785274050254,84.58785274050254,169.1756951744893,74.33333333333333,0.11433198194576843
626,Company_626,Healthcare,Europe,2025,10774.6,6.7,16096.9,11.0,76.8,52.6,86.9,90.8,896184.9,896184.9,1792369.8,83.17570025801422,83.17570025801422,166.35140051602843,76.76666666666667,0.11048584915383497
627,Company_627,Transportation,Africa,2015,544.1,3.3,277.3,3.45,41.4,57.5,12.0,54.6,260306.8,43384.5,867689.4,478.4172027200882,79.7362617165962,1594.724131593457,41.36666666666667,
627,Company_627,Transportation,Africa,2016,576.6,7.2,522.5,6.0,41.4,57.0,10.9,56.2,277218.7,46203.1,924062.4,480.7816510579258,80.13024627124523,1602.6056191467221,41.36666666666667,0.05973166697298282
627,Company_627,Transportation,Africa,2017,591.8,10.4,900.7,2.6,42.3,55.9,12.6,58.5,287235.1,47872.5,957450.4,485.35839810746876,80.89303818857722,1617.8614396755663,42.333333333333336,0.026361429066944053
627,Company_627,Transportation,Africa,2018,608.9,13.1,998.7,2.9,43.0,55.5,13.3,60.1,296548.4,49424.7,988494.7,487.02315651174257,81.17047134176383,1623.410576449335,42.96666666666667,0.02889489692463676
627,Company_627,Transportation,Africa,2019,597.6,12.3,810.6,-1.9,43.2,55.7,13.0,61.0,290459.4,48409.9,968198.1,486.0431726907631,81.00719544846051,1620.1440763052208,43.23333333333333,-0.018558055509935834
627,Company_627,Transportation,Africa,2020,622.6,10.9,1341.9,4.2,45.0,57.7,15.9,61.6,297448.5,49574.8,991495.1,477.75216832637324,79.62544169611307,1592.5073883713458,45.06666666666667,0.04183400267737625
627,Company_627,Transportation,Africa,2021,642.4,11.7,1387.5,3.2,45.1,55.6,18.6,61.2,312416.5,52069.4,1041388.3,486.32705479452056,81.05448318804484,1621.0901307596514,45.13333333333333,0.03180212014134276
627,Company_627,Transportation,Africa,2022,682.2,13.1,1528.4,6.2,45.6,57.1,17.3,62.3,327525.4,54587.6,1091751.4,480.1017296980358,80.01700381119906,1600.3391967165053,45.56666666666666,0.06195516811955182
627,Company_627,Transportation,Africa,2023,707.7,9.2,530.2,3.7,47.3,63.5,16.8,61.5,320809.3,53468.2,1069364.4,453.31256181998015,75.5520700861947,1511.0419669351418,47.26666666666667,0.037379067722075554
627,Company_627,Transportation,Africa,2024,808.3,11.5,1199.6,14.2,48.0,66.2,15.7,61.9,357256.5,59542.7,1190855.0,441.9850303105283,73.66410986020043,1473.2834343684276,47.93333333333334,0.14215062879751295
627,Company_627,Transportation,Africa,2025,823.6,15.1,2019.5,1.9,50.3,70.7,13.7,66.4,348471.7,58078.6,1161572.4,423.1079407479359,70.51796988829528,1410.3598834385623,50.26666666666667,0.018928615613015065
628,Company_628,Energy,Europe,2015,10106.3,4.1,6674.3,-8.85,58.1,22.0,84.4,68.0,10572936.8,3171881.0,105729368.0,1046.1728624719235,313.8518547836498,10461.728624719235,58.13333333333333,
628,Company_628,Energy,Europe,2016,9972.5,6.9,12235.0,-1.3,58.5,25.8,83.1,66.6,10164693.4,3049408.0,101646934.0,1019.2723389320632,305.7816996741038,10192.723389320632,58.5,-0.013239266596083543
628,Company_628,Energy,Europe,2017,9641.4,1.6,2816.7,-3.3,56.7,24.5,81.7,63.8,9918097.2,2975429.2,99180971.8,1028.6988611612421,308.6096624971477,10286.988590868546,56.666666666666664,-0.0332013035848584
628,Company_628,Energy,Europe,2018,8247.9,2.2,1880.6,-14.5,57.7,26.6,82.0,64.4,8364107.5,2509232.3,83641075.4,1014.0893439542187,304.2268092484147,10140.89348803938,57.666666666666664,-0.14453295164602653
628,Company_628,Energy,Europe,2019,7287.0,2.4,2997.7,-11.6,58.6,24.8,84.6,66.4,7480250.0,2244075.0,74802500.4,1026.5198298339508,307.95594895018525,10265.198353231783,58.6,-0.11650238242461719
628,Company_628,Energy,Europe,2020,6172.5,7.1,5404.6,-15.3,59.9,27.4,85.1,67.2,6221162.4,1866348.7,62211623.8,1007.8837424058324,302.36511948157147,10078.837391656542,59.9,-0.15294359818855496
628,Company_628,Energy,Europe,2021,5576.7,8.4,5404.9,-9.7,62.1,29.7,88.8,67.6,5531119.7,1659335.9,55311197.3,991.8266537558055,297.54799433356646,9918.26659135331,62.03333333333333,-0.09652490886998788
628,Company_628,Energy,Europe,2022,4742.1,13.7,7741.8,-15.0,62.3,32.5,91.6,62.8,4611522.8,1383456.8,46115227.6,972.4642668859786,291.7392716307121,9724.642584508973,62.29999999999999,-0.14965840012910847
628,Company_628,Energy,Europe,2023,4360.4,12.6,4894.8,-8.0,62.3,33.7,89.3,64.0,4205367.4,1261610.2,42053674.4,964.4453261168702,289.3335932483259,9644.453352903403,62.333333333333336,-0.08049176525168189
628,Company_628,Energy,Europe,2024,4093.7,16.2,10954.1,-6.1,61.9,32.9,88.1,64.7,3969464.9,1190839.5,39694648.6,969.6521239954076,290.89564452695606,9696.52114224296,61.9,-0.06116411338409311
628,Company_628,Energy,Europe,2025,4072.9,13.2,10088.6,-0.5,63.8,33.1,89.2,69.1,3943776.4,1183132.9,39437763.5,968.2968891944314,290.4890618478234,9682.968769181663,63.800000000000004,-0.0050809780882818956
629,Company_629,Retail,Latin America,2015,807.5,6.0,853.1,14.649999999999999,58.5,68.2,55.6,51.6,58320.0,29160.0,116639.9,72.22291021671826,36.11145510835913,144.44569659442723,58.46666666666667,
629,Company_629,Retail,Latin America,2016,871.6,4.4,609.1,7.9,58.7,66.9,55.9,53.3,63792.9,31896.4,127585.7,73.19056906837999,36.595227168425886,146.38102340523176,58.70000000000001,0.07938080495356048
629,Company_629,Retail,Latin America,2017,999.1,5.3,1038.3,14.6,59.7,70.8,53.8,54.4,70365.3,35182.7,140730.7,70.42868581723552,35.21439295365829,140.8574717245521,59.666666666666664,0.14628269848554387
629,Company_629,Retail,Latin America,2018,1178.9,6.3,1486.5,18.0,60.6,71.3,53.5,57.1,82615.1,41307.5,165230.2,70.07812367461193,35.039019424887606,140.15624734922386,60.63333333333333,0.17996196576919243
629,Company_629,Retail,Latin America,2019,1215.9,8.8,1765.0,3.1,60.3,71.0,53.7,56.3,85505.2,42752.6,171010.4,70.32255942100501,35.161279710502505,140.64511884201002,60.333333333333336,0.03138518958351
629,Company_629,Retail,Latin America,2020,1420.1,10.1,1669.6,16.8,60.7,69.5,54.1,58.5,101360.0,50680.0,202720.0,71.37525526371383,35.68762763185691,142.75051052742765,60.699999999999996,0.16794144255284138
629,Company_629,Retail,Latin America,2021,1632.1,9.4,2299.7,14.9,63.2,68.6,59.7,61.4,117485.4,58742.7,234970.8,71.98419214508915,35.99209607254458,143.9683842901783,63.23333333333334,0.14928526160129563
629,Company_629,Retail,Latin America,2022,1850.1,9.4,2834.6,13.4,62.8,66.8,59.5,62.1,135480.5,67740.2,270961.0,73.22874439219503,36.61434517053132,146.45748878439005,62.800000000000004,0.1335702469211446
629,Company_629,Retail,Latin America,2023,1866.0,13.4,6132.4,0.9,64.4,66.6,61.0,65.6,136977.3,68488.6,273954.6,73.40691318327974,36.70342979635584,146.81382636655948,64.39999999999999,0.008594130047024473
629,Company_629,Retail,Latin America,2024,2140.4,10.1,3373.5,14.7,65.2,68.3,61.2,66.1,154496.6,77248.3,308993.1,72.18118108764718,36.09059054382359,144.36231545505512,65.2,0.1470525187566989
629,Company_629,Retail,Latin America,2025,2555.2,12.3,4403.8,19.4,66.1,66.4,63.7,68.2,187844.3,93922.1,375688.6,73.51451941139636,36.7572401377583,147.02903882279273,66.10000000000001,0.1937955522332273
630,Company_630,Consumer Goods,Africa,2015,655.9,15.0,1528.3,1.15,62.1,82.7,41.0,62.5,81501.1,101876.3,407505.4,124.25842354017382,155.32291507851807,621.2919652386036,62.06666666666666,
630,Company_630,Consumer Goods,Africa,2016,696.3,10.0,886.7,6.2,61.6,80.3,42.2,62.1,88798.9,110998.6,443994.3,127.5296567571449,159.41203504236682,637.6479965532099,61.53333333333333,0.0615947552980638
630,Company_630,Consumer Goods,Africa,2017,744.6,8.5,1191.4,6.9,61.8,80.8,42.6,62.0,94450.7,118063.3,472253.3,126.84756916465216,158.5593607305936,634.2375772226699,61.800000000000004,0.06936665230504113
630,Company_630,Consumer Goods,Africa,2018,717.8,7.7,714.4,-3.6,62.4,82.6,42.8,61.8,89270.6,111588.3,446353.1,124.36695458344944,155.45876288659795,621.8349122318194,62.4,-0.03599247918345427
630,Company_630,Consumer Goods,Africa,2019,708.3,10.4,1756.9,-1.3,62.9,83.3,43.7,61.8,87401.0,109251.3,437005.2,123.39545390371312,154.24438797119865,616.9775518847946,62.93333333333334,-0.013234884368904964
630,Company_630,Consumer Goods,Africa,2020,689.9,10.7,1208.6,-2.6,64.9,88.1,44.4,62.1,80454.1,100567.6,402270.5,116.61704594868823,145.77127119872446,583.0852297434411,64.86666666666666,-0.02597769306790909
630,Company_630,Consumer Goods,Africa,2021,717.2,8.2,1260.2,4.0,67.0,89.0,47.5,64.4,82724.9,103406.1,413624.6,115.3442554378137,144.18028443948688,576.7214166201895,66.96666666666667,0.03957095231192942
630,Company_630,Consumer Goods,Africa,2022,743.0,6.6,1115.3,3.6,67.9,91.5,48.8,63.5,83163.2,103954.1,415816.2,111.92893674293404,139.9113055181696,559.6449528936743,67.93333333333334,0.03597322922476298
630,Company_630,Consumer Goods,Africa,2023,721.8,8.8,871.2,-2.9,67.2,87.1,52.4,62.1,85181.9,106477.4,425909.7,118.01316154059296,147.51648656137434,590.06608478803,67.2,-0.02853297442799463
630,Company_630,Consumer Goods,Africa,2024,706.7,9.4,1639.2,-2.1,70.1,86.7,58.4,65.4,83846.3,104807.9,419231.6,118.64482807414744,148.30607046837412,593.2242818734965,70.16666666666667,-0.02091992241618168
630,Company_630,Consumer Goods,Africa,2025,740.8,12.4,2150.2,4.8,69.3,86.4,57.1,64.2,88183.0,110228.7,440914.8,119.03752699784017,148.79684125269978,595.1873650107991,69.23333333333333,0.04825244092259795
631,Company_631,Manufacturing,North America,2015,708.3,7.0,558.5,3.5,29.8,28.8,31.5,29.2,212155.0,282873.4,3535917.0,299.52703656642666,399.36947621064525,4992.117746717493,29.833333333333332,
631,Company_631,Manufacturing,North America,2016,683.8,8.1,788.5,-3.5,30.7,31.5,32.4,28.1,200971.2,267961.6,3349519.9,293.9034805498684,391.8713073998245,4898.391196256215,30.666666666666668,-0.03458986305237899
631,Company_631,Manufacturing,North America,2017,684.0,9.2,613.0,0.0,29.8,30.7,31.0,27.7,202140.3,269520.4,3369004.5,295.5267543859649,394.03567251461993,4925.445175438596,29.8,0.0002924831822170848
631,Company_631,Manufacturing,North America,2018,648.5,6.3,501.6,-5.2,29.9,29.9,29.8,30.0,192776.8,257035.7,3212946.8,297.2656900539707,396.3542020046261,4954.428373168851,29.900000000000002,-0.05190058479532167
631,Company_631,Manufacturing,North America,2019,730.1,7.0,462.7,12.6,31.8,31.3,34.9,29.1,214897.5,286530.0,3581624.4,294.33981646349815,392.45308861799754,4905.662785919737,31.76666666666667,0.12582883577486514
631,Company_631,Manufacturing,North America,2020,739.3,4.0,375.7,1.3,33.3,34.5,35.7,29.8,212649.3,283532.4,3544155.1,287.6360070336805,383.5146760449074,4793.9335858244285,33.333333333333336,0.012601013559786267
631,Company_631,Manufacturing,North America,2021,842.3,2.0,355.7,13.9,32.8,35.6,34.4,28.3,240261.0,320348.0,4004350.0,285.2439748308204,380.3252997744272,4754.06624718034,32.766666666666666,0.13932097930474785
631,Company_631,Manufacturing,North America,2022,785.7,4.5,484.6,-6.7,34.2,37.9,35.5,29.1,220283.0,293710.7,3671384.1,280.3652793687158,373.82041491663483,4672.7556319205805,34.166666666666664,-0.06719696070283732
631,Company_631,Manufacturing,North America,2023,838.1,6.2,1097.3,6.7,37.6,39.7,37.2,36.0,231903.1,309204.1,3865050.9,276.7009903352822,368.9346140078749,4611.682257487173,37.63333333333333,0.06669212167493943
631,Company_631,Manufacturing,North America,2024,1094.9,7.1,1444.5,30.6,39.7,43.9,37.6,37.7,293225.7,390967.6,4887094.7,267.81048497579684,357.0806466343958,4463.507808932322,39.733333333333334,0.30640734995823893
631,Company_631,Manufacturing,North America,2025,1157.2,5.2,568.1,5.7,41.7,45.9,42.7,36.4,304947.4,406596.5,5082455.9,263.52177670238507,351.3623401313515,4392.028949187695,41.666666666666664,0.0569001735318293
632,Company_632,Transportation,Europe,2015,2024.2,3.8,1121.1,3.15,43.5,46.5,26.5,57.5,1062390.4,177065.1,3541301.2,524.844580575042,87.47411322991799,1749.4818693804962,43.5,
632,Company_632,Transportation,Europe,2016,2107.1,6.5,1461.0,4.1,45.3,48.0,29.1,58.7,1092088.8,182014.8,3640296.1,518.2899719994306,86.38166199990508,1727.6332874566942,45.26666666666667,0.04095445114119145
632,Company_632,Transportation,Europe,2017,1906.2,9.5,3027.6,-9.5,46.5,51.3,28.8,59.4,961453.6,160242.3,3204845.3,504.3823313398384,84.06373937677053,1681.2744203126638,46.5,-0.09534431208770344
632,Company_632,Transportation,Europe,2018,2079.0,5.6,1993.9,9.1,49.3,53.6,29.7,64.7,1028525.7,171420.9,3428418.9,494.7213564213564,82.45353535353534,1649.07113997114,49.333333333333336,0.09065155807365444
632,Company_632,Transportation,Europe,2019,1796.6,4.0,980.9,-13.6,50.3,53.1,28.8,69.1,893069.8,148845.0,2976899.4,497.0888344651008,82.84815763108094,1656.9628186574641,50.333333333333336,-0.13583453583453586
632,Company_632,Transportation,Europe,2020,1917.1,-1.3,9225.8,6.7,51.8,53.9,29.7,71.9,946269.1,157711.5,3154230.4,493.5940222210631,82.26566167649054,1645.3134421782902,51.833333333333336,0.06707113436491152
632,Company_632,Transportation,Europe,2021,2102.0,-3.3,6153.9,9.6,52.7,55.5,28.8,73.7,1023128.1,170521.3,3410426.9,486.7402949571836,81.12335870599429,1622.4676022835395,52.666666666666664,0.09644775963695174
632,Company_632,Transportation,Europe,2022,1962.8,-4.7,8815.5,-6.6,52.9,56.1,29.8,72.8,950661.5,158443.6,3168871.6,484.33946403097616,80.72325249643367,1614.46484613817,52.9,-0.06622264509990483
632,Company_632,Transportation,Europe,2023,2205.8,-4.9,5787.9,12.4,55.7,61.1,30.9,75.0,1022294.6,170382.4,3407648.8,463.457521080787,77.24290506845588,1544.8584640493243,55.666666666666664,0.12380273079274517
632,Company_632,Transportation,Europe,2024,2185.3,-5.6,10271.8,-0.9,55.4,63.0,30.0,73.3,994930.0,165821.7,3316433.2,455.2830275019448,75.8805198370933,1517.610030659406,55.43333333333334,-0.009293680297397744
632,Company_632,Transportation,Europe,2025,2232.6,-5.0,2337.0,2.2,57.6,64.4,34.6,73.8,1004070.9,167345.2,3346903.1,449.7316581564096,74.95529875481502,1499.1055719788587,57.6,0.02164462545188295
633,Company_633,Utilities,Europe,2015,270.0,11.2,260.8,7.05,59.1,43.8,67.1,66.6,193023.9,120639.9,1930239.2,714.9033333333333,446.8144444444444,7149.034074074074,59.166666666666664,
633,Company_633,Utilities,Europe,2016,293.5,8.6,223.4,8.7,60.4,44.9,67.9,68.3,208006.5,130004.1,2080064.8,708.7103918228279,442.9441226575809,7087.103236797275,60.366666666666674,0.08703703703703702
633,Company_633,Utilities,Europe,2017,264.0,10.3,370.7,-10.0,61.9,47.3,66.7,71.6,183498.4,114686.5,1834984.0,695.0696969696969,434.4185606060606,6950.69696969697,61.86666666666667,-0.10051107325383302
633,Company_633,Utilities,Europe,2018,255.9,8.8,327.3,-3.1,62.2,50.6,63.8,72.2,173163.8,108227.4,1731637.7,676.6854239937475,422.9284876905041,6766.853067604533,62.20000000000001,-0.030681818181818143
633,Company_633,Utilities,Europe,2019,285.5,10.0,418.2,11.6,61.1,51.8,62.8,68.8,191340.9,119588.1,1913409.4,670.1957968476357,418.87250437828374,6701.959369527145,61.133333333333326,0.11567018366549431
633,Company_633,Utilities,Europe,2020,293.3,9.0,270.8,2.7,63.1,54.0,63.0,72.5,192929.4,120580.9,1929294.3,657.7886123423116,411.11796795090345,6577.887146266621,63.166666666666664,0.02732049036777595
633,Company_633,Utilities,Europe,2021,312.6,11.5,439.2,6.6,65.9,54.9,68.2,74.7,203944.6,127465.4,2039446.0,652.4139475367882,407.7587971849008,6524.1394753678815,65.93333333333334,0.06580293215138089
633,Company_633,Utilities,Europe,2022,344.9,14.5,719.7,10.3,68.0,56.8,72.7,74.5,221337.5,138335.9,2213374.9,641.7439837634097,401.08988112496377,6417.439547694984,68.0,0.10332693538067805
633,Company_633,Utilities,Europe,2023,331.7,12.3,555.0,-3.8,68.7,58.0,72.0,76.1,210807.9,131754.9,2108078.7,635.5378353934278,397.21103406692794,6355.377449502564,68.7,-0.038271962887793554
633,Company_633,Utilities,Europe,2024,356.5,11.8,357.4,7.5,67.4,58.4,69.9,74.0,225549.2,140968.2,2255491.9,632.6765778401123,395.42272089761576,6326.765497896213,67.43333333333334,0.07476635514018692
633,Company_633,Utilities,Europe,2025,412.1,12.1,575.1,15.6,67.3,60.8,68.5,72.6,255307.9,159567.5,2553079.3,619.528997816064,387.2057752972579,6195.290706139286,67.3,0.15596072931276295
634,Company_634,Healthcare,Europe,2015,1316.6,18.7,3223.9,2.75,46.5,31.5,58.6,49.5,128951.4,128951.4,257902.8,97.94273127753304,97.94273127753304,195.88546255506608,46.53333333333333,
634,Company_634,Healthcare,Europe,2016,1487.1,16.3,2638.0,12.9,48.4,33.0,62.2,49.9,144087.8,144087.8,288175.6,96.89180283773787,96.89180283773787,193.78360567547574,48.36666666666667,0.12950022785963844
634,Company_634,Healthcare,Europe,2017,1777.1,18.5,4347.0,19.5,48.8,35.7,60.9,49.7,168798.2,168798.2,337596.3,94.98520060773171,94.98520060773171,189.9703449440099,48.76666666666667,0.1950104229708829
634,Company_634,Healthcare,Europe,2018,1541.0,22.2,4933.4,-13.3,48.3,33.5,63.4,48.0,148788.1,148788.1,297576.2,96.55295262816354,96.55295262816354,193.10590525632708,48.300000000000004,-0.13285690169377073
634,Company_634,Healthcare,Europe,2019,1433.2,20.8,6821.7,-7.0,49.6,35.7,65.4,47.7,136200.8,136200.8,272401.6,95.03265420039072,95.03265420039072,190.06530840078145,49.6,-0.06995457495133028
634,Company_634,Healthcare,Europe,2020,1548.3,22.4,8124.4,8.0,48.5,35.4,66.8,43.4,147402.4,147402.4,294804.8,95.20273848737325,95.20273848737325,190.4054769747465,48.53333333333333,0.08030979626011714
634,Company_634,Healthcare,Europe,2021,1622.3,25.3,5903.0,4.8,47.7,35.2,63.2,44.8,154735.1,154735.1,309470.2,95.3800776675091,95.3800776675091,190.7601553350182,47.73333333333333,0.047794355099141095
634,Company_634,Healthcare,Europe,2022,1634.1,26.5,7807.4,0.7,48.2,35.3,64.3,45.0,155684.0,155684.0,311368.1,95.27201517654979,95.27201517654979,190.54409154886483,48.199999999999996,0.007273623867348755
634,Company_634,Healthcare,Europe,2023,1769.5,28.1,7566.4,8.3,51.2,37.5,69.0,47.1,165830.6,165830.6,331661.2,93.71607798813224,93.71607798813224,187.43215597626448,51.199999999999996,0.08285906615262228
634,Company_634,Healthcare,Europe,2024,1623.6,25.4,9394.2,-8.2,52.3,39.7,68.3,48.9,149675.2,149675.2,299350.5,92.18723823601874,92.18723823601874,184.37453806356245,52.300000000000004,-0.08245267024583225
634,Company_634,Healthcare,Europe,2025,1595.4,26.4,8025.8,-1.7,51.8,40.3,65.1,50.0,146393.1,146393.1,292786.2,91.75949605114705,91.75949605114705,183.5189921022941,51.79999999999999,-0.01736881005173674
635,Company_635,Transportation,Latin America,2015,922.2,4.5,569.6,-2.45,39.1,59.1,28.1,30.1,435066.5,72511.1,1450221.6,471.77022337887655,78.62838863587075,1572.5673389720234,39.1,
635,Company_635,Transportation,Latin America,2016,880.7,2.9,219.6,-4.5,38.1,59.4,25.3,29.8,414517.3,69086.2,1381724.5,470.6679913705007,78.4446463040763,1568.8934938117407,38.166666666666664,-0.045001084363478605
635,Company_635,Transportation,Latin America,2017,823.0,1.1,127.5,-6.6,41.1,62.1,28.3,32.9,378035.6,63005.9,1260118.8,459.338517618469,76.55637910085055,1531.128554070474,41.1,-0.06551606676507327
635,Company_635,Transportation,Latin America,2018,801.4,-0.2,2928.4,-2.6,40.2,61.9,28.3,30.4,368705.5,61450.9,1229018.3,460.0767407037684,76.67943598702271,1533.5890940853508,40.199999999999996,-0.026245443499392507
635,Company_635,Transportation,Latin America,2019,730.7,-2.1,873.2,-8.8,41.0,61.7,29.1,32.2,336633.7,56105.6,1122112.4,460.700287395648,76.78335842342958,1535.6677158888735,41.00000000000001,-0.08822061392563008
635,Company_635,Transportation,Latin America,2020,749.8,-4.5,2367.7,2.6,42.2,59.2,30.6,36.7,353491.9,58915.3,1178306.3,471.4482528674314,78.57468658308883,1571.4941317684718,42.16666666666667,0.026139318461748884
635,Company_635,Transportation,Latin America,2021,808.7,-3.0,4007.4,7.9,41.7,63.0,27.6,34.5,368258.7,61376.5,1227529.0,455.3712130579943,75.89526400395697,1517.9040435266477,41.699999999999996,0.07855428114163798
635,Company_635,Transportation,Latin America,2022,768.4,-2.7,2838.6,-5.0,43.2,62.6,29.9,37.1,351062.0,58510.3,1170206.8,456.87402394586155,76.14562727745967,1522.9135866736076,43.199999999999996,-0.049833065413626865
635,Company_635,Transportation,Latin America,2023,811.2,-0.7,2398.8,5.6,44.3,67.2,29.9,35.8,355085.6,59180.9,1183618.8,437.72879684418143,72.95475838264299,1459.0961538461538,44.29999999999999,0.05570015616866231
635,Company_635,Transportation,Latin America,2024,891.0,4.0,446.9,9.8,47.1,73.2,30.4,37.8,367550.4,61258.4,1225168.1,412.51447811447815,68.75241301907968,1375.0483726150394,47.133333333333326,0.09837278106508873
635,Company_635,Transportation,Latin America,2025,870.1,3.1,246.8,-2.3,47.1,72.4,28.7,40.3,361944.1,60324.0,1206480.4,415.9798873692679,69.32996207332491,1386.599701183772,47.13333333333333,-0.023456790123456805
636,Company_636,Consumer Goods,Latin America,2015,860.6,-1.8,1894.6,3.55,55.2,50.4,63.1,52.1,145876.9,182346.1,729384.4,169.5060422960725,211.88252382059028,847.5300952823611,55.199999999999996,
636,Company_636,Consumer Goods,Latin America,2016,792.7,-4.3,1365.2,-7.9,56.5,52.5,65.9,51.1,132038.2,165047.8,660191.2,166.56768008073672,208.2096631764854,832.8386527059416,56.5,-0.07889844294678128
636,Company_636,Consumer Goods,Latin America,2017,897.4,-4.9,1161.4,13.2,56.4,55.8,60.6,52.7,145289.8,181612.2,726448.8,161.90082460441275,202.3759750390016,809.5039001560064,56.366666666666674,0.1320802321180774
636,Company_636,Consumer Goods,Latin America,2018,934.2,-6.2,3880.6,4.1,56.3,59.3,59.7,50.1,146634.5,183293.1,733172.3,156.962641832584,196.20327552986512,784.8129950760009,56.36666666666667,0.04100735457989746
636,Company_636,Consumer Goods,Latin America,2019,995.2,-5.3,1464.0,6.5,57.7,60.0,60.9,52.1,155255.9,194069.9,776279.4,156.00472266881027,195.00592845659162,780.0235128617363,57.666666666666664,0.06529651038321549
636,Company_636,Consumer Goods,Latin America,2020,1038.5,-6.2,3460.7,4.4,57.5,61.0,62.1,49.3,160536.8,200671.0,802684.0,154.58526721232545,193.23158401540684,772.9263360616274,57.46666666666666,0.04350884244372977
636,Company_636,Consumer Goods,Latin America,2021,1069.3,-5.0,2327.8,3.0,58.7,60.4,64.4,51.3,166207.5,207759.4,831037.6,155.43579912092022,194.29477228093145,777.1790891237258,58.70000000000001,0.029658160808858858
636,Company_636,Consumer Goods,Latin America,2022,1080.3,-3.2,1006.1,1.0,58.4,61.5,65.1,48.7,166242.8,207803.6,831214.2,153.88577247061002,192.3573081551421,769.4290474868092,58.43333333333334,0.010287103712709245
636,Company_636,Consumer Goods,Latin America,2023,1131.3,-1.2,1738.8,4.7,59.5,64.3,64.3,50.0,169712.6,212140.8,848563.2,150.01555732343323,187.5194908512331,750.0779634049323,59.53333333333333,0.04720910858094984
636,Company_636,Consumer Goods,Latin America,2024,1106.3,0.4,81.9,-2.2,59.9,64.9,62.5,52.4,164983.7,206229.6,824918.4,149.1310675223719,186.41381180511615,745.6552472204646,59.93333333333334,-0.02209847078582161
636,Company_636,Consumer Goods,Latin America,2025,1138.3,-3.5,2622.3,2.9,60.5,65.2,63.9,52.3,169264.8,211581.0,846324.2,148.69963981375736,185.8745497671967,743.498374769393,60.46666666666666,0.02892524631655058
637,Company_637,Utilities,Oceania,2015,534.8,10.9,557.6,9.2,49.9,18.3,93.4,38.2,458610.1,286631.3,4586100.7,857.5357142857143,535.9597980553478,8575.356581899776,49.96666666666667,
637,Company_637,Utilities,Oceania,2016,626.3,10.8,770.7,17.1,51.1,21.9,92.4,39.1,524511.1,327819.5,5245111.3,837.4758103145458,523.4224812390229,8374.75858214913,51.13333333333333,0.17109199700822741
637,Company_637,Utilities,Oceania,2017,602.9,11.5,610.2,-3.7,51.0,22.0,95.3,35.9,504584.5,315365.3,5045844.6,836.9290097860342,523.0806103831482,8369.289434400398,51.06666666666666,-0.037362286444196036
637,Company_637,Utilities,Oceania,2018,646.1,11.4,975.2,7.2,51.6,22.0,96.1,36.6,540453.7,337783.6,5404537.0,836.4861476551616,522.803900325027,8364.861476551618,51.56666666666666,0.07165367390943778
637,Company_637,Utilities,Oceania,2019,661.5,11.5,1071.8,2.4,53.7,22.9,97.9,40.2,550049.5,343781.0,5500495.3,831.5185185185185,519.6991685563114,8315.185638699924,53.666666666666664,0.02383531960996743
637,Company_637,Utilities,Oceania,2020,760.5,14.9,1353.2,15.0,55.1,25.6,99.7,40.1,620904.6,388065.4,6209046.5,816.4426035502959,510.2766600920447,8164.426692965155,55.13333333333333,0.14965986394557818
637,Company_637,Utilities,Oceania,2021,748.6,14.1,1168.9,-1.6,56.1,27.3,99.6,41.5,604216.7,377635.4,6042166.9,807.1289072936147,504.4555169650014,8071.28893935346,56.133333333333326,-0.01564760026298484
637,Company_637,Utilities,Oceania,2022,820.5,14.7,1452.7,9.6,56.0,29.1,98.2,40.6,654145.4,408840.9,6541453.6,797.2521633150518,498.28263254113347,7972.521145642901,55.96666666666667,0.09604595244456315
637,Company_637,Utilities,Oceania,2023,973.1,13.7,1663.2,18.6,57.4,31.6,99.4,41.3,761727.8,476079.9,7617278.1,782.7847086630356,489.24046860548765,7827.847189394717,57.43333333333334,0.18598415600243756
637,Company_637,Utilities,Oceania,2024,1058.4,14.0,1765.1,8.8,57.6,31.5,99.8,41.6,829539.0,518461.9,8295390.5,783.767006802721,489.85440287226,7837.6705404383965,57.63333333333333,0.08765800020552872
637,Company_637,Utilities,Oceania,2025,1192.4,12.9,1606.9,12.7,59.2,35.5,100.0,42.2,907955.9,567472.5,9079559.4,761.4524488426702,475.90783294196575,7614.5248238846025,59.23333333333333,0.12660619803476947
638,Company_638,Healthcare,Oceania,2015,3568.6,14.9,10817.8,11.149999999999999,65.6,65.6,42.9,88.4,264471.1,264471.1,528942.2,74.11060359804965,74.11060359804965,148.2212071960993,65.63333333333334,
638,Company_638,Healthcare,Oceania,2016,4062.3,13.6,10926.0,13.8,65.9,66.2,40.9,90.5,299159.6,299159.6,598319.2,73.64291165103512,73.64291165103512,147.28582330207024,65.86666666666666,0.1383455696911955
638,Company_638,Healthcare,Oceania,2017,4566.0,15.2,14603.8,12.4,66.6,70.8,41.3,87.9,321629.7,321629.7,643259.3,70.44014454664915,70.44014454664915,140.88026719229086,66.66666666666667,0.12399379661767962
638,Company_638,Healthcare,Oceania,2018,4568.9,16.1,15567.7,0.1,67.9,73.7,42.9,87.2,312448.6,312448.6,624897.2,68.38595723259428,68.38595723259428,136.77191446518856,67.93333333333334,0.0006351292159438859
638,Company_638,Healthcare,Oceania,2019,5102.4,17.4,10139.7,11.7,70.2,75.6,47.3,87.5,342136.5,342136.5,684273.1,67.05403339604892,67.05403339604892,134.10808639071809,70.13333333333333,0.11676771214077797
638,Company_638,Healthcare,Oceania,2020,5866.3,16.8,17687.5,15.0,70.6,76.8,45.7,89.1,388558.3,388558.3,777116.7,66.23566813834955,66.23566813834955,132.47135332321906,70.53333333333333,0.14971386014424604
638,Company_638,Healthcare,Oceania,2021,6421.3,19.1,18167.3,9.5,72.0,77.4,50.1,88.6,422470.9,422470.9,844941.8,65.79211374643764,65.79211374643764,131.58422749287527,72.03333333333333,0.09460818573888141
638,Company_638,Healthcare,Oceania,2022,7104.8,20.1,17590.0,10.6,72.2,76.4,54.7,85.5,472487.0,472487.0,944974.0,66.50250534849678,66.50250534849678,133.00501069699357,72.2,0.10644262065313881
638,Company_638,Healthcare,Oceania,2023,7506.2,19.3,22004.1,5.7,74.2,76.8,56.9,88.9,497330.8,497330.8,994661.6,66.25600170525699,66.25600170525699,132.51200341051398,74.2,0.056497016101790365
638,Company_638,Healthcare,Oceania,2024,8091.0,17.1,26379.6,7.8,75.8,76.9,58.5,92.0,535289.7,535289.7,1070579.4,66.15865776789025,66.15865776789025,132.3173155357805,75.8,0.07790892861900822
638,Company_638,Healthcare,Oceania,2025,10604.8,20.0,42129.2,31.1,76.3,76.4,57.8,94.8,705302.9,705302.9,1410605.8,66.50789265238383,66.50789265238383,133.01578530476766,76.33333333333333,0.31069089111358283
639,Company_639,Healthcare,Latin America,2015,970.9,10.1,2058.9,15.3,22.9,15.3,31.8,21.7,106132.6,106132.6,212265.2,109.31362653208365,109.31362653208365,218.6272530641673,22.933333333333334,
639,Company_639,Healthcare,Latin America,2016,980.0,9.3,2114.8,0.9,25.7,18.6,33.6,24.9,104803.6,104803.6,209607.1,106.94244897959184,106.94244897959184,213.88479591836736,25.7,0.009372746935832676
639,Company_639,Healthcare,Latin America,2017,1136.8,8.8,2228.0,16.0,27.5,21.5,33.1,27.8,119302.4,119302.4,238604.9,104.94581280788178,104.94581280788178,209.89171358198453,27.46666666666667,0.15999999999999992
639,Company_639,Healthcare,Latin America,2018,1047.8,7.2,1266.2,-7.8,26.8,20.9,32.1,27.5,110406.3,110406.3,220812.5,105.36963160908572,105.36963160908572,210.7391677801107,26.833333333333332,-0.07828993666432094
639,Company_639,Healthcare,Latin America,2019,1285.0,-0.3,1560.2,22.6,26.4,21.7,32.0,25.5,134645.0,134645.0,269290.0,104.78210116731518,104.78210116731518,209.56420233463035,26.400000000000002,0.22637907997709483
639,Company_639,Healthcare,Latin America,2020,1312.0,-1.9,3419.2,2.1,26.8,22.9,32.3,25.3,136402.8,136402.8,272805.5,103.9655487804878,103.9655487804878,207.9310213414634,26.833333333333332,0.021011673151750898
639,Company_639,Healthcare,Latin America,2021,1512.9,-3.1,5762.2,15.3,27.0,23.1,32.9,24.9,157056.6,157056.6,314113.3,103.81162006742018,103.81162006742018,207.62330623306232,26.96666666666667,0.15312500000000018
639,Company_639,Healthcare,Latin America,2022,1744.5,-3.6,3124.6,15.3,27.2,23.1,32.4,26.0,181103.1,181103.1,362206.3,103.81375752364575,103.81375752364575,207.62757237030667,27.166666666666668,0.15308348205433275
639,Company_639,Healthcare,Latin America,2023,2059.7,-2.9,7884.4,18.1,26.2,21.5,30.0,27.1,216095.2,216095.2,432190.5,104.91586153323301,104.91586153323301,209.83177161722583,26.2,0.18068214388076798
639,Company_639,Healthcare,Latin America,2024,2528.9,-0.7,4274.1,22.8,26.9,22.1,31.2,27.4,264306.5,264306.5,528612.9,104.51441338131202,104.51441338131202,209.0287872197398,26.899999999999995,0.2278001650725836
639,Company_639,Healthcare,Latin America,2025,2788.2,-0.0,2530.4,10.3,27.0,21.9,31.3,27.9,291914.5,291914.5,583829.0,104.69639911053727,104.69639911053727,209.39279822107454,27.03333333333333,0.10253469888093636
640,Company_640,Finance,Africa,2015,15335.6,7.0,12149.7,2.6500000000000004,58.2,84.5,71.7,18.4,186594.2,93297.1,466485.6,12.167388299121,6.0836941495605,30.418477268577686,58.199999999999996,
640,Company_640,Finance,Africa,2016,15841.7,4.8,14696.5,3.3,58.8,83.3,75.0,18.2,195501.0,97750.5,488752.5,12.340910382092831,6.170455191046416,30.852275955232077,58.833333333333336,0.03300164323534793
640,Company_640,Finance,Africa,2017,15207.6,6.9,9965.6,-4.0,60.0,85.6,76.9,17.7,182841.2,91420.6,457103.1,12.023014808385282,6.011507404192641,30.05754359662274,60.06666666666666,-0.04002726980058957
640,Company_640,Finance,Africa,2018,15383.9,7.9,22929.5,1.2,60.7,88.3,75.8,18.2,179018.7,89509.4,447546.8,11.636756609182328,5.818381554742295,29.09189477310695,60.76666666666666,0.011592887766642912
640,Company_640,Finance,Africa,2019,15715.2,10.3,30756.7,2.2,58.5,86.3,74.9,14.2,187342.7,93671.3,468356.6,11.9211145896966,5.960554113215231,29.80277692934229,58.46666666666666,0.02153550140081517
640,Company_640,Finance,Africa,2020,19674.8,12.9,40539.2,25.2,57.9,84.6,75.8,13.2,239060.5,119530.2,597651.2,12.150593652794438,6.075294285075325,30.3764815906642,57.86666666666665,0.25195988597027075
640,Company_640,Finance,Africa,2021,20278.9,13.3,43053.2,3.1,59.2,86.6,77.2,13.8,240846.0,120423.0,602115.1,11.876679701561722,5.938339850780861,29.691704185138242,59.20000000000001,0.03070425112326447
640,Company_640,Finance,Africa,2022,21386.9,12.5,38647.2,5.5,59.4,90.2,75.9,12.0,243304.8,121652.4,608262.0,11.376347203194477,5.688173601597239,28.440868007986197,59.366666666666674,0.05463807208477767
640,Company_640,Finance,Africa,2023,20857.1,12.5,32349.0,-2.5,59.6,89.1,74.8,15.0,240388.7,120194.4,600971.8,11.525509298991711,5.762757046761055,28.81377564474448,59.633333333333326,-0.024772173620300375
640,Company_640,Finance,Africa,2024,22027.0,14.0,33959.0,5.6,59.2,87.7,73.7,16.1,258202.6,129101.3,645506.5,11.722095609933264,5.861047804966632,29.30523902483316,59.166666666666664,0.056091211146324316
640,Company_640,Finance,Africa,2025,21627.6,14.9,59943.4,-1.8,60.1,90.2,73.0,17.1,246011.3,123005.7,615028.3,11.374877471379165,5.687441047550353,28.437195990308684,60.099999999999994,-0.01813229218686163
641,Company_641,Manufacturing,Latin America,2015,499.7,10.8,1187.2,9.75,42.6,26.4,47.9,53.5,152211.7,202948.9,2536861.7,304.60616369821895,406.1414848909346,5076.769461677007,42.6,
641,Company_641,Manufacturing,Latin America,2016,488.4,7.7,487.1,-2.3,43.4,28.4,45.9,55.8,146716.2,195621.6,2445270.2,300.40171990171996,400.5356265356266,5006.695741195742,43.36666666666667,-0.022613568140884555
641,Company_641,Manufacturing,Latin America,2017,549.2,10.3,997.1,12.5,44.7,30.8,44.4,58.8,162200.7,216267.5,2703344.2,295.33994901675163,393.7864166059723,4922.331026948288,44.666666666666664,0.12448812448812463
641,Company_641,Manufacturing,Latin America,2018,604.4,11.1,1087.7,10.1,45.8,31.3,47.1,58.9,177906.8,237209.1,2965113.7,294.3527465254798,392.4703838517538,4905.879715420252,45.76666666666667,0.10050983248361245
641,Company_641,Manufacturing,Latin America,2019,644.6,12.6,784.7,6.6,46.7,33.9,48.0,58.1,186166.7,248222.3,3102779.0,288.80964939497363,385.0795842382873,4813.49519081601,46.666666666666664,0.06651224354731977
641,Company_641,Manufacturing,Latin America,2020,772.5,13.2,1565.0,19.8,48.1,37.2,47.3,59.8,217726.5,290302.1,3628775.7,281.84660194174756,375.79559870550156,4697.444271844661,48.1,0.19841762333229895
641,Company_641,Manufacturing,Latin America,2021,874.9,17.4,3102.0,13.3,50.9,40.1,50.0,62.6,241289.4,321719.2,4021489.8,275.79083323808436,367.7211109841125,4596.513658703851,50.9,0.13255663430420705
641,Company_641,Manufacturing,Latin America,2022,957.5,15.0,2499.1,9.4,52.0,40.4,53.1,62.5,263516.3,351355.1,4391939.0,275.2128459530026,366.9504960835509,4586.881462140992,52.0,0.0944107898045492
641,Company_641,Manufacturing,Latin America,2023,979.4,18.9,1529.3,2.3,50.3,40.5,51.6,58.7,269279.7,359039.6,4487995.6,274.9435368593016,366.5913824790688,4582.392893608331,50.26666666666667,0.02287206266318531
641,Company_641,Manufacturing,Latin America,2024,1106.9,19.0,3861.3,13.0,51.2,42.7,49.6,61.4,299204.3,398939.0,4986737.6,270.3083386033065,360.4110579094769,4505.138314210859,51.23333333333334,0.13018174392485204
641,Company_641,Manufacturing,Latin America,2025,1163.4,18.3,2009.3,5.1,51.1,43.2,48.0,62.1,313198.3,417597.7,5219970.9,269.20947223654804,358.94593433041086,4486.823878287777,51.1,0.05104345469328764
642,Company_642,Retail,Europe,2015,2121.5,3.2,834.9,-3.9,60.9,74.9,44.7,63.0,143333.9,71667.0,286667.8,67.56252651425878,33.781286825359416,135.12505302851756,60.866666666666674,
642,Company_642,Retail,Europe,2016,2090.2,2.2,542.6,-1.5,61.7,74.2,47.3,63.7,142271.6,71135.8,284543.1,68.06602239020191,34.033011195100954,136.13199693809204,61.73333333333333,-0.014753711996229213
642,Company_642,Retail,Europe,2017,2287.6,4.2,1416.9,9.4,62.8,75.1,49.8,63.5,154206.4,77103.2,308412.9,67.40968700821821,33.70484350410911,134.81941773037246,62.79999999999999,0.0944407233757536
642,Company_642,Retail,Europe,2018,2533.4,6.4,2567.4,10.7,64.1,76.1,52.3,64.0,169032.2,84516.1,338064.4,66.72148101365754,33.36074050682877,133.44296202731508,64.13333333333333,0.10744885469487686
642,Company_642,Retail,Europe,2019,2188.2,6.0,3058.5,-13.6,63.7,77.5,51.6,62.1,143813.3,71906.6,287626.5,65.72219175578101,32.8610730280596,131.4443378119002,63.73333333333333,-0.1362595721165234
642,Company_642,Retail,Europe,2020,2395.9,4.2,1543.0,9.5,64.4,78.0,52.4,62.7,156694.1,78347.0,313388.1,65.40093493050628,32.70044659626863,130.80182812304352,64.36666666666667,0.09491819760533793
642,Company_642,Retail,Europe,2021,2137.9,4.6,2039.2,-10.8,65.8,76.2,57.0,64.1,142490.2,71245.1,284980.3,66.6496094298143,33.32480471490715,133.29917208475607,65.76666666666667,-0.10768396009850156
642,Company_642,Retail,Europe,2022,1964.6,7.7,2240.6,-8.1,64.5,74.2,56.6,62.6,133648.4,66824.2,267296.9,68.02830092639724,34.01415046319862,136.05665275374125,64.46666666666667,-0.08106085410917263
642,Company_642,Retail,Europe,2023,1896.3,8.1,2606.3,-3.5,63.8,74.9,56.6,59.9,128126.5,64063.2,256253.0,67.56657701840426,33.78326214206613,135.13315403680852,63.800000000000004,-0.03476534663544739
642,Company_642,Retail,Europe,2024,1814.8,6.7,2641.6,-4.3,65.0,78.8,52.8,63.4,117693.2,58846.6,235386.5,64.85188450517964,32.42594225258982,129.7038241128499,65.0,-0.04297843168275062
642,Company_642,Retail,Europe,2025,1619.5,5.8,1293.9,-10.8,65.0,80.4,52.7,61.9,103186.1,51593.1,206372.3,63.71478851497376,31.857425131213336,127.42963877740043,65.00000000000001,-0.10761516420542205
643,Company_643,Manufacturing,Asia,2015,14608.1,0.7,1372.5,1.55,65.8,43.0,68.8,85.6,3940325.8,5253767.8,65672097.0,269.7356808893696,359.6475790828376,4495.594704307884,65.8,
643,Company_643,Manufacturing,Asia,2016,15460.7,0.7,2127.0,5.8,66.6,47.1,68.3,84.5,4036328.6,5381771.4,67272142.5,261.0702361471343,348.09364388417083,4351.170548552135,66.63333333333334,0.05836487975849014
643,Company_643,Manufacturing,Asia,2017,15700.4,3.5,10989.9,1.6,66.8,48.2,64.9,87.4,4062599.7,5416799.6,67709994.5,258.75771954854656,345.01029273139534,4312.62862729612,66.83333333333333,0.015503825829360718
643,Company_643,Manufacturing,Asia,2018,17044.9,5.5,15618.5,8.6,68.9,46.8,69.9,90.0,4461668.3,5948891.0,74361137.5,261.75972284965,349.01295988829503,4362.661998603688,68.89999999999999,0.08563476089781163
643,Company_643,Manufacturing,Asia,2019,17229.2,8.3,28100.7,1.1,68.5,47.1,69.5,88.8,4498881.5,5998508.7,74981358.5,261.1195818726348,348.15944443154643,4351.99304088408,68.46666666666665,0.010812618437186394
643,Company_643,Manufacturing,Asia,2020,17488.4,7.6,26564.7,1.5,68.4,49.5,70.0,85.6,4476142.1,5968189.5,74602368.6,255.9492063310537,341.26561034743025,4265.820120765764,68.36666666666666,0.015044227242123842
643,Company_643,Manufacturing,Asia,2021,17001.0,9.8,20937.8,-2.8,70.0,49.9,69.8,90.2,4337385.2,5783180.3,72289753.5,255.12529851185226,340.16706664313864,4252.088318334216,69.96666666666665,-0.02786990233526232
643,Company_643,Manufacturing,Asia,2022,16205.3,9.3,24169.4,-4.7,69.9,49.7,70.0,90.0,4143631.4,5524841.9,69060523.4,255.6960623993385,340.92808525605824,4261.601044102856,69.89999999999999,-0.046803129227692586
643,Company_643,Manufacturing,Asia,2023,17672.5,2.8,7322.3,9.1,70.6,50.3,72.9,88.7,4494925.3,5993233.7,74915420.9,254.34575187438108,339.1276672796718,4239.095821191117,70.63333333333334,0.09053828068594849
643,Company_643,Manufacturing,Asia,2024,18101.9,0.9,3528.0,2.4,70.1,48.8,72.6,88.9,4662602.2,6216802.9,77710036.2,257.57529320126616,343.43372242692755,4292.921527574454,70.10000000000001,0.024297637572499697
643,Company_643,Manufacturing,Asia,2025,16492.3,-0.8,47716.7,-8.9,72.1,49.6,75.4,91.1,4218107.9,5624143.9,70301798.2,255.76225875105357,341.01634702254995,4262.7043044329785,72.03333333333333,-0.08891884277341067
644,Company_644,Transportation,Africa,2015,1143.2,6.0,926.0,7.35,28.6,17.7,50.0,18.2,738124.4,123020.7,2460414.6,645.6651504548636,107.61082925122463,2152.21710986704,28.633333333333336,
644,Company_644,Transportation,Africa,2016,1031.9,11.0,1993.9,-9.7,29.0,20.6,48.3,18.2,653517.7,108919.6,2178392.2,633.3149529993216,105.55247601511773,2111.049714119585,29.033333333333335,-0.09735829251224626
644,Company_644,Transportation,Africa,2017,1114.4,11.8,1242.2,8.0,28.9,20.5,46.8,19.4,706169.0,117694.8,2353896.5,633.6764178033022,105.61270638908829,2112.2545764536967,28.899999999999995,0.07994960752010849
644,Company_644,Transportation,Africa,2018,1334.3,11.8,2656.4,19.7,30.4,20.3,52.3,18.6,846920.9,141153.5,2823069.8,634.7304953908417,105.78842838941767,2115.7684178970244,30.399999999999995,0.19732591529073917
644,Company_644,Transportation,Africa,2019,1360.0,13.8,2039.3,1.9,30.9,19.8,55.6,17.1,865883.6,144313.9,2886278.7,636.6791176470588,106.11316176470588,2122.26375,30.833333333333332,0.01926103574908189
644,Company_644,Transportation,Africa,2020,1280.0,15.3,3585.8,-5.9,30.2,21.0,55.8,13.7,808711.3,134785.2,2695704.2,631.805703125,105.3009375,2106.0189062500003,30.166666666666668,-0.05882352941176472
644,Company_644,Transportation,Africa,2021,1402.9,18.2,5061.2,9.6,29.8,22.2,56.6,10.5,879190.5,146531.8,2930635.1,626.6950602323758,104.449212345855,2088.9836053888375,29.766666666666666,0.09601562500000016
644,Company_644,Transportation,Africa,2022,1523.1,16.6,3048.9,8.6,31.9,21.9,62.4,11.2,956276.1,159379.3,3187586.9,627.8485325979909,104.64138927187972,2092.828376337732,31.833333333333332,0.08567966355406642
644,Company_644,Transportation,Africa,2023,1395.0,13.2,1498.9,-8.4,33.2,24.3,61.3,14.0,862282.4,143713.7,2874274.8,618.1235842293906,103.02057347670252,2060.4120430107528,33.199999999999996,-0.08410478629111673
644,Company_644,Transportation,Africa,2024,1574.7,9.8,1968.2,12.9,35.3,25.9,66.9,13.1,962224.2,160370.7,3207413.9,611.0523909316059,101.84206515526768,2036.8412396011938,35.300000000000004,0.12881720430107535
644,Company_644,Transportation,Africa,2025,1680.7,7.7,1512.0,6.7,36.5,27.3,71.7,10.4,1017347.6,169557.9,3391158.6,605.3118343547332,100.88528589278276,2017.706074849765,36.46666666666667,0.0673144090937956
645,Company_645,Finance,Middle East,2015,13929.0,13.2,30056.6,3.45,35.9,79.1,24.8,3.7,180020.1,90010.0,450050.2,12.924122334697394,6.462057577715558,32.31030224711034,35.86666666666667,
645,Company_645,Finance,Middle East,2016,14963.5,8.7,13203.8,7.4,36.3,77.6,25.5,5.9,196658.5,98329.2,491646.1,13.14254686403582,6.57127009055368,32.85635713569686,36.333333333333336,0.07426950965611323
645,Company_645,Finance,Middle East,2017,15053.1,6.3,7616.1,0.6,37.6,79.0,28.7,5.2,194865.4,97432.7,487163.6,12.94520065634321,6.472600328171605,32.36300828400794,37.63333333333333,0.005987903899488778
645,Company_645,Finance,Middle East,2018,14511.3,3.5,8280.8,-3.6,39.2,82.1,27.8,7.8,181408.6,90704.3,453521.4,12.50119561996513,6.250597809982565,31.252982158731474,39.23333333333333,-0.035992586244693814
645,Company_645,Finance,Middle East,2019,14365.6,3.2,8300.6,-1.0,40.1,84.9,28.8,6.4,173961.5,86980.8,434903.8,12.109588182881327,6.054797571977502,30.273973937740156,40.03333333333334,-0.010040451234555103
645,Company_645,Finance,Middle East,2020,15528.2,7.0,8890.8,8.1,39.4,85.2,31.9,1.1,187379.0,93689.5,468447.4,12.067013562421916,6.033506781210958,30.167527466158344,39.4,0.08092944255722001
645,Company_645,Finance,Middle East,2021,16372.5,9.3,18548.9,5.4,40.7,84.9,33.2,3.9,198270.1,99135.0,495675.2,12.109946556726218,6.05497022446175,30.274863337914187,40.66666666666667,0.0543720456975052
645,Company_645,Finance,Middle East,2022,17782.8,9.5,26461.9,8.6,42.6,85.9,35.4,6.5,213045.8,106522.9,532614.5,11.980441775198507,5.9902208875992535,29.951104437996268,42.6,0.08613834173156198
645,Company_645,Finance,Middle East,2023,18044.3,6.2,20903.9,1.5,41.1,85.5,32.4,5.4,217176.9,108588.5,542942.3,12.035761985779443,6.0178837638478635,30.089407735406752,41.1,0.014705220775131034
645,Company_645,Finance,Middle East,2024,17539.8,6.3,9490.7,-2.8,40.7,84.7,30.6,6.8,213001.0,106500.5,532502.5,12.143867090844822,6.071933545422411,30.359667727112054,40.7,-0.0279589676518347
645,Company_645,Finance,Middle East,2025,18672.2,13.0,29909.9,6.5,40.2,84.9,29.1,6.7,226218.7,113109.3,565546.7,12.115267617099217,6.0576311307719495,30.28816636497038,40.233333333333334,0.06456173958654032
646,Company_646,Energy,Europe,2015,46160.7,-5.3,46132.5,12.3,75.4,44.4,88.6,93.1,41052431.1,12315729.3,410524311.0,889.3372739148238,266.80118152454367,8893.372739148237,75.36666666666666,
646,Company_646,Energy,Europe,2016,47017.5,-6.7,112607.0,1.9,75.2,45.4,88.2,91.9,41475303.5,12442591.1,414753035.3,882.1248152283724,264.6374456319455,8821.248158664328,75.16666666666667,0.018561243655317305
646,Company_646,Energy,Europe,2017,56726.5,-2.5,279577.5,20.6,75.6,48.1,84.2,94.6,48981809.7,14694542.9,489818097.1,863.4731509964479,259.0419451226499,8634.731511727323,75.63333333333334,0.20649758068804158
646,Company_646,Energy,Europe,2018,68193.4,4.8,64943.7,20.2,76.7,47.0,86.9,96.2,59385080.9,17815524.3,593850809.4,870.8332609900665,261.24997873694525,8708.332615766336,76.7,0.20214361894352728
646,Company_646,Energy,Europe,2019,73892.8,7.1,49971.6,8.4,77.7,45.8,89.3,98.1,65003612.5,19501083.8,650036125.4,879.7015744429768,263.910473009549,8797.015749843014,77.73333333333333,0.08357700305308158
646,Company_646,Energy,Europe,2020,78101.7,11.9,79013.8,5.7,79.6,49.8,90.4,98.6,66487061.5,19946118.5,664870615.1,851.2882754152599,255.38648326476888,8512.88275543298,79.6,0.05695954138968884
646,Company_646,Energy,Europe,2021,86045.3,13.4,186857.7,10.2,81.3,52.5,92.3,99.0,71616534.1,21484960.2,716165340.8,832.3119810146515,249.6935939557419,8323.119807822159,81.26666666666667,0.10170841351724746
646,Company_646,Energy,Europe,2022,88672.6,6.0,75729.7,3.1,84.4,55.6,97.5,100.0,71899823.3,21569947.0,718998233.1,810.8460031621943,243.2538010614327,8108.460032749688,84.36666666666666,0.03053391643703951
646,Company_646,Energy,Europe,2023,101403.9,7.3,147180.2,14.4,84.9,54.6,100.0,100.0,82947547.4,24884264.2,829475473.7,817.9916886825853,245.39750640754448,8179.916883867387,84.86666666666666,0.14357648247598465
646,Company_646,Energy,Europe,2024,116015.7,11.6,210231.9,14.4,85.1,56.2,100.0,99.2,93589580.8,28076874.2,935895808.1,806.6975486938405,242.00926426337125,8066.975487800359,85.13333333333333,0.14409504959868413
646,Company_646,Energy,Europe,2025,134253.3,11.6,300465.1,15.7,84.6,56.3,100.0,97.6,108229578.1,32468873.4,1082295780.8,806.1595364881161,241.84786072297666,8061.5953633914405,84.63333333333334,0.15719941352765177
647,Company_647,Energy,North America,2015,15830.0,10.5,31342.1,-11.0,55.8,32.0,58.8,76.6,15454759.6,4636427.9,154547595.7,976.2956159191408,292.88868603916615,9762.95614024005,55.79999999999999,
647,Company_647,Energy,North America,2016,13513.5,3.6,6287.2,-14.6,55.6,32.2,57.0,77.6,13167956.1,3950386.8,131679561.4,974.4297258297258,292.3289155289155,9744.297287897289,55.6,-0.14633607075173716
647,Company_647,Energy,North America,2017,14084.4,-3.2,30541.7,4.2,54.4,32.0,56.2,75.1,13750938.7,4125281.6,137509387.2,976.324067762915,292.89721961886914,9763.240691829258,54.43333333333334,0.04224664224664232
647,Company_647,Energy,North America,2018,12590.4,-0.5,50434.2,-10.6,54.5,32.2,56.4,74.8,12268370.7,3680511.2,122683706.7,974.4226315287838,292.32678866437925,9744.226291460162,54.46666666666666,-0.10607480616852694
647,Company_647,Energy,North America,2019,10735.2,-0.3,38370.6,-14.7,52.5,30.3,53.6,73.6,10601925.5,3180577.7,106019255.3,987.5852801997167,296.2755887174901,9875.852829942618,52.5,-0.14735036218070907
647,Company_647,Energy,North America,2020,8762.6,1.5,2484.4,-18.4,55.1,32.2,55.5,77.5,8539073.8,2561722.1,85390737.6,974.4908817017781,292.3472599456782,9744.908771369228,55.06666666666666,-0.18375065206051122
647,Company_647,Energy,North America,2021,8446.4,-4.5,38665.0,-3.6,55.4,33.0,54.5,78.7,8183385.8,2455015.7,81833857.8,968.8607927637811,290.65823309338896,9688.607903959084,55.4,-0.03608518019765827
647,Company_647,Energy,North America,2022,7401.2,0.1,50.8,-12.4,55.4,34.6,53.4,78.2,7090240.3,2127072.1,70902402.5,957.9852321245204,287.3955709884884,9579.852253688592,55.4,-0.1237450274673233
647,Company_647,Energy,North America,2023,6555.7,-1.3,17444.5,-11.4,55.6,36.1,54.3,76.4,6212435.8,1863730.7,62124357.7,947.6388181277362,284.2916393367604,9476.388135515659,55.6,-0.11423823163811275
647,Company_647,Energy,North America,2024,6034.1,-1.3,23799.7,-8.0,57.7,35.4,57.3,80.5,5746038.6,1723811.6,57460385.5,952.2610828458261,285.6783281682438,9522.610745595863,57.73333333333333,-0.07956434858214978
647,Company_647,Energy,North America,2025,5405.8,-4.2,16091.5,-10.4,60.2,40.2,57.9,82.6,4966634.6,1489990.4,49666346.4,918.7603314958008,275.62810314847013,9187.603388952606,60.23333333333333,-0.10412489020732174
648,Company_648,Utilities,Middle East,2015,303.8,7.8,267.0,0.75,17.4,7.3,9.4,35.4,279281.3,174550.8,2792812.8,919.2932850559578,574.5582620144831,9192.93219223173,17.366666666666664,
648,Company_648,Utilities,Middle East,2016,277.3,8.7,297.6,-8.7,19.1,8.5,12.4,36.3,252941.4,158088.4,2529414.2,912.1579516768842,570.0988099531194,9121.580238009376,19.066666666666666,-0.08722843976300199
648,Company_648,Utilities,Middle East,2017,280.2,9.0,297.1,1.1,20.0,10.9,10.0,39.0,251949.3,157468.3,2519492.5,899.1766595289079,561.9853675945753,8991.764810849394,19.966666666666665,0.010457987738910823
648,Company_648,Utilities,Middle East,2018,279.2,8.5,246.2,-0.4,17.8,7.0,9.6,36.7,257102.1,160688.8,2571020.6,920.8527936962752,575.5329512893983,9208.526504297995,17.76666666666667,-0.0035688793718772205
648,Company_648,Utilities,Middle East,2019,285.0,7.7,249.9,2.1,17.1,5.8,11.9,33.5,264247.4,165154.6,2642474.2,927.1838596491228,579.4898245614036,9271.839298245615,17.066666666666666,0.02077363896848139
648,Company_648,Utilities,Middle East,2020,264.2,6.9,257.1,-7.3,19.0,9.7,12.4,34.8,239204.4,149502.7,2392043.7,905.3913701741105,565.8694171082514,9053.9125662377,18.966666666666665,-0.07298245614035093
648,Company_648,Utilities,Middle East,2021,283.8,6.2,162.1,7.4,22.4,9.7,19.3,38.3,257047.1,160654.4,2570471.1,905.7332628611698,566.0831571529245,9057.332980972516,22.433333333333334,0.0741862225586678
648,Company_648,Utilities,Middle East,2022,264.6,7.1,163.2,-6.8,23.6,10.3,23.9,36.6,238764.1,149227.6,2387641.4,902.3586545729403,563.9743008314437,9023.588057445199,23.600000000000005,-0.06765327695560253
648,Company_648,Utilities,Middle East,2023,304.8,8.3,319.5,15.2,24.2,13.5,22.5,36.5,269522.7,168451.7,2695227.0,884.2608267716536,552.6630577427821,8842.608267716536,24.166666666666668,0.15192743764172323
648,Company_648,Utilities,Middle East,2024,306.0,10.8,271.8,0.4,26.1,13.9,25.9,38.6,269961.9,168726.2,2699619.0,882.228431372549,551.3928104575164,8822.28431372549,26.133333333333336,0.003937007874015741
648,Company_648,Utilities,Middle East,2025,332.1,11.2,389.6,8.5,25.7,13.2,24.7,39.3,294197.9,183873.7,2941979.0,885.8714242697982,553.6696778078892,8858.714242697983,25.73333333333333,0.08529411764705896
649,Company_649,Finance,Oceania,2015,8164.5,11.5,13183.4,8.45,80.7,88.9,75.1,77.9,94289.1,47144.5,235722.6,11.548668013962889,5.77432788290771,28.87165166268602,80.63333333333334,
649,Company_649,Finance,Oceania,2016,8344.1,11.4,14345.7,2.2,83.1,89.3,81.1,79.0,95956.0,47978.0,239890.1,11.49986217806594,5.74993108903297,28.74966742968085,83.13333333333333,0.021997672851981287
649,Company_649,Finance,Oceania,2017,9121.0,8.9,9203.1,9.3,81.6,86.5,80.4,77.8,108419.8,54209.9,271049.6,11.886832584146475,5.943416292073238,29.717092424076306,81.56666666666666,0.0931077048453397
649,Company_649,Finance,Oceania,2018,9751.0,6.1,6436.1,6.9,80.4,83.9,81.2,76.2,119552.3,59776.1,298880.6,12.26051687006461,6.130253307353092,30.651276792123884,80.43333333333334,0.06907137375287808
649,Company_649,Finance,Oceania,2019,10495.5,6.9,10651.6,7.6,79.4,82.6,80.6,75.0,130468.8,65234.4,326171.9,12.430927540374446,6.215463770187223,31.07730932304321,79.39999999999999,0.07635114347246441
649,Company_649,Finance,Oceania,2020,11842.0,5.6,8249.6,12.8,79.9,87.1,79.2,73.4,139880.7,69940.4,349701.9,11.812252997804427,5.906130721161966,29.530645161290323,79.9,0.12829307798580336
649,Company_649,Finance,Oceania,2021,11825.4,6.8,12286.9,-0.1,80.2,89.3,77.1,74.3,136047.7,68023.9,340119.3,11.504701743704231,5.752355100038899,28.76175858744736,80.23333333333333,-0.0014017902381354697
649,Company_649,Finance,Oceania,2022,11632.0,6.4,12458.9,-1.6,79.3,87.4,80.5,70.0,136782.0,68391.0,341955.1,11.759112792297111,5.879556396148556,29.39779057771664,79.3,-0.016354626481979384
649,Company_649,Finance,Oceania,2023,13413.5,7.2,18102.4,15.3,79.9,87.4,79.6,72.5,157731.8,78865.9,394329.4,11.759182912737167,5.879591456368583,29.397949826667165,79.83333333333333,0.1531550894085283
649,Company_649,Finance,Oceania,2024,14660.6,4.9,10719.9,9.3,81.4,92.8,79.7,71.6,161467.3,80733.6,403668.1,11.013689753488942,5.5068414662428555,27.534214152217505,81.36666666666666,0.0929734968501883
649,Company_649,Finance,Oceania,2025,16331.7,3.8,8345.7,11.4,81.4,94.1,80.0,70.2,176921.1,88460.6,442302.8,10.83298738037069,5.416496751715988,27.082471512457367,81.43333333333334,0.11398578502926204
650,Company_650,Healthcare,Asia,2015,2928.0,16.4,6022.3,0.8999999999999999,54.9,42.7,36.7,85.2,263934.1,263934.1,527868.3,90.14142759562841,90.14142759562841,180.28288934426232,54.866666666666674,
650,Company_650,Healthcare,Asia,2016,3002.6,18.0,12997.0,2.5,52.6,39.6,35.1,83.2,277135.2,277135.2,554270.4,92.29840804635982,92.29840804635982,184.59681609271965,52.63333333333333,0.025478142076502674
650,Company_650,Healthcare,Asia,2017,3207.5,18.5,10778.2,6.8,54.5,41.2,37.1,85.1,292351.3,292351.3,584702.6,91.14615744349182,91.14615744349182,182.29231488698363,54.46666666666667,0.06824085792313328
650,Company_650,Healthcare,Asia,2018,3014.3,20.8,14690.5,-6.0,55.0,43.7,37.3,83.9,269457.5,269457.5,538915.0,89.393059748532,89.393059748532,178.786119497064,54.96666666666667,-0.06023382696804358
650,Company_650,Healthcare,Asia,2019,3290.9,22.5,18474.4,9.2,56.7,44.4,38.6,87.1,292715.5,292715.5,585430.9,88.94694460481935,88.94694460481935,177.89385882281442,56.699999999999996,0.09176259828152467
650,Company_650,Healthcare,Asia,2020,3185.5,26.3,19950.2,-3.2,56.3,43.6,41.8,83.5,284984.3,284984.3,569968.5,89.4629728457071,89.4629728457071,178.9259142991681,56.300000000000004,-0.03202771278373695
650,Company_650,Healthcare,Asia,2021,3182.9,29.4,13420.6,-0.1,57.5,44.2,42.0,86.5,283527.9,283527.9,567055.8,89.07848188758679,89.07848188758679,178.15696377517358,57.56666666666666,-0.0008161983989953825
650,Company_650,Healthcare,Asia,2022,2940.8,29.2,10022.8,-7.6,57.4,44.8,40.8,86.6,260598.9,260598.9,521197.9,88.61496871599564,88.61496871599564,177.22997143634385,57.4,-0.07606271010713495
650,Company_650,Healthcare,Asia,2023,2997.2,29.5,11382.9,1.9,56.9,44.5,40.4,85.9,266293.6,266293.6,532587.2,88.84745762711864,88.84745762711864,177.6949152542373,56.93333333333334,0.019178454842219583
650,Company_650,Healthcare,Asia,2024,2803.2,27.5,13791.3,-6.5,57.2,42.5,42.0,87.1,252931.8,252931.8,505863.6,90.22966609589041,90.22966609589041,180.45933219178082,57.199999999999996,-0.06472707860669957
650,Company_650,Healthcare,Asia,2025,2996.5,27.3,16525.3,6.9,60.9,43.9,46.0,92.8,267561.9,267561.9,535123.9,89.29147338561656,89.29147338561656,178.58298014350075,60.9,0.06895690639269403
651,Company_651,Energy,Oceania,2015,26012.1,25.2,82842.0,-4.35,59.2,27.2,87.1,63.3,26263872.9,7879161.9,262638728.5,1009.6790685873112,302.9037217295028,10096.79066665129,59.199999999999996,
651,Company_651,Energy,Oceania,2016,22870.6,28.3,128043.4,-12.1,58.8,28.8,85.4,62.2,22830498.9,6849149.7,228304988.9,998.246609183843,299.47398406688063,9982.466087466006,58.800000000000004,-0.12077071824266394
651,Company_651,Energy,Oceania,2017,21097.3,21.9,74761.5,-7.8,59.2,30.1,85.9,61.6,20868587.0,6260576.1,208685869.9,989.159134107208,296.7477402321624,9891.591336332138,59.199999999999996,-0.07753622554720907
651,Company_651,Energy,Oceania,2018,21510.7,26.0,92147.4,2.0,59.6,29.4,87.2,62.2,21388188.6,6416456.6,213881885.9,994.3046297888958,298.2913898664385,9943.046293240108,59.6,0.0195949244690079
651,Company_651,Energy,Oceania,2019,21882.3,23.5,65743.0,1.7,58.8,26.9,89.3,60.3,22132752.9,6639825.9,221327528.6,1011.4454559164255,303.4336381458988,10114.454540884642,58.833333333333336,0.017275123543166737
651,Company_651,Energy,Oceania,2020,21505.2,22.5,45306.0,-1.7,58.4,26.1,88.1,61.1,21879675.5,6563902.7,218796755.5,1017.413253538679,305.2239783866228,10174.13255863698,58.43333333333333,-0.01723310620912788
651,Company_651,Energy,Oceania,2021,20711.8,21.8,61791.5,-3.7,58.1,26.8,88.4,59.0,20968115.2,6290434.6,209681152.2,1012.375322280053,303.7125986152821,10123.75323245686,58.06666666666666,-0.03689340252590079
651,Company_651,Energy,Oceania,2022,19671.8,27.9,91593.9,-5.0,58.3,26.1,87.1,61.7,20009207.3,6002762.2,200092072.6,1017.1518264724124,305.1455484500656,10171.518244390447,58.29999999999999,-0.05021292210237638
651,Company_651,Energy,Oceania,2023,19084.5,20.9,42253.4,-3.0,58.7,27.4,85.9,62.6,19239512.2,5771853.7,192395122.4,1008.1224134769053,302.43672613901333,10081.22415572847,58.63333333333333,-0.029854919224473586
651,Company_651,Energy,Oceania,2024,15949.4,14.9,19033.0,-16.4,57.1,27.5,84.4,59.3,16067444.1,4820233.2,160674441.5,1007.4011624261727,302.22034684690334,10074.01165561087,57.06666666666666,-0.16427467316408606
651,Company_651,Energy,Oceania,2025,13587.0,19.8,34993.9,-14.8,58.3,27.4,87.0,60.7,13701469.0,4110440.7,137014690.3,1008.4248914403474,302.52746743210423,10084.248936483404,58.366666666666674,-0.14811842451753665
652,Company_652,Finance,Latin America,2015,2953.4,19.6,9244.3,7.35,43.3,87.5,25.5,16.7,34690.9,17345.4,86727.2,11.746089253064264,5.873027696891718,29.365206203020247,43.23333333333333,
652,Company_652,Finance,Latin America,2016,3123.1,23.6,13713.7,5.7,43.2,86.0,28.0,15.5,37338.3,18669.2,93345.8,11.95552495917518,5.977778489321508,29.888828407671866,43.166666666666664,0.05745919956660117
652,Company_652,Finance,Latin America,2017,3073.4,26.8,15717.7,-1.6,43.7,86.4,29.2,15.5,36591.6,18295.8,91479.0,11.905902258085508,5.952951129042754,29.764755645213768,43.70000000000001,-0.0159136755147129
652,Company_652,Finance,Latin America,2018,3509.7,27.4,17483.6,14.2,44.9,90.6,27.8,16.3,39719.6,19859.8,99299.1,11.31709262899963,5.658546314499815,28.29276006496282,44.9,0.141960044250667
652,Company_652,Finance,Latin America,2019,3826.0,23.0,8571.5,9.0,44.7,90.2,27.5,16.4,43526.4,21763.2,108816.0,11.376476738107685,5.688238369053843,28.44119184526921,44.699999999999996,0.09012166282018419
652,Company_652,Finance,Latin America,2020,4233.9,23.9,13293.7,10.7,44.9,90.9,28.7,15.3,47708.5,23854.3,119271.3,11.268216065566028,5.634119842225844,28.1705519733579,44.96666666666667,0.10661265028750644
652,Company_652,Finance,Latin America,2021,4778.6,26.0,10487.9,12.9,43.8,88.7,28.0,14.8,55361.4,27680.7,138403.5,11.585276022265935,5.792638011132968,28.963190055664835,43.833333333333336,0.12865207019532843
652,Company_652,Finance,Latin America,2022,5479.2,24.6,25492.7,14.7,44.4,90.9,27.2,15.1,61770.3,30885.2,154425.8,11.273598335523435,5.6368082931814865,28.184004964228354,44.400000000000006,0.14661197840371654
652,Company_652,Finance,Latin America,2023,5626.5,21.8,18246.6,2.7,42.2,89.6,24.7,12.3,64455.9,32228.0,161139.8,11.455771794188216,5.727894783613259,28.63943837198969,42.199999999999996,0.026883486640385534
652,Company_652,Finance,Latin America,2024,5807.1,19.3,18927.8,3.2,43.3,92.3,24.4,13.3,64323.9,32161.9,160809.7,11.076768094229477,5.538375436965095,27.69191162542405,43.333333333333336,0.03209810717142103
652,Company_652,Finance,Latin America,2025,6030.1,16.8,8534.3,3.8,44.4,97.1,24.4,11.8,62755.0,31377.5,156887.4,10.406958425233412,5.203479212616706,26.017379479610618,44.43333333333334,0.03840126741402772
653,Company_653,Energy,North America,2015,135.6,10.5,222.8,-11.1,57.3,20.9,85.1,65.8,142827.5,42848.2,1428274.7,1053.3001474926255,315.98967551622417,10532.999262536874,57.26666666666667,
653,Company_653,Energy,North America,2016,134.1,4.4,70.5,-1.1,57.7,22.2,86.3,64.6,140079.1,42023.7,1400791.4,1044.5868754660703,313.3758389261745,10445.871737509322,57.699999999999996,-0.011061946902654829
653,Company_653,Energy,North America,2017,119.2,4.2,79.8,-11.1,57.7,23.0,87.3,62.9,123875.4,37162.6,1238754.0,1039.223154362416,311.7667785234899,10392.23154362416,57.73333333333333,-0.11111111111111105
653,Company_653,Energy,North America,2018,92.4,2.0,35.8,-22.5,57.9,25.0,90.6,58.2,94723.2,28417.0,947231.8,1025.142857142857,307.54329004329,10251.426406926406,57.93333333333334,-0.22483221476510062
653,Company_653,Energy,North America,2019,82.2,6.3,100.5,-11.1,60.2,27.9,92.2,60.5,82571.8,24771.5,825718.0,1004.5231143552312,301.35644768856446,10045.231143552312,60.199999999999996,-0.11038961038961037
653,Company_653,Energy,North America,2020,76.2,13.1,131.9,-7.3,61.4,30.6,90.6,62.9,75164.2,22549.3,751641.9,986.4068241469815,295.92257217847765,9864.066929133858,61.36666666666667,-0.07299270072992703
653,Company_653,Energy,North America,2021,68.9,24.3,314.5,-9.6,64.3,33.4,94.5,65.0,66598.0,19979.4,665979.8,966.5892597968069,289.9767779390421,9665.88969521045,64.3,-0.09580052493438318
653,Company_653,Energy,North America,2022,58.4,18.8,207.3,-15.3,64.4,35.5,93.1,64.5,55553.1,16665.9,555530.6,951.2517123287671,285.37500000000006,9512.510273972603,64.36666666666666,-0.1523947750362845
653,Company_653,Energy,North America,2023,51.9,18.5,163.5,-11.1,65.3,36.0,94.6,65.3,49214.5,14764.3,492144.6,948.2562620423893,284.47591522157995,9482.554913294798,65.3,-0.11130136986301375
653,Company_653,Energy,North America,2024,42.5,27.5,169.5,-18.2,65.1,36.7,93.0,65.6,40057.2,12017.2,400572.0,942.5223529411765,282.7576470588235,9425.223529411765,65.1,-0.18111753371868977
653,Company_653,Energy,North America,2025,35.9,29.5,103.3,-15.6,67.4,41.1,94.4,66.6,32738.4,9821.5,327383.8,911.9331476323121,273.57938718662956,9119.325905292479,67.36666666666666,-0.1552941176470588
654,Company_654,Energy,Oceania,2015,3075.8,19.0,7781.5,-4.550000000000001,55.5,59.7,38.2,68.6,2404820.1,721446.0,24048200.8,781.851908446583,234.55556278041485,7818.519019442097,55.5,
654,Company_654,Energy,Oceania,2016,2948.3,21.8,11207.5,-4.1,56.0,59.2,39.4,69.3,2316491.0,694947.3,23164909.9,785.7039649967777,235.71118949903334,7857.039616049926,55.96666666666666,-0.04145263021002665
654,Company_654,Energy,Oceania,2017,2532.2,23.7,8054.6,-14.1,57.2,60.3,39.3,72.0,1969096.6,590729.0,19690965.6,777.6228575941869,233.28686517652636,7776.228417976465,57.199999999999996,-0.1411321778652106
654,Company_654,Energy,Oceania,2018,2414.2,31.7,7956.1,-4.7,57.8,63.7,37.6,72.0,1819765.5,545929.6,18197655.0,753.7757849391103,226.13271477093863,7537.757849391103,57.76666666666667,-0.04659979464497277
654,Company_654,Energy,Oceania,2019,2354.1,20.7,4529.5,-2.5,61.1,69.1,38.3,75.7,1685535.8,505660.7,16855357.6,716.0000849581581,214.80000849581583,7160.000679665266,61.03333333333333,-0.024894374948222997
654,Company_654,Energy,Oceania,2020,2033.6,15.0,4419.4,-13.6,60.9,69.4,37.7,75.5,1452052.8,435615.8,14520527.7,714.0306845003935,214.2091856805665,7140.306697482298,60.866666666666674,-0.1361454483666794
654,Company_654,Energy,Oceania,2021,1943.8,4.0,800.5,-4.4,62.3,72.4,39.9,74.6,1347995.5,404398.6,13479954.6,693.4846692046507,208.0453750385842,6934.8464862640185,62.300000000000004,-0.0441581431943352
654,Company_654,Energy,Oceania,2022,1787.5,-0.7,6025.0,-8.0,63.3,72.3,39.1,78.3,1240110.4,372033.1,12401103.5,693.7680559440558,208.13040559440557,6937.68027972028,63.23333333333333,-0.08040950715094142
654,Company_654,Energy,Oceania,2023,1496.5,3.6,664.8,-16.3,63.0,70.1,40.9,78.0,1061713.4,318514.0,10617133.8,709.4643501503508,212.83929168058805,7094.643367858336,63.0,-0.16279720279720278
654,Company_654,Energy,Oceania,2024,1473.8,2.6,452.9,-1.5,64.0,69.8,41.5,80.5,1048783.6,314635.1,10487836.3,711.6186728185644,213.4856154159316,7116.186931741078,63.93333333333334,-0.01516872702973604
654,Company_654,Energy,Oceania,2025,1441.7,5.4,1182.8,-2.2,63.6,67.1,44.4,79.4,1053292.9,315987.9,10532929.2,730.5908996323784,219.17729069848096,7305.9091350489,63.63333333333333,-0.02178043153752196
655,Company_655,Finance,Middle East,2015,1959.9,23.6,6703.5,10.55,44.4,88.7,22.7,21.8,22693.1,11346.5,56732.7,11.578702995050767,5.789325986019694,28.946731976121228,44.400000000000006,
655,Company_655,Finance,Middle East,2016,2209.4,23.0,10011.2,12.7,44.7,90.1,21.3,22.5,25145.3,12572.7,62863.3,11.381053679732053,5.690549470444465,28.452656829908573,44.633333333333326,0.12730241338843817
655,Company_655,Finance,Middle East,2017,2641.6,24.9,8649.6,19.6,43.8,88.4,20.2,22.7,30708.6,15354.3,76771.5,11.625,5.8125,29.0625,43.76666666666667,0.19561872001448344
655,Company_655,Finance,Middle East,2018,2869.5,23.5,11484.4,8.6,44.0,90.5,19.5,22.1,32496.4,16248.2,81240.9,11.324760411221467,5.6623802056107335,28.31186617877679,44.03333333333333,0.08627347062386437
655,Company_655,Finance,Middle East,2019,2893.7,26.3,10353.1,0.8,43.3,90.3,19.9,19.6,32868.5,16434.3,82171.3,11.358641186024814,5.679337871928673,28.3966202439783,43.26666666666666,0.008433525004356124
655,Company_655,Finance,Middle East,2020,2927.3,27.4,11082.1,1.2,44.8,92.4,22.4,19.8,32396.6,16198.3,80991.6,11.06705838144365,5.533529190721825,27.66768011478154,44.866666666666674,0.011611431731001876
655,Company_655,Finance,Middle East,2021,3275.0,21.4,6137.3,11.9,48.5,96.6,26.7,22.1,34316.8,17158.4,85791.9,10.478412213740459,5.239206106870229,26.195999999999998,48.46666666666667,0.118778396474567
655,Company_655,Finance,Middle East,2022,3698.8,21.3,13300.0,12.9,47.8,97.7,26.1,19.7,38187.4,19093.7,95468.4,10.324267329944847,5.162133664972424,25.810641289066723,47.833333333333336,0.12940458015267176
655,Company_655,Finance,Middle East,2023,4140.6,20.6,13841.5,11.9,49.4,98.5,28.1,21.7,42281.2,21140.6,105702.9,10.211370332802007,5.1056851664010034,25.528401680915806,49.43333333333333,0.11944414404671799
655,Company_655,Finance,Middle East,2024,4183.3,19.2,13796.7,1.0,50.5,98.7,29.2,23.7,42619.1,21309.5,106547.7,10.187913847919106,5.093944971673081,25.469772667511293,50.53333333333333,0.010312515094430763
655,Company_655,Finance,Middle East,2025,4569.2,20.0,14780.4,9.2,51.0,98.8,29.5,24.6,46450.4,23225.2,116126.1,10.165980915696403,5.082990457848202,25.41497417491027,50.96666666666667,0.09224774699399996
656,Company_656,Finance,Latin America,2015,1457.5,12.9,2385.0,2.6500000000000004,72.0,99.9,64.8,51.3,14590.2,7295.1,36475.6,10.010428816466552,5.005214408233276,25.02614065180103,72.0,
656,Company_656,Finance,Latin America,2016,1407.6,13.4,3331.0,-3.4,73.2,100.0,65.2,54.5,14076.0,7038.0,35190.0,10.0,5.0,25.0,73.23333333333333,-0.03423670668953693
656,Company_656,Finance,Latin America,2017,1312.4,16.6,2276.4,-6.8,72.6,100.0,60.7,57.2,13123.5,6561.8,32808.8,9.999619018591892,4.999847607436757,24.999085644620543,72.63333333333333,-0.06763285024154575
656,Company_656,Finance,Latin America,2018,1376.8,13.0,3463.7,4.9,72.0,100.0,58.2,57.8,13767.7,6883.9,34419.4,9.99978210342824,4.999927367809413,24.99956420685648,72.0,0.04907040536421814
656,Company_656,Finance,Latin America,2019,1544.0,15.9,2465.1,12.1,71.8,98.5,59.4,57.6,15766.0,7883.0,39415.1,10.211139896373057,5.105569948186528,25.52791450777202,71.83333333333333,0.12144102266124346
656,Company_656,Finance,Latin America,2020,1608.6,12.1,2836.8,4.2,73.1,100.0,60.5,58.7,16085.7,8042.8,40214.1,9.99981350242447,4.9998756682829795,24.999440507273405,73.06666666666666,0.04183937823834194
656,Company_656,Finance,Latin America,2021,1828.4,12.9,1970.5,13.7,71.0,96.7,59.6,56.6,19121.8,9560.9,47804.5,10.458214832640559,5.2291074163202795,26.1455370816014,70.96666666666667,0.13664055700609246
656,Company_656,Finance,Latin America,2022,1848.1,12.3,1961.0,1.1,70.9,96.2,59.8,56.7,19456.3,9728.2,48640.8,10.527731183377522,5.263892646501813,26.31935501325686,70.89999999999999,0.010774447604462889
656,Company_656,Finance,Latin America,2023,1727.4,9.1,2987.4,-6.5,69.7,93.0,60.9,55.3,18969.0,9484.5,47422.5,10.981243487321986,5.490621743660993,27.453108718304964,69.73333333333333,-0.0653103187056977
656,Company_656,Finance,Latin America,2024,1731.4,8.4,1843.9,0.2,68.8,90.2,59.4,57.0,19700.2,9850.1,49250.6,11.378191059258404,5.689095529629202,28.445535404874665,68.86666666666666,0.0023156188491373353
656,Company_656,Finance,Latin America,2025,1873.1,7.9,1924.1,8.2,69.6,90.6,61.8,56.4,21189.8,10594.9,52974.5,11.312690192728631,5.656345096364316,28.28172548182158,69.6,0.08184128450964523
657,Company_657,Manufacturing,Europe,2015,350.2,16.7,473.6,3.0999999999999996,63.9,40.1,93.2,58.5,96600.2,128800.2,1610002.7,275.8429468874929,367.7904054825814,4597.380639634494,63.93333333333334,
657,Company_657,Manufacturing,Europe,2016,405.5,14.9,788.5,15.8,63.9,40.6,92.6,58.5,111455.7,148607.5,1857594.2,274.85992601726264,366.47965474722565,4580.996794081381,63.9,0.1579097658480868
657,Company_657,Manufacturing,Europe,2017,415.4,18.4,1563.8,2.4,64.1,40.6,91.3,60.4,114116.9,152155.9,1901948.8,274.7156957149735,366.28767453057293,4578.5960519980745,64.10000000000001,0.02441430332922323
657,Company_657,Manufacturing,Europe,2018,425.5,15.5,858.8,2.4,65.3,41.7,92.0,62.2,115963.8,154618.3,1932729.3,272.53537015276146,363.3802585193889,4542.254524089307,65.3,0.024313914299470385
657,Company_657,Manufacturing,Europe,2019,465.6,12.2,648.2,9.4,66.3,43.4,94.5,61.0,125178.4,166904.6,2086307.3,268.85395189003435,358.47207903780065,4480.900558419244,66.3,0.09424206815511171
657,Company_657,Manufacturing,Europe,2020,440.1,8.5,625.8,-5.5,65.3,42.4,93.7,59.7,119256.1,159008.1,1987600.9,270.97500568052715,361.2999318336742,4516.248352647125,65.26666666666667,-0.05476804123711343
657,Company_657,Manufacturing,Europe,2021,456.7,6.6,269.8,3.8,68.0,44.7,97.3,62.0,121514.6,162019.5,2025243.1,266.0709437267353,354.7613312896869,4434.515217867309,68.0,0.037718700295387375
657,Company_657,Manufacturing,Europe,2022,481.6,5.9,229.6,5.4,69.4,48.1,97.6,62.6,124680.9,166241.1,2078014.2,258.8889119601329,345.18500830564784,4314.81353820598,69.43333333333332,0.054521567768776036
657,Company_657,Manufacturing,Europe,2023,505.0,1.4,65.8,4.9,70.9,46.8,100.0,65.8,132148.6,176198.1,2202476.6,261.680396039604,348.9071287128713,4361.339801980198,70.86666666666667,0.04858803986710969
657,Company_657,Manufacturing,Europe,2024,486.9,-2.0,630.8,-3.6,71.6,46.8,100.0,68.0,127438.6,169918.1,2123976.8,261.7346477716164,348.9794619018279,4362.244403368248,71.60000000000001,-0.03584158415841587
657,Company_657,Manufacturing,Europe,2025,492.6,-4.6,2366.7,1.2,72.7,47.9,100.0,70.1,127784.9,170379.8,2129747.7,259.40905399918796,345.87860332927323,4323.482947624848,72.66666666666667,0.011706715958102354
658,Company_658,Utilities,North America,2015,1792.6,11.6,2978.3,5.5,54.3,60.0,47.4,55.5,1118870.4,699294.0,11188703.6,624.1606604931385,390.10041280821156,6241.606381791811,54.300000000000004,
658,Company_658,Utilities,North America,2016,1745.8,11.9,2162.1,-2.6,56.2,57.9,48.8,61.9,1110010.0,693756.2,11100099.6,635.8173903081682,397.3858403024401,6358.173673960362,56.199999999999996,-0.02610733013499944
658,Company_658,Utilities,North America,2017,1856.4,12.4,2137.1,6.3,56.8,58.8,48.1,63.4,1170799.5,731749.7,11707995.2,630.6827731092436,394.17673992673986,6306.827838827838,56.76666666666667,0.06335204490777868
658,Company_658,Utilities,North America,2018,1940.5,14.2,4067.3,4.5,57.9,60.8,46.8,66.1,1201691.6,751057.2,12016915.7,619.2690543674311,387.0431332130894,6192.69038907498,57.9,0.045302736479206906
658,Company_658,Utilities,North America,2019,2171.7,13.7,3086.2,11.9,58.2,60.7,49.6,64.2,1346410.1,841506.3,13464101.5,619.9797854215592,387.48736013261504,6199.798084449971,58.166666666666664,0.11914455037361504
658,Company_658,Utilities,North America,2020,2071.8,13.9,2753.1,-4.6,59.2,61.5,48.3,67.8,1275062.8,796914.2,12750627.8,615.4372043633555,384.6482285934935,6154.371947099141,59.199999999999996,-0.046000828843762775
658,Company_658,Utilities,North America,2021,2442.5,15.1,3099.6,17.9,58.3,64.4,45.9,64.7,1464037.5,915023.5,14640375.4,599.4012282497441,374.6257932446264,5994.012446264074,58.333333333333336,0.17892653731055108
658,Company_658,Utilities,North America,2022,2556.7,17.1,5930.2,4.7,58.5,65.2,44.7,65.6,1521016.6,950635.4,15210165.7,594.9139906911254,371.82125396018307,5949.139789572496,58.5,0.04675537359263049
658,Company_658,Utilities,North America,2023,2888.8,13.7,3335.5,13.0,60.6,66.9,46.0,69.1,1691308.1,1057067.5,16913080.7,585.4708183328718,365.91923982276376,5854.708079479368,60.666666666666664,0.12989400398951778
658,Company_658,Utilities,North America,2024,3004.1,14.8,4795.3,4.0,61.9,67.7,43.1,75.0,1744666.5,1090416.6,17446665.1,580.7617922173031,362.97613261875443,5807.617955460871,61.93333333333334,0.03991276654666298
658,Company_658,Utilities,North America,2025,3433.2,13.2,4562.5,14.3,63.6,70.5,43.1,77.3,1941068.2,1213167.6,19410681.5,565.3816264709309,353.36350926249565,5653.816119072586,63.633333333333326,0.14283812123431305
659,Company_659,Technology,Middle East,2015,3833.4,17.6,12883.9,7.95,42.6,75.7,19.8,32.3,128408.5,77045.1,256817.0,33.49728700370428,20.09837220222257,66.99457400740856,42.6,
659,Company_659,Technology,Middle East,2016,3635.1,17.2,14654.5,-5.2,44.3,77.0,21.1,34.7,120184.0,72110.4,240368.0,33.06208907595389,19.837253445572337,66.12417815190778,44.26666666666667,-0.05172953513851941
659,Company_659,Technology,Middle East,2017,3584.2,18.9,14952.4,-1.4,45.8,77.8,23.9,35.7,117429.3,70457.6,234858.5,32.76304335695553,19.657831594219076,65.52605881368227,45.79999999999999,-0.01400236582212322
659,Company_659,Technology,Middle East,2018,3925.3,20.7,24660.9,9.5,45.4,79.2,22.7,34.2,126698.1,76018.9,253396.3,32.27730364558123,19.366392377652662,64.55463276692227,45.366666666666674,0.09516768037497925
659,Company_659,Technology,Middle East,2019,4471.7,19.9,29138.1,13.9,45.2,83.4,21.3,30.8,137709.9,82625.9,275419.8,30.795871816087843,18.4775141445088,61.591743632175685,45.166666666666664,0.13919955162662712
659,Company_659,Technology,Middle East,2020,5320.3,19.9,22013.8,19.0,45.8,84.7,20.8,31.7,161443.7,96866.2,322887.5,30.34484897468188,18.206905625622614,60.689716745296316,45.73333333333333,0.18977122794462975
659,Company_659,Technology,Middle East,2021,6382.9,22.5,50007.5,20.0,44.7,82.8,17.8,33.6,197968.8,118781.3,395937.5,31.01549452443247,18.609299848031462,62.03097338200505,44.73333333333333,0.1997255793846211
659,Company_659,Technology,Middle East,2022,6788.4,24.3,33455.0,6.4,44.7,80.7,17.9,35.5,215462.6,129277.6,430925.2,31.739820870897415,19.04389841494314,63.47964174179483,44.699999999999996,0.06352911685910789
659,Company_659,Technology,Middle East,2023,7130.5,28.4,38276.5,5.0,46.5,84.3,17.9,37.4,217422.2,130453.3,434844.4,30.491858915924553,18.295112544702334,60.983717831849106,46.53333333333333,0.05039479111425371
659,Company_659,Technology,Middle East,2024,8101.6,29.2,63793.9,13.6,46.0,84.3,18.2,35.4,247097.1,148258.3,494194.3,30.499790164905697,18.29987903623975,60.999592673052234,45.96666666666667,0.13618960802187785
659,Company_659,Technology,Middle East,2025,8177.9,33.0,78802.9,0.9,46.3,86.0,16.3,36.7,244386.9,146632.1,488773.8,29.88382102984874,17.930287726678,59.76764205969748,46.333333333333336,0.009417892761923508
660,Company_660,Consumer Goods,Africa,2015,1897.4,17.4,6707.3,5.4,27.2,18.5,41.2,22.0,406226.9,507783.6,2031134.5,214.0966058817329,267.62074417624115,1070.4830294086644,27.233333333333334,
660,Company_660,Consumer Goods,Africa,2016,1950.0,15.0,6215.5,2.8,29.1,20.3,45.9,21.1,412693.8,515867.3,2063469.2,211.63784615384614,264.5473333333333,1058.1893333333333,29.100000000000005,0.02772214609465573
660,Company_660,Consumer Goods,Africa,2017,2011.5,16.2,5037.4,3.2,28.7,21.3,46.7,18.1,422885.1,528606.4,2114425.4,210.23370618941087,262.79214516529953,1051.1684812329106,28.7,0.031538461538461515
660,Company_660,Consumer Goods,Africa,2018,2224.6,16.3,5021.4,10.6,27.0,16.9,48.3,15.8,481210.9,601513.6,2406054.5,216.3134496089185,270.3918007731727,1081.5672480445924,26.999999999999996,0.10594084016902805
660,Company_660,Consumer Goods,Africa,2019,2412.0,13.6,6774.5,8.4,27.9,19.2,47.2,17.3,514088.7,642610.9,2570443.5,213.1379353233831,266.42242951907133,1065.6896766169154,27.900000000000002,0.08423986334621958
660,Company_660,Consumer Goods,Africa,2020,2530.6,13.6,6606.9,4.9,27.5,19.0,46.5,17.2,540114.1,675142.6,2700570.5,213.43321741879396,266.7915118944124,1067.1660870939697,27.566666666666666,0.049170812603648306
660,Company_660,Consumer Goods,Africa,2021,2607.0,16.4,8459.4,3.0,30.3,21.3,51.1,18.5,548092.2,685115.2,2740460.9,210.238665132336,262.7983122362869,1051.1932873034139,30.3,0.030190468663558123
660,Company_660,Consumer Goods,Africa,2022,2515.3,18.4,5969.6,-3.5,29.1,21.2,50.6,15.5,529126.0,661407.5,2645630.2,210.36297857114457,262.95372321393074,1051.814972369101,29.099999999999998,-0.035174530111238944
660,Company_660,Consumer Goods,Africa,2023,2871.2,20.3,8786.9,14.2,28.3,19.0,51.2,14.6,612745.4,765931.7,3063726.8,213.41090833101146,266.7636179994427,1067.0544719977709,28.266666666666666,0.1414940563749849
660,Company_660,Consumer Goods,Africa,2024,3208.3,19.5,7082.2,11.7,29.8,17.2,52.7,19.5,692876.2,866095.3,3464381.1,215.96365676526506,269.95458654115885,1079.8183149954805,29.8,0.11740735580941775
660,Company_660,Consumer Goods,Africa,2025,3396.3,21.2,14109.3,5.9,30.9,20.5,52.5,19.7,717574.3,896967.8,3587871.3,211.28118835203014,264.1014633571828,1056.4058828725376,30.900000000000002,0.058598011407910766
661,Company_661,Retail,Europe,2015,1697.8,6.7,1619.6,2.45,78.0,52.1,94.3,87.6,141832.9,70916.4,283665.8,83.5392272352456,41.769584167746494,167.0784544704912,78.0,
661,Company_661,Retail,Europe,2016,1813.6,6.0,1657.6,6.8,76.4,50.1,90.8,88.3,153999.9,77000.0,307999.8,84.913928098809,42.45699161887958,169.827856197618,76.39999999999999,0.06820591353516314
661,Company_661,Retail,Europe,2017,1866.3,6.7,2933.3,2.9,75.0,48.5,90.0,86.5,160592.4,80296.2,321184.7,86.04854524995982,43.02427262497991,172.09703691796605,75.0,0.029058226731363046
661,Company_661,Retail,Europe,2018,1874.5,6.8,2160.4,0.4,74.6,47.4,91.0,85.5,162739.2,81369.6,325478.5,86.81739130434784,43.40869565217392,173.634835956255,74.63333333333334,0.004393720195038364
661,Company_661,Retail,Europe,2019,1935.7,8.6,3444.6,3.3,74.9,46.4,93.3,85.1,169388.2,84694.1,338776.5,87.5074649997417,43.75373249987085,175.01498166038127,74.93333333333332,0.032648706321685816
661,Company_661,Retail,Europe,2020,1973.8,10.5,2625.1,2.0,76.7,47.5,95.6,86.9,171171.0,85585.5,342341.9,86.72155233559631,43.36077616779816,173.44305400749823,76.66666666666667,0.01968280208710027
661,Company_661,Retail,Europe,2021,1930.3,9.5,2542.2,-2.2,78.1,50.1,96.7,87.5,163969.9,81984.9,327939.8,84.94529347769776,42.472620836139455,169.89058695539552,78.10000000000001,-0.02203870706251898
661,Company_661,Retail,Europe,2022,2011.7,10.8,3003.1,4.2,77.6,47.4,95.3,90.1,174597.5,87298.8,349195.1,86.79102251826814,43.39553611373465,173.5820947457374,77.6,0.04216961094130456
661,Company_661,Retail,Europe,2023,1878.2,8.3,3651.5,-6.6,76.9,47.0,94.6,89.1,163651.7,81825.8,327303.3,87.13220104355234,43.566073900543074,174.26434884463848,76.89999999999999,-0.06636178356613809
661,Company_661,Retail,Europe,2024,1891.5,7.9,1939.3,0.7,77.0,50.6,92.7,87.5,159917.0,79958.5,319833.9,84.5450700502247,42.27253502511235,169.09008723235527,76.93333333333334,0.007081248003407481
661,Company_661,Retail,Europe,2025,1973.9,10.2,4889.2,4.4,76.3,48.8,90.5,89.5,169438.6,84719.3,338877.1,85.83950554739349,42.91975277369674,171.67896043365923,76.26666666666667,0.04356330954269105
662,Company_662,Finance,Middle East,2015,12460.3,5.2,9256.4,6.5,55.2,95.7,20.6,49.4,132064.2,66032.1,330160.6,10.598797781754856,5.299398890877428,26.497002479876087,55.23333333333334,
662,Company_662,Finance,Middle East,2016,13128.1,0.5,594.3,5.4,55.4,96.7,21.4,48.0,137315.0,68657.5,343287.4,10.459624774339012,5.229812387169506,26.14905431859904,55.36666666666667,0.0535942152275628
662,Company_662,Finance,Middle East,2017,13184.1,-1.2,25418.7,0.4,58.0,100.0,21.5,52.4,131840.8,65920.4,329602.1,9.999984830212147,4.999992415106074,24.999969660424295,57.96666666666667,0.004265659158598778
662,Company_662,Finance,Middle East,2018,14254.0,0.1,130.7,8.1,58.0,100.0,22.8,51.2,142540.2,71270.1,356350.6,10.000014031149153,5.000007015574576,25.00004209344745,58.0,0.08115078010634025
662,Company_662,Finance,Middle East,2019,16190.4,0.5,914.4,13.6,59.5,100.0,24.4,54.2,161904.0,80952.0,404760.0,10.0,5.0,25.0,59.53333333333334,0.13584958608109998
662,Company_662,Finance,Middle East,2020,18114.3,-0.3,65397.3,11.9,59.4,97.3,25.7,55.3,187970.5,93985.2,469926.2,10.376912163318483,5.188453321409052,25.94227764804602,59.43333333333334,0.11882967684553813
662,Company_662,Finance,Middle East,2021,18539.5,-0.9,89156.0,2.3,60.6,97.3,26.8,57.8,192413.8,96206.9,481034.5,10.378586261765419,5.189293130882709,25.94646565441355,60.633333333333326,0.02347316760791207
662,Company_662,Finance,Middle East,2022,18705.6,-0.4,37330.5,0.9,60.6,98.3,27.2,56.2,191633.9,95816.9,479084.7,10.244734197245744,5.12236442562655,25.611832820118043,60.56666666666666,0.008959249170689576
662,Company_662,Finance,Middle East,2023,21109.5,-0.9,10710.9,12.9,61.1,99.4,28.8,55.0,212877.9,106438.9,532194.7,10.084459603496056,5.042227433146214,25.211146640138324,61.06666666666667,0.1285123171670517
662,Company_662,Finance,Middle East,2024,20181.4,-0.0,57621.6,-4.4,61.3,100.0,29.6,54.4,201814.1,100907.0,504535.2,10.000004955057626,5.0,25.000009910115253,61.333333333333336,-0.04396598687794584
662,Company_662,Finance,Middle East,2025,21719.8,-1.3,21150.9,7.6,61.6,97.9,31.9,55.1,223514.5,111757.3,558786.3,10.29081759500548,5.14541109954972,25.72704628956068,61.63333333333333,0.0762286065386939
663,Company_663,Finance,Asia,2015,8939.0,17.1,12845.0,10.600000000000001,63.5,98.6,71.1,20.8,91200.5,45600.3,228001.3,10.202539433941157,5.101275310437409,25.50635417831972,63.5,
663,Company_663,Finance,Asia,2016,10340.4,13.9,16715.7,15.7,64.8,97.9,73.8,22.8,106499.3,53249.7,266248.3,10.299340451046382,5.149675060926076,25.748355963018838,64.83333333333333,0.1567736883320281
663,Company_663,Finance,Asia,2017,13016.6,12.6,22618.3,25.9,64.2,94.4,75.3,22.8,140391.4,70195.7,350978.5,10.785566123257993,5.392783061628997,26.963915308144983,64.16666666666667,0.2588101040578701
663,Company_663,Finance,Asia,2018,13494.8,13.1,26766.8,3.7,66.1,96.1,77.6,24.5,142283.3,71141.7,355708.4,10.543564928713282,5.271786169487506,26.358923437175804,66.06666666666666,0.036737704162377094
663,Company_663,Finance,Asia,2019,14510.2,11.4,20883.4,7.5,67.2,98.8,78.3,24.5,147577.3,73788.7,368943.3,10.17059034334468,5.085298617524224,25.426479304213586,67.2,0.0752437976109317
663,Company_663,Finance,Asia,2020,16579.2,10.3,31117.8,14.3,66.6,100.0,75.2,24.5,165791.9,82896.0,414479.9,9.999993968345878,5.0,24.99999396834588,66.56666666666666,0.14258935093933922
663,Company_663,Finance,Asia,2021,18298.9,14.4,42802.3,10.4,66.9,100.0,75.8,24.9,182989.3,91494.6,457473.2,10.000016394428078,5.00000546480936,25.00003825366552,66.9,0.10372635591584634
663,Company_663,Finance,Asia,2022,18480.5,17.8,48901.3,1.0,67.8,99.5,78.0,25.9,186188.4,93094.2,465471.1,10.074857281999945,5.0374286409999725,25.18714861610887,67.8,0.009924093797987865
663,Company_663,Finance,Asia,2023,20470.2,16.6,64520.4,10.8,68.4,100.0,80.6,24.7,204702.5,102351.2,511756.2,10.000024425750603,5.000009770300241,25.000058621801447,68.43333333333332,0.10766483590811937
663,Company_663,Finance,Asia,2024,21631.2,17.5,71833.6,5.7,69.6,100.0,83.3,25.3,216312.0,108156.0,540780.0,10.0,5.0,25.0,69.53333333333335,0.05671659290089992
663,Company_663,Finance,Asia,2025,24586.2,21.6,77634.9,13.7,68.1,99.2,82.9,22.1,248639.0,124319.5,621597.6,10.11294954079931,5.056474770399655,25.28237791932059,68.06666666666668,0.13660823255297894
664,Company_664,Finance,Latin America,2015,8022.3,12.3,12764.0,-1.25,65.3,92.4,70.7,32.6,88767.8,44383.9,221919.6,11.065130947483889,5.532565473741944,27.662839833962828,65.23333333333333,
664,Company_664,Finance,Latin America,2016,8605.4,12.0,12756.6,7.3,66.7,91.6,73.6,35.1,96190.5,48095.2,240476.1,11.177923164524602,5.588955771957143,27.944790480396033,66.76666666666667,0.07268489086670904
664,Company_664,Finance,Latin America,2017,8332.3,11.6,11284.6,-3.2,67.9,92.5,75.0,36.3,92090.7,46045.4,230226.9,11.052254479555465,5.526133240521825,27.63065420112094,67.93333333333334,-0.03173588676877315
664,Company_664,Finance,Latin America,2018,7864.6,12.8,14378.9,-5.6,69.4,92.5,77.3,38.3,86910.0,43455.0,217275.1,11.050784528138747,5.525392264069374,27.62697403555171,69.36666666666667,-0.056130960239069494
664,Company_664,Finance,Latin America,2019,7151.4,13.2,9870.9,-9.1,71.7,95.4,77.7,42.0,76132.6,38066.3,190331.6,10.645831585423835,5.3229157927119175,26.614592946835586,71.7,-0.0906848409327875
664,Company_664,Finance,Latin America,2020,7198.7,13.9,15462.3,0.7,72.3,95.1,77.6,44.2,76907.6,38453.8,192269.0,10.68354008362621,5.341770041813105,26.708850209065528,72.3,0.006614089548899527
664,Company_664,Finance,Latin America,2021,7274.2,16.4,20577.7,1.0,72.5,93.9,78.5,45.1,78922.6,39461.3,197306.5,10.84966044376014,5.42483022188007,27.124151109400348,72.5,0.010488004778640647
664,Company_664,Finance,Latin America,2022,6950.0,17.8,12107.4,-4.5,72.5,93.0,79.0,45.4,76306.4,38153.2,190766.1,10.979338129496401,5.489669064748201,27.448359712230218,72.46666666666667,-0.04456847488383597
664,Company_664,Finance,Latin America,2023,7774.0,18.5,26353.2,11.9,73.5,95.4,77.7,47.3,82764.6,41382.3,206911.5,10.646333933624904,5.323166966812452,26.61583483406226,73.46666666666668,0.11856115107913667
664,Company_664,Finance,Latin America,2024,7897.3,15.2,18434.3,1.6,72.8,92.7,79.5,46.1,87038.8,43519.4,217597.0,11.021336406113482,5.510668203056741,27.553341015283703,72.76666666666667,0.015860560843838467
664,Company_664,Finance,Latin America,2025,7642.8,16.3,17831.4,-3.2,72.7,91.7,79.5,47.0,85312.7,42656.4,213281.8,11.162492803684513,5.581252943947245,27.90623855131627,72.73333333333333,-0.03222620389246955
665,Company_665,Technology,Asia,2015,6200.5,12.0,18197.4,8.25,58.2,62.7,46.0,65.8,235874.2,141524.5,471748.4,38.04115797113136,22.82469155713249,76.08231594226272,58.166666666666664,
665,Company_665,Technology,Asia,2016,6815.9,11.2,16339.0,9.9,57.4,61.2,44.8,66.4,263052.4,157831.4,526104.7,38.59393477016975,23.156354993471147,77.18785486876274,57.46666666666667,0.09925006047899365
665,Company_665,Technology,Asia,2017,7473.8,14.9,24078.1,9.7,57.7,63.5,43.0,66.6,282232.1,169339.3,564464.2,37.762864941529074,22.6577243169472,75.52572988305815,57.699999999999996,0.09652430346689367
665,Company_665,Technology,Asia,2018,7796.7,15.3,31148.5,4.3,58.0,64.3,41.6,68.1,292316.7,175390.0,584633.4,37.49236215321867,22.495414726743366,74.98472430643734,58.0,0.043204260215686796
665,Company_665,Technology,Asia,2019,8115.6,15.7,36843.2,4.1,56.9,64.4,40.7,65.5,304048.9,182429.3,608097.8,37.46474690719109,22.47884321553551,74.92949381438218,56.866666666666674,0.04090192004309512
665,Company_665,Technology,Asia,2020,7351.6,17.2,37797.6,-9.4,57.9,66.6,41.9,65.3,269643.5,161786.1,539286.9,36.67820610479351,22.00692366287611,73.35639860710593,57.93333333333334,-0.0941396816008675
665,Company_665,Technology,Asia,2021,7943.4,17.3,41116.9,8.1,58.3,69.1,42.9,63.0,284443.8,170666.3,568887.6,35.808822418611676,21.485295968980537,71.61764483722335,58.333333333333336,0.08049948310571842
665,Company_665,Technology,Asia,2022,9340.4,16.9,42806.0,17.6,59.6,70.3,41.6,67.0,330576.0,198345.6,661152.0,35.39206029720355,21.23523617832213,70.7841205944071,59.63333333333333,0.17586927512148454
665,Company_665,Technology,Asia,2023,10127.6,19.0,52892.4,8.4,60.6,70.5,42.6,68.8,357821.2,214692.7,715642.3,35.331292705083136,21.198773648248352,70.66257553615861,60.633333333333326,0.08427904586527357
665,Company_665,Technology,Asia,2024,11691.3,14.7,31566.1,15.4,62.7,71.5,48.2,68.4,408772.7,245263.6,817545.3,34.96383635694919,20.978300103495762,69.92766416052963,62.70000000000001,0.15439985781428955
665,Company_665,Technology,Asia,2025,11384.2,16.3,53652.1,-2.6,63.4,71.5,47.2,71.6,398053.9,238832.3,796107.7,34.96546968605611,20.97927829799195,69.93093058800794,63.43333333333334,-0.026267395413683503
666,Company_666,Finance,Middle East,2015,5664.9,11.9,10262.7,3.95,33.6,63.8,35.6,1.2,85365.9,42683.0,213414.9,15.069268654345178,7.534643153453724,37.67319811470635,33.53333333333334,
666,Company_666,Finance,Middle East,2016,6261.1,13.1,11692.6,10.5,34.9,68.8,33.9,2.0,89976.5,44988.3,224941.3,14.370717605532572,7.185366788583476,35.92680199964862,34.9,0.10524457625024275
666,Company_666,Finance,Middle East,2017,6891.9,9.8,10256.8,10.1,37.6,71.9,37.1,3.8,96022.3,48011.2,240055.8,13.932631059649735,6.966322784718292,34.83158490401776,37.6,0.10074906965229746
666,Company_666,Finance,Middle East,2018,6292.0,10.5,9862.0,-8.7,37.7,71.9,37.1,4.2,87702.8,43851.4,219257.0,13.938779402415767,6.969389701207883,34.84694850603942,37.733333333333334,-0.08704421132053564
666,Company_666,Finance,Middle East,2019,6397.0,9.8,11262.0,1.7,39.4,73.3,37.8,6.9,87879.5,43939.7,219698.6,13.737611380334531,6.868797874003438,34.34400500234485,39.333333333333336,0.016687857596948463
666,Company_666,Finance,Middle East,2020,6372.8,7.9,7259.8,-0.4,41.7,74.6,40.5,9.9,86428.9,43214.5,216072.3,13.562154782827013,6.781085237258348,33.905394802912376,41.666666666666664,-0.003783023292168175
666,Company_666,Finance,Middle East,2021,7136.4,8.5,11951.8,12.0,43.4,76.4,42.1,11.6,94960.0,47480.0,237399.9,13.306429011826692,6.653214505913346,33.26605851689928,43.36666666666667,0.11982174240522214
666,Company_666,Finance,Middle East,2022,7714.4,6.3,9479.8,8.1,45.3,79.4,43.8,12.7,99407.0,49703.5,248517.5,12.885901690345328,6.442950845172664,32.214754225863324,45.300000000000004,0.08099321786895364
666,Company_666,Finance,Middle East,2023,7584.1,9.5,10447.6,-1.7,46.6,81.1,44.6,14.0,95959.7,47979.9,239899.3,12.652747194789097,6.326380190134624,31.631874579712818,46.56666666666666,-0.016890490511251577
666,Company_666,Finance,Middle East,2024,8056.8,8.2,6494.4,6.2,44.8,75.5,44.3,14.5,108179.1,54089.6,270447.8,13.427055406613048,6.713533909244365,33.567644722470455,44.76666666666667,0.062327764665550234
666,Company_666,Finance,Middle East,2025,7614.6,9.0,13315.1,-5.5,45.9,75.7,44.2,17.6,102075.1,51037.6,255187.8,13.40518215008011,6.702597641373151,33.51296194153337,45.833333333333336,-0.054885314268692253
667,Company_667,Consumer Goods,North America,2015,1195.0,7.8,1880.7,3.8499999999999996,29.0,38.2,28.7,20.1,222887.9,278609.9,1114439.7,186.51707112970712,233.146359832636,932.5855230125522,29.0,
667,Company_667,Consumer Goods,North America,2016,1203.6,5.7,1283.2,0.7,30.9,36.2,32.7,23.8,227935.2,284919.0,1139676.1,189.37786640079764,236.72233300099703,946.8894150880693,30.900000000000002,0.007196652719665186
667,Company_667,Consumer Goods,North America,2017,952.5,1.4,292.8,-20.9,31.6,41.7,29.1,23.9,173001.9,216252.4,865009.7,181.62929133858268,227.0366404199475,908.1466666666666,31.566666666666674,-0.20862412761714855
667,Company_667,Consumer Goods,North America,2018,1147.2,0.7,116.1,20.4,33.1,45.0,30.4,23.8,202978.2,253722.7,1014890.9,176.93357740585773,221.16692817294282,884.66779986053,33.06666666666667,0.20440944881889767
667,Company_667,Consumer Goods,North America,2019,1170.4,1.1,266.9,2.0,34.9,44.2,35.6,25.0,208495.5,260619.4,1042477.4,178.14037935748462,222.67549555707447,890.7018113465481,34.93333333333334,0.020223152022315283
667,Company_667,Consumer Goods,North America,2020,1344.1,3.1,953.6,14.8,34.2,44.2,31.1,27.2,239336.5,299170.6,1196682.6,178.06450412915706,222.58061156163976,890.3225950450117,34.16666666666667,0.1484107997265891
667,Company_667,Consumer Goods,North America,2021,1396.9,4.6,1213.9,3.9,36.4,46.2,36.7,26.2,244813.9,306017.3,1224069.3,175.25513637339822,219.0688667764335,876.2755386928197,36.36666666666667,0.03928279145896907
667,Company_667,Consumer Goods,North America,2022,1491.6,3.9,958.0,6.8,38.2,49.0,40.3,25.2,255555.0,319443.8,1277775.1,171.3294448913918,214.16183963529096,856.6472914990616,38.166666666666664,0.0677929701481852
667,Company_667,Consumer Goods,North America,2023,1547.6,3.7,892.1,3.8,39.1,50.9,41.2,25.3,261221.3,326526.7,1306106.7,168.79122512277075,210.98907986559837,843.9562548462135,39.13333333333333,0.0375435773665862
667,Company_667,Consumer Goods,North America,2024,1565.3,1.9,458.4,1.1,40.4,54.7,40.3,26.3,255749.2,319686.4,1278745.8,163.3866990353287,204.23330990864372,816.9333674056091,40.43333333333333,0.011437063840785688
667,Company_667,Consumer Goods,North America,2025,1665.2,1.6,354.2,6.4,41.1,53.9,42.3,27.2,273936.1,342420.2,1369680.6,164.50642565457602,205.63307710785492,822.5321883257267,41.13333333333333,0.06382163163610821
668,Company_668,Retail,Middle East,2015,1792.5,8.8,2750.3,14.65,55.9,92.7,47.0,28.2,98802.4,49401.2,197604.8,55.11988842398884,27.55994421199442,110.23977684797768,55.96666666666666,
668,Company_668,Retail,Middle East,2016,1902.7,8.7,2452.3,6.1,56.0,92.3,48.7,27.1,105404.2,52702.1,210808.5,55.397172439165395,27.698586219582698,110.79439743522363,56.03333333333333,0.061478382147838184
668,Company_668,Retail,Middle East,2017,2276.2,9.6,3907.9,19.6,57.3,93.7,50.2,28.0,123795.2,61897.6,247590.4,54.38678499253142,27.19339249626571,108.77356998506284,57.300000000000004,0.1962999947443107
668,Company_668,Retail,Middle East,2018,2690.6,8.4,4219.7,18.2,60.8,94.5,56.7,31.1,144950.2,72475.1,289900.3,53.87281647216235,26.936408236081174,107.7455957778934,60.76666666666666,0.1820578156576751
668,Company_668,Retail,Middle East,2019,2945.7,10.3,6717.4,9.5,60.7,94.2,54.6,33.4,159324.9,79662.4,318649.7,54.087279763723394,27.043622907967546,108.17452557965849,60.73333333333334,0.09481156619341413
668,Company_668,Retail,Middle East,2020,3309.7,11.4,5511.2,12.4,63.8,98.3,56.9,36.3,169376.3,84688.2,338752.7,51.17572589660694,25.58787805541288,102.35148200743271,63.833333333333336,0.12356994941779553
668,Company_668,Retail,Middle East,2021,3450.7,12.6,10816.4,4.3,64.1,98.0,55.2,39.2,177343.8,88671.9,354687.7,51.393572318659984,25.696786159329992,102.7871736169473,64.13333333333333,0.042602048524035485
668,Company_668,Retail,Middle East,2022,3977.8,12.5,9789.8,15.3,65.7,100.0,56.0,41.0,198889.8,99444.9,397779.6,49.99994972095127,24.999974860475636,99.99989944190254,65.66666666666667,0.15275161561422324
668,Company_668,Retail,Middle East,2023,4605.4,11.3,5329.6,15.8,67.2,100.0,56.4,45.1,230270.8,115135.4,460541.5,50.00017370912407,25.000086854562035,100.00032570460765,67.16666666666667,0.15777565488460943
668,Company_668,Retail,Middle East,2024,5871.3,11.5,14701.8,27.5,68.1,99.0,60.2,45.2,297647.9,148824.0,595295.9,50.69539965595354,25.347708343978333,101.3908163439102,68.13333333333333,0.2748729752030228
668,Company_668,Retail,Middle East,2025,6691.6,13.3,19768.5,14.0,69.1,100.0,59.2,47.9,334577.9,167289.0,669155.9,49.99968617371032,24.999850558909678,99.99938729152967,69.03333333333333,0.139713521707288
669,Company_669,Retail,Middle East,2015,653.9,9.7,846.5,-5.35,36.5,41.4,27.3,40.7,59504.3,29752.2,119008.6,90.9990824285059,45.49961767854412,181.9981648570118,36.46666666666667,
669,Company_669,Retail,Middle East,2016,616.7,9.9,715.5,-5.7,37.3,40.8,28.6,42.5,56387.2,28193.6,112774.4,91.43376033727905,45.71688016863953,182.8675206745581,37.300000000000004,-0.05688943263495938
669,Company_669,Retail,Middle East,2017,632.7,10.7,1483.5,2.6,37.9,40.4,29.4,43.7,58033.1,29016.5,116066.1,91.72293345977556,45.861387703492966,183.4457088667615,37.833333333333336,0.025944543538187093
669,Company_669,Retail,Middle East,2018,624.2,12.1,1465.3,-1.4,38.7,39.6,33.3,43.3,57601.6,28800.8,115203.2,92.28067926946491,46.140339634732456,184.56135853892982,38.733333333333334,-0.013434487118697658
669,Company_669,Retail,Middle East,2019,525.2,14.6,1292.8,-15.9,38.7,42.2,31.5,42.3,47500.2,23750.1,95000.4,90.44211728865193,45.221058644325964,180.88423457730386,38.666666666666664,-0.15860301185517456
669,Company_669,Retail,Middle East,2020,499.0,12.6,1294.2,-5.0,39.4,42.3,34.0,41.8,45113.8,22556.9,90227.6,90.40841683366735,45.20420841683367,180.8168336673347,39.36666666666667,-0.04988575780654991
669,Company_669,Retail,Middle East,2021,575.7,12.9,1228.7,15.4,40.3,45.2,32.5,43.2,50855.2,25427.6,101710.3,88.33628626020496,44.16814313010248,176.67239881882924,40.300000000000004,0.15370741482965933
669,Company_669,Retail,Middle East,2022,535.3,13.8,1650.9,-7.0,39.5,46.6,29.2,42.6,46763.5,23381.8,93527.0,87.35942462170746,43.6798057164207,174.71884924341492,39.46666666666667,-0.07017543859649134
669,Company_669,Retail,Middle East,2023,572.8,15.0,947.7,7.0,41.6,47.0,33.3,44.3,49872.7,24936.3,99745.3,87.06826117318435,43.534043296089386,174.13634776536315,41.53333333333333,0.07005417522884372
669,Company_669,Retail,Middle East,2024,539.7,16.6,2081.6,-5.8,40.3,45.1,31.9,43.9,47723.8,23861.9,95447.5,88.42653325921808,44.21326662960904,176.85288123031313,40.300000000000004,-0.0577863128491618
669,Company_669,Retail,Middle East,2025,431.5,15.0,1004.2,-20.1,39.7,44.2,31.0,44.1,38436.4,19218.2,76872.8,89.07624565469294,44.53812282734647,178.15249130938588,39.76666666666667,-0.20048174911988148
670,Company_670,Technology,Middle East,2015,28141.6,24.6,209373.5,-2.1500000000000004,38.9,78.2,9.2,29.2,917883.3,550730.0,1835766.5,32.61659962475481,19.569960485544534,65.2331956960514,38.86666666666667,
670,Company_670,Technology,Middle East,2016,25523.0,23.1,131714.2,-9.3,39.0,77.1,11.0,28.8,842617.3,505570.4,1685234.7,33.014038318379505,19.808423774634644,66.02808055479372,38.96666666666666,-0.09305085709412397
670,Company_670,Technology,Middle East,2017,24029.0,28.1,210128.2,-5.9,39.3,78.8,11.2,27.9,778797.6,467278.6,1557595.3,32.41073702609347,19.44644388031129,64.82147821382496,39.300000000000004,-0.05853543862398625
670,Company_670,Technology,Middle East,2018,25960.0,29.1,126138.4,8.0,39.7,78.8,10.5,29.8,841867.5,505120.5,1683735.1,32.42941063174114,19.457646379044686,64.85882511556241,39.699999999999996,0.08036123018019903
670,Company_670,Technology,Middle East,2019,28189.9,26.6,154583.8,8.6,38.4,76.3,9.3,29.5,938586.3,563151.8,1877172.5,33.29512697810208,19.977076896335213,66.59025040883436,38.36666666666667,0.08589753466872119
670,Company_670,Technology,Middle East,2020,27888.0,25.2,191534.9,-1.1,38.6,77.7,9.0,29.0,915187.8,549112.7,1830375.6,32.816544750430296,19.689927567412507,65.63308950086059,38.56666666666667,-0.010709509434229991
670,Company_670,Technology,Middle East,2021,26830.7,28.2,149303.6,-3.8,40.0,79.0,10.3,30.7,868170.1,520902.1,1736340.2,32.35734065827578,19.414405885795002,64.71468131655156,40.0,-0.03791236374067697
670,Company_670,Technology,Middle East,2022,25977.3,29.2,185555.2,-3.2,39.7,81.2,7.6,30.3,820142.2,492085.3,1640284.3,31.571495113041,18.942896297921646,63.14298637656724,39.699999999999996,-0.0318068481254683
670,Company_670,Technology,Middle East,2023,27272.1,29.1,252167.4,5.0,42.5,86.7,7.3,33.4,808903.2,485341.9,1617806.5,29.660466190722385,17.796278981083233,59.320936048195776,42.46666666666667,0.049843517224653855
670,Company_670,Technology,Middle East,2024,28354.3,30.0,291395.3,4.0,43.6,86.3,11.0,33.5,844367.5,506620.5,1688735.0,29.779169297073107,17.867501578243864,59.558338594146214,43.6,0.03968157934299166
670,Company_670,Technology,Middle East,2025,25759.0,24.8,206573.8,-9.2,45.0,86.3,11.9,36.8,767773.0,460663.8,1535546.1,29.806009550060175,17.883605730036102,59.61202298225863,45.0,-0.09153109052242514
671,Company_671,Technology,Middle East,2015,6584.2,20.6,23043.9,10.899999999999999,47.1,69.8,39.5,32.1,234249.4,140549.7,468498.9,35.57750372102913,21.34651134534188,71.15502262993226,47.13333333333333,
671,Company_671,Technology,Middle East,2016,7786.9,15.6,42275.0,18.3,47.8,73.2,39.8,30.5,267632.0,160579.2,535264.0,34.36951803670267,20.6217108220216,68.73903607340534,47.833333333333336,0.18266456061480518
671,Company_671,Technology,Middle East,2017,8460.5,18.6,37664.5,8.7,48.1,72.3,41.7,30.4,293500.2,176100.1,587000.3,34.69064476094793,20.81438449264228,69.38127770226346,48.13333333333333,0.08650425714982868
671,Company_671,Technology,Middle East,2018,9076.8,18.9,26966.2,7.3,47.7,73.7,41.5,28.1,310363.3,186218.0,620726.6,34.19303058346554,20.515820553499033,68.38606116693109,47.76666666666667,0.07284439453932978
671,Company_671,Technology,Middle East,2019,9705.8,14.2,29217.0,6.9,47.9,76.9,41.4,25.4,321136.1,192681.7,642272.2,33.08703043540976,19.852222382492943,66.17406087081952,47.900000000000006,0.06929754979728542
671,Company_671,Technology,Middle East,2020,10975.5,13.6,39923.7,13.1,48.7,77.8,40.5,27.8,359844.8,215906.9,719689.7,32.78618741742973,19.67171427269828,65.57238394606168,48.699999999999996,0.13081868573430322
671,Company_671,Technology,Middle East,2021,12472.5,13.5,48879.6,13.6,48.3,77.9,39.8,27.0,408205.3,244923.2,816410.7,32.72842653838445,19.63705752655843,65.4568610944077,48.23333333333333,0.13639469728030607
671,Company_671,Technology,Middle East,2022,14819.8,13.4,45574.5,18.8,50.8,83.4,39.8,29.1,456362.4,273817.4,912724.8,30.79409978542221,18.47645717216157,61.58819957084442,50.76666666666667,0.1881980356784927
671,Company_671,Technology,Middle East,2023,15994.8,13.7,60648.0,7.9,51.4,85.1,38.2,30.8,483319.2,289991.5,966638.3,30.21727061294921,18.130361117363144,60.43453497386651,51.36666666666667,0.07928582032146192
671,Company_671,Technology,Middle East,2024,16723.1,16.9,98257.9,4.6,53.7,87.1,41.8,32.4,493605.5,296163.3,987211.1,29.516387511884762,17.709832507130855,59.032781003522075,53.76666666666666,0.045533548403231094
671,Company_671,Technology,Middle East,2025,19454.9,17.2,72743.4,16.3,54.8,87.5,42.6,34.2,571698.4,343019.0,1143396.7,29.385830818971055,17.631496435345337,58.771656497848866,54.76666666666667,0.1633548803750502
672,Company_672,Finance,Middle East,2015,5480.0,7.1,5435.1,12.55,50.3,99.6,35.1,16.3,55071.5,27535.8,137678.8,10.049543795620439,5.02478102189781,25.123868613138683,50.333333333333336,
672,Company_672,Finance,Middle East,2016,5860.4,6.4,5836.4,6.9,52.2,100.0,39.1,17.6,58604.3,29302.1,146510.7,10.000051191044982,5.00001706368166,25.000119445771624,52.23333333333333,0.06941605839416054
672,Company_672,Finance,Middle East,2017,6609.1,4.7,4438.0,12.8,52.2,99.8,40.0,16.7,66303.2,33151.6,165757.9,10.032107246069812,5.016053623034906,25.08025298452134,52.166666666666664,0.1277557845880828
672,Company_672,Finance,Middle East,2018,7603.5,0.8,1179.8,15.0,51.1,96.8,39.6,17.0,79475.9,39738.0,198689.8,10.452541592687577,5.226277372262774,26.13136055763793,51.13333333333333,0.15045921532432538
672,Company_672,Finance,Middle East,2019,8003.3,0.4,401.6,5.3,51.4,96.4,37.5,20.3,84019.1,42009.6,210047.8,10.49805705146627,5.2490347731560725,26.24514887608861,51.400000000000006,0.052581048201486125
672,Company_672,Finance,Middle East,2020,7851.0,-1.2,25405.2,-1.9,52.2,98.5,37.8,20.3,80121.5,40060.8,200303.9,10.205260476372437,5.102636606801681,25.51317029677748,52.20000000000001,-0.019029650269263954
672,Company_672,Finance,Middle East,2021,8812.9,2.2,1603.6,12.3,50.9,97.1,36.8,18.9,91719.6,45859.8,229298.9,10.407425478559839,5.203712739279919,26.018552349396906,50.93333333333333,0.12251942427716211
672,Company_672,Finance,Middle East,2022,10229.8,1.8,1652.4,16.1,50.6,98.5,36.2,17.2,104481.5,52240.7,261203.7,10.213445033138479,5.10671762888815,25.53360769516511,50.633333333333326,0.16077568110383633
672,Company_672,Finance,Middle East,2023,10823.4,-0.3,32961.5,5.8,49.5,100.0,33.2,15.4,108234.5,54117.2,270586.2,10.00004619620452,5.000018478481808,25.00011087089085,49.53333333333333,0.05802654988367317
672,Company_672,Finance,Middle East,2024,12445.1,2.7,4739.7,15.0,49.8,100.0,31.7,17.7,124451.1,62225.6,311127.8,10.000008035290998,5.000008035290998,25.000024105872992,49.79999999999999,0.14983276973963822
672,Company_672,Finance,Middle East,2025,14134.9,0.6,1389.5,13.6,47.7,99.2,27.4,16.6,142923.4,71461.7,357308.6,10.111383879617117,5.0556919398085585,25.27846677373027,47.73333333333333,0.13578034728527677
673,Company_673,Healthcare,Latin America,2015,1583.5,12.3,1978.1,5.45,57.4,41.3,46.4,84.4,144252.7,144252.7,288505.3,91.09737922323967,91.09737922323967,182.19469529523207,57.36666666666667,
673,Company_673,Healthcare,Latin America,2016,1737.2,10.9,4437.7,9.7,57.2,42.9,45.6,83.0,156323.1,156323.1,312646.2,89.9856665899148,89.9856665899148,179.9713331798296,57.166666666666664,0.09706346700347335
673,Company_673,Healthcare,Latin America,2017,1850.4,7.1,3225.5,6.5,57.3,42.5,46.8,82.6,167006.9,167006.9,334013.8,90.25448551664505,90.25448551664505,180.5089710332901,57.29999999999999,0.06516233018650697
673,Company_673,Healthcare,Latin America,2018,2109.6,13.3,5496.6,14.0,58.8,46.3,46.6,83.5,184829.0,184829.0,369658.1,87.61329161926432,87.61329161926432,175.2266306408798,58.800000000000004,0.1400778210116731
673,Company_673,Healthcare,Latin America,2019,2111.4,11.4,4146.3,0.1,59.1,45.2,45.8,86.4,186535.5,186535.5,373071.0,88.34683148621767,88.34683148621767,176.69366297243533,59.13333333333333,0.0008532423208191808
673,Company_673,Healthcare,Latin America,2020,2211.6,9.8,3086.3,4.7,58.3,42.5,46.3,86.0,199552.7,199552.7,399105.4,90.23001446916261,90.23001446916261,180.46002893832522,58.26666666666667,0.047456663824950285
673,Company_673,Healthcare,Latin America,2021,2036.7,12.1,5530.3,-7.9,58.7,43.3,46.1,86.7,182739.3,182739.3,365478.6,89.72322875239357,89.72322875239357,179.44645750478713,58.70000000000001,-0.07908301682040142
673,Company_673,Healthcare,Latin America,2022,2364.2,9.1,3291.3,16.1,59.5,44.2,46.4,87.8,210610.9,210610.9,421221.9,89.0833685813383,89.0833685813383,178.16677946028258,59.46666666666666,0.16079933225315446
673,Company_673,Healthcare,Latin America,2023,2327.2,9.4,2407.6,-1.6,59.7,48.9,44.1,86.1,199545.7,199545.7,399091.4,85.74497249914062,85.74497249914062,171.48994499828123,59.699999999999996,-0.015650114203536125
673,Company_673,Healthcare,Latin America,2024,2320.5,7.8,3634.0,-0.3,61.0,50.8,44.6,87.7,195970.1,195970.1,391940.3,84.45166989872872,84.45166989872872,168.90338289161818,61.03333333333334,-0.0028789962186317464
673,Company_673,Healthcare,Latin America,2025,2465.1,6.8,2949.8,6.2,63.4,52.2,45.8,92.2,205761.2,205761.2,411522.4,83.46971725284979,83.46971725284979,166.93943450569958,63.4,0.06231415643180349
674,Company_674,Finance,Africa,2015,1056.0,12.1,1892.1,2.35,54.0,71.7,41.9,48.4,14743.7,7371.8,36859.2,13.961837121212122,6.980871212121213,34.90454545454545,54.0,
674,Company_674,Finance,Africa,2016,1092.0,9.4,1490.4,3.4,54.6,74.0,40.2,49.6,14899.9,7449.9,37249.7,13.644597069597069,6.8222527472527466,34.111446886446885,54.6,0.03409090909090917
674,Company_674,Finance,Africa,2017,1152.3,9.7,1218.6,5.5,56.7,77.2,44.1,48.9,15200.3,7600.2,38000.8,13.191269634643756,6.595678208799792,32.97821747808731,56.73333333333334,0.055219780219780246
674,Company_674,Finance,Africa,2018,1045.3,10.6,1306.6,-9.3,56.6,77.9,45.2,46.7,13684.2,6842.1,34210.6,13.091169999043338,6.545584999521669,32.728020663924234,56.6,-0.09285776273539881
674,Company_674,Finance,Africa,2019,1068.1,8.5,1470.4,2.2,58.0,78.2,47.9,47.8,13935.9,6968.0,34839.9,13.047373841400619,6.523733732796555,32.61857503979029,57.96666666666666,0.02181192002295984
674,Company_674,Finance,Africa,2020,1134.2,12.4,1859.0,6.2,56.4,75.7,48.0,45.6,15205.8,7602.9,38014.4,13.406630223946392,6.703315111973196,33.51648739199436,56.43333333333334,0.06188559123677573
674,Company_674,Finance,Africa,2021,1106.1,14.0,2429.9,-2.5,57.2,78.3,48.7,44.6,14424.0,7212.0,36060.1,13.040412259289397,6.5202061296446985,32.601121055962395,57.199999999999996,-0.024775171927349793
674,Company_674,Finance,Africa,2022,1234.7,15.7,2078.3,11.6,56.8,79.5,46.2,44.8,15884.3,7942.1,39710.7,12.864906455009313,6.432412731837694,32.16222564185632,56.833333333333336,0.11626435222855092
674,Company_674,Finance,Africa,2023,1201.6,15.5,3440.6,-2.7,58.2,80.6,47.4,46.5,15272.6,7636.3,38181.6,12.710219707057258,6.355109853528629,31.775632490013315,58.166666666666664,-0.02680813152992645
674,Company_674,Finance,Africa,2024,1231.9,18.7,4148.0,2.5,56.9,78.8,44.8,47.0,15969.9,7985.0,39924.8,12.963633411802904,6.481857293611494,32.40912411721731,56.86666666666667,0.025216378162450148
674,Company_674,Finance,Africa,2025,1203.1,20.3,4423.9,-2.3,57.1,80.0,46.7,44.6,15405.0,7702.5,38512.5,12.804421910065665,6.4022109550328326,32.01105477516416,57.1,-0.023378520983846185
675,Company_675,Transportation,Europe,2015,1640.4,-1.0,6538.0,7.199999999999999,74.0,63.4,96.7,61.9,744137.9,124023.0,2480459.6,453.6319800048768,75.60534016093635,1512.106559375762,74.0,
675,Company_675,Transportation,Europe,2016,1757.4,0.9,253.9,7.1,76.1,65.9,96.9,65.5,778870.1,129811.7,2596233.5,443.1945487652213,73.86576761124388,1477.3150677136678,76.10000000000001,0.07132406730065832
675,Company_675,Transportation,Europe,2017,1936.0,1.0,322.0,10.2,76.9,66.4,95.7,68.4,854113.5,142352.3,2847045.2,441.1743285123967,73.52908057851239,1470.5811983471076,76.83333333333334,0.10162740411972226
675,Company_675,Transportation,Europe,2018,2291.8,-3.9,2282.9,18.4,74.9,64.9,94.6,65.1,1024992.6,170832.1,3416642.1,447.24347674317124,74.54057945719522,1490.8116327777293,74.86666666666666,0.1837809917355373
675,Company_675,Transportation,Europe,2019,2348.7,0.4,146.5,2.5,76.0,64.7,97.9,65.6,1053055.8,175509.3,3510186.1,448.3568782730873,74.72614637884787,1494.522970153702,76.06666666666668,0.024827646391482494
675,Company_675,Transportation,Europe,2020,2569.6,3.1,742.9,9.4,76.9,69.1,95.9,65.7,1103941.5,183990.2,3679805.0,429.6160881070984,71.60266189290162,1432.0536270236614,76.89999999999999,0.09405202878187935
675,Company_675,Transportation,Europe,2021,2577.2,7.1,3565.6,0.3,76.8,67.8,95.0,67.7,1121941.7,186990.3,3739805.5,435.33357907806925,72.55560297997827,1451.1118655905634,76.83333333333333,0.002957658779576544
675,Company_675,Transportation,Europe,2022,2818.2,1.9,548.6,9.3,77.9,68.1,96.2,69.4,1223266.1,203877.7,4077553.6,434.0593641331347,72.34323326946279,1446.8645234546875,77.9,0.09351233897252831
675,Company_675,Transportation,Europe,2023,2736.4,2.6,1399.3,-2.9,79.0,67.3,98.6,71.1,1197282.2,199547.0,3990940.7,437.53917555912875,72.92318374506651,1458.4639307118844,78.99999999999999,-0.029025619189553487
675,Company_675,Transportation,Europe,2024,2601.0,0.4,110.0,-4.9,79.5,68.7,100.0,69.7,1121764.0,186960.7,3739213.2,431.281814686659,71.88031526336025,1437.605997693195,79.46666666666665,-0.04948107001900315
675,Company_675,Transportation,Europe,2025,2790.4,3.3,962.6,7.3,80.8,71.6,100.0,70.9,1170266.7,195044.4,3900888.9,419.3903024655963,69.89836582568807,1397.967639048165,80.83333333333333,0.07281814686658983
676,Company_676,Transportation,Middle East,2015,1096.3,-7.7,665.0,-4.95,28.4,22.7,43.8,18.8,684937.4,114156.2,2283124.6,624.7718690139561,104.12861443035665,2082.5728359025816,28.433333333333334,
676,Company_676,Transportation,Middle East,2016,956.3,-4.7,3921.3,-12.8,30.4,23.5,47.4,20.3,593975.8,98996.0,1979919.3,621.1186866046221,103.51981595733557,2070.3955871588414,30.400000000000002,-0.12770227127611056
676,Company_676,Transportation,Middle East,2017,896.6,-2.9,2512.8,-6.2,31.4,24.6,47.7,21.9,553062.1,92177.0,1843540.2,616.8437430292215,102.80727191612759,2056.145661387464,31.400000000000006,-0.062428108334204646
676,Company_676,Transportation,Middle East,2018,884.3,-3.2,4124.3,-1.4,32.1,25.7,51.8,18.8,541399.1,90233.2,1804663.7,612.2346488748162,102.03912699310189,2040.7822006106526,32.1,-0.013718492081195688
676,Company_676,Transportation,Middle East,2019,694.4,-6.0,1942.6,-21.5,29.9,22.2,52.1,15.4,435227.0,72537.8,1450756.7,626.7669930875576,104.46111751152074,2089.2233582949307,29.900000000000002,-0.21474612688001804
676,Company_676,Transportation,Middle East,2020,732.0,-0.5,1433.1,5.4,28.6,20.4,51.4,14.0,464250.5,77375.1,1547501.6,634.2219945355191,105.70368852459018,2114.073224043716,28.599999999999998,0.054147465437788034
676,Company_676,Transportation,Middle East,2021,795.0,0.5,47.3,8.6,30.6,22.8,54.3,14.5,496186.9,82697.8,1653956.4,624.1344654088051,104.02238993710692,2080.4483018867923,30.53333333333333,0.08606557377049184
676,Company_676,Transportation,Middle East,2022,834.9,0.2,20.7,5.0,30.1,21.0,53.3,15.8,527320.8,87886.8,1757736.0,631.597556593604,105.26625943226735,2105.3251886453468,30.03333333333333,0.05018867924528303
676,Company_676,Transportation,Middle East,2023,748.4,3.3,429.1,-10.4,31.2,22.6,56.0,15.0,467679.0,77946.5,1558930.1,624.9051309460182,104.1508551576697,2083.01723677178,31.2,-0.10360522218229729
676,Company_676,Transportation,Middle East,2024,720.5,2.5,336.3,-3.7,31.3,24.1,54.2,15.5,445892.9,74315.5,1486309.7,618.8659264399723,103.1443442054129,2062.8864677307424,31.26666666666667,-0.03727952966328163
676,Company_676,Transportation,Middle East,2025,660.8,0.4,19.8,-8.3,32.7,28.7,51.9,17.4,396044.8,66007.5,1320149.3,599.3414043583535,99.89028450363197,1997.8046307506056,32.666666666666664,-0.08285912560721731
677,Company_677,Utilities,Oceania,2015,3683.2,8.2,3220.5,1.1500000000000001,41.4,28.3,31.9,64.1,2952883.6,1845552.2,29528835.9,801.7168766290183,501.07303431798437,8017.168739139878,41.43333333333333,
677,Company_677,Utilities,Oceania,2016,3451.5,10.7,4506.6,-6.3,42.8,29.0,32.0,67.3,2752750.7,1720469.2,27527506.7,797.5519918875851,498.4699985513545,7975.51983195712,42.76666666666667,-0.06290725456125101
677,Company_677,Utilities,Oceania,2017,3266.6,10.2,3451.3,-5.4,42.2,30.1,31.0,65.6,2585822.4,1616139.0,25858224.1,791.5944407028715,494.7465254392947,7915.944437641585,42.23333333333333,-0.053570911198029814
677,Company_677,Utilities,Oceania,2018,3172.0,9.7,3126.1,-2.9,43.8,35.0,32.4,64.1,2422992.1,1514370.1,24229921.4,763.8688839848676,477.4180643127365,7638.68896595208,43.833333333333336,-0.02895977468927935
677,Company_677,Utilities,Oceania,2019,3337.6,7.3,3363.8,5.2,45.4,38.5,33.2,64.5,2483556.6,1552222.9,24835566.1,744.1145134228188,465.071578379674,7441.1451641898375,45.4,0.052206809583858815
677,Company_677,Utilities,Oceania,2020,3078.1,10.2,3634.5,-7.8,45.8,40.6,31.8,65.0,2254954.4,1409346.5,22549544.2,732.5799681621779,457.86248010136126,7325.7997465969265,45.800000000000004,-0.07775047938638546
677,Company_677,Utilities,Oceania,2021,3267.3,12.4,4114.6,6.1,47.4,43.8,33.2,65.2,2335223.9,1459514.9,23352238.7,714.7258898784929,446.7036696966914,7147.258806965996,47.4,0.06146648906793151
677,Company_677,Utilities,Oceania,2022,3665.9,13.2,6307.7,12.2,47.0,43.8,34.0,63.2,2620905.3,1638065.8,26209053.0,714.941842385226,446.8386480809624,7149.41842385226,47.0,0.12199675573103175
677,Company_677,Utilities,Oceania,2023,4107.1,14.9,9055.8,12.0,47.4,44.6,32.4,65.2,2918065.8,1823791.1,29180658.2,710.4929999269557,444.05811886732727,7104.930047965717,47.4,0.12035243732780487
677,Company_677,Utilities,Oceania,2024,3913.2,14.3,6750.7,-4.7,48.4,46.9,33.1,65.2,2728198.2,1705123.9,27281982.2,697.1783195338854,435.73645609731165,6971.78324644792,48.4,-0.04721092741837318
677,Company_677,Utilities,Oceania,2025,4226.4,11.6,3946.8,8.0,50.2,48.8,36.8,65.1,2902004.6,1813752.9,29020046.3,686.6374692409617,429.1484241908007,6866.374763392013,50.23333333333333,0.08003679852805878
678,Company_678,Retail,Europe,2015,1161.1,6.5,910.6,16.6,68.6,45.7,89.7,70.3,102205.0,51102.5,204410.1,88.0242873137542,44.0121436568771,176.0486607527345,68.56666666666666,
678,Company_678,Retail,Europe,2016,1443.3,5.3,999.0,24.3,69.4,47.6,89.2,71.5,125105.2,62552.6,250210.4,86.67996951430749,43.33998475715374,173.35993902861497,69.43333333333334,0.24304538799414344
678,Company_678,Retail,Europe,2017,1792.3,3.5,1274.3,24.2,71.3,46.8,93.8,73.3,156402.3,78201.1,312804.6,87.26346035819896,43.63170228198405,174.5269207163979,71.3,0.24180697013787844
678,Company_678,Retail,Europe,2018,1911.0,2.0,798.8,6.6,71.3,45.2,94.9,73.8,168892.2,84446.1,337784.5,88.37896389324962,44.18948194662481,176.75798011512296,71.30000000000001,0.06622775205043796
678,Company_678,Retail,Europe,2019,2149.2,1.9,917.8,12.5,72.9,50.1,93.6,75.0,182533.1,91266.5,365066.1,84.93071840684907,42.465335938954034,169.86139028475714,72.89999999999999,0.12464678178963884
678,Company_678,Retail,Europe,2020,2647.5,0.5,183.6,23.2,76.0,52.8,98.1,77.1,219898.8,109949.4,439797.5,83.05903682719546,41.52951841359773,166.1180358829084,75.99999999999999,0.23185371300949198
678,Company_678,Retail,Europe,2021,3100.5,0.8,642.7,17.1,78.1,54.0,99.4,80.8,254940.0,127470.0,509880.0,82.22544750846637,41.11272375423319,164.45089501693275,78.06666666666666,0.1711048158640227
678,Company_678,Retail,Europe,2022,3600.5,-0.4,14229.4,16.1,76.4,52.4,98.4,78.4,300045.8,150022.9,600091.6,83.3344813220386,41.6672406610193,166.6689626440772,76.4,0.16126431220770843
678,Company_678,Retail,Europe,2023,3947.1,0.9,821.7,9.6,76.3,51.6,98.5,78.9,331069.4,165534.7,662138.8,83.8766182767095,41.93830913835475,167.753236553419,76.33333333333333,0.09626440772114986
678,Company_678,Retail,Europe,2024,4782.3,1.2,740.2,21.2,76.5,53.5,94.1,81.8,394778.3,197389.2,789556.7,82.5498818560107,41.27495138322565,165.09978462246198,76.46666666666665,0.21159838869043113
678,Company_678,Retail,Europe,2025,4851.3,-0.7,6252.0,1.4,75.1,55.0,89.7,80.6,395270.6,197635.3,790541.2,81.47725351967513,40.738626759837565,162.95450703935026,75.1,0.014428204002258305
679,Company_679,Retail,Latin America,2015,677.0,4.3,381.9,5.45,36.9,19.7,34.0,57.1,71896.7,35948.3,143793.4,106.19896602658788,53.09940915805023,212.39793205317577,36.93333333333334,
679,Company_679,Retail,Latin America,2016,771.9,2.9,257.3,14.0,37.8,20.5,33.4,59.4,81545.8,40772.9,163091.6,105.64295893250421,52.82147946625211,211.28591786500843,37.766666666666666,0.1401772525849334
679,Company_679,Retail,Latin America,2017,727.0,2.9,346.0,-5.8,40.4,26.3,32.4,62.5,73859.4,36929.7,147718.8,101.59477303988994,50.79738651994497,203.1895460797799,40.4,-0.0581681564969555
679,Company_679,Retail,Latin America,2018,785.3,4.4,628.1,8.0,41.3,26.7,34.5,62.7,79578.6,39789.3,159157.2,101.33528587800842,50.66764293900421,202.67057175601684,41.300000000000004,0.08019257221458043
679,Company_679,Retail,Latin America,2019,765.6,5.4,674.1,-2.5,41.2,28.7,33.9,60.9,76479.9,38240.0,152959.9,99.89537617554858,49.947753396029256,199.7908829676071,41.166666666666664,-0.025085954412326417
679,Company_679,Retail,Latin America,2020,823.4,5.1,602.3,7.5,40.7,31.7,31.4,59.1,80551.0,40275.5,161101.9,97.82730143308234,48.91365071654117,195.65448141850862,40.73333333333333,0.07549634273772199
679,Company_679,Retail,Latin America,2021,938.8,4.0,644.5,14.0,40.3,29.8,30.5,60.6,93056.6,46528.3,186113.1,99.1229228802727,49.56146144013635,198.24573924158503,40.300000000000004,0.14015059509351468
679,Company_679,Retail,Latin America,2022,941.5,5.9,645.4,0.3,40.3,31.5,31.9,57.5,92223.1,46111.5,184446.1,97.95337227827935,48.976633032395114,195.90663834306957,40.300000000000004,0.0028760119301236564
679,Company_679,Retail,Latin America,2023,1077.7,5.6,901.0,14.5,42.0,33.2,33.0,59.8,104274.1,52137.1,208548.2,96.75614735083975,48.37812007052055,193.5122947016795,42.0,0.1446627721720659
679,Company_679,Retail,Latin America,2024,1112.6,6.3,736.6,3.2,41.8,33.1,31.8,60.6,107743.9,53872.0,215487.8,96.83974474204567,48.41991731080353,193.67948948409133,41.833333333333336,0.03238378027280309
679,Company_679,Retail,Latin America,2025,1150.2,6.7,931.7,3.4,44.0,36.9,33.2,61.8,108276.4,54138.2,216552.7,94.13701964875673,47.06850982437837,188.27395235611198,43.96666666666666,0.03379471508179055
680,Company_680,Healthcare,Oceania,2015,2487.4,18.9,8327.6,7.8,50.4,48.2,45.1,58.0,214584.5,214584.5,429169.0,86.26859371231004,86.26859371231004,172.53718742462007,50.43333333333334,
680,Company_680,Healthcare,Oceania,2016,2920.9,19.6,8046.9,17.4,50.7,46.8,45.2,60.0,254757.9,254757.9,509515.8,87.21897360402615,87.21897360402615,174.4379472080523,50.666666666666664,0.17427836294926435
680,Company_680,Healthcare,Oceania,2017,3160.9,19.7,12952.2,8.2,50.4,45.5,45.5,60.1,278549.7,278549.7,557099.5,88.12354076370654,88.12354076370654,176.24711316397227,50.36666666666667,0.08216645554452384
680,Company_680,Healthcare,Oceania,2018,3446.7,22.4,17573.8,9.0,50.6,46.5,48.9,56.5,301373.5,301373.5,602747.1,87.43827429135115,87.43827429135115,174.87657759596135,50.63333333333333,0.09041728621595113
680,Company_680,Healthcare,Oceania,2019,3118.2,24.6,13647.2,-9.5,52.5,47.0,50.9,59.7,271657.0,271657.0,543314.0,87.11981271246232,87.11981271246232,174.23962542492464,52.53333333333334,-0.09530855601009658
680,Company_680,Healthcare,Oceania,2020,3313.4,22.3,16294.7,6.3,52.1,48.8,48.6,58.8,284326.8,284326.8,568653.5,85.81119092171183,85.81119092171183,171.6223516629444,52.06666666666666,0.0626002180745302
680,Company_680,Healthcare,Oceania,2021,3780.6,24.2,14041.1,14.1,53.1,49.5,46.6,63.3,322742.0,322742.0,645484.0,85.36793101624082,85.36793101624082,170.73586203248163,53.133333333333326,0.14100319913080206
680,Company_680,Healthcare,Oceania,2022,4059.4,26.7,16692.6,7.4,52.1,49.5,45.0,61.8,346429.2,346429.2,692858.4,85.3400009853673,85.3400009853673,170.6800019707346,52.1,0.07374490821562718
680,Company_680,Healthcare,Oceania,2023,4577.3,25.3,13256.7,12.8,51.1,46.1,44.2,62.9,401539.4,401539.4,803078.8,87.72407314355624,87.72407314355624,175.44814628711248,51.06666666666667,0.12758043060550817
680,Company_680,Healthcare,Oceania,2024,4903.0,23.5,24256.3,7.1,49.7,43.6,44.2,61.3,438642.5,438642.5,877285.0,89.46410361003467,89.46410361003467,178.92820722006934,49.70000000000001,0.07115548467437138
680,Company_680,Healthcare,Oceania,2025,4976.8,22.7,15025.2,1.5,48.7,44.3,42.8,59.1,442888.5,442888.5,885776.9,88.99061646037615,88.99061646037615,177.9812128275197,48.73333333333333,0.01505200897409753
681,Company_681,Consumer Goods,North America,2015,1553.1,13.1,3222.6,6.2,45.8,12.7,64.4,60.3,345094.7,431368.4,1725473.6,222.1973472410019,277.74670014809095,1110.9868005923638,45.800000000000004,
681,Company_681,Consumer Goods,North America,2016,1661.6,14.0,3608.6,7.0,46.2,11.5,64.8,62.3,372043.3,465054.1,1860216.6,223.90665623495426,279.8833052479538,1119.5333413577275,46.199999999999996,0.06986027944111783
681,Company_681,Consumer Goods,North America,2017,2074.4,18.5,6058.0,24.8,47.1,11.5,66.9,62.8,464527.8,580659.8,2322639.0,223.9335711531045,279.91698804473583,1119.6678557655225,47.06666666666666,0.24843524313914322
681,Company_681,Consumer Goods,North America,2018,2108.3,18.1,5353.1,1.6,49.0,13.1,69.1,64.8,467198.1,583997.6,2335990.4,221.59944030735662,276.9992885263008,1107.9971541052032,49.0,0.0163420748168146
681,Company_681,Consumer Goods,North America,2019,2395.2,17.7,5324.5,13.6,47.0,11.7,66.2,63.2,535712.4,669640.6,2678562.2,223.6608216432866,279.5760688042752,1118.304191716767,47.03333333333334,0.13608120286486725
681,Company_681,Consumer Goods,North America,2020,2368.6,19.8,7837.7,-1.1,46.8,15.0,65.3,60.0,518803.9,648504.8,2594019.3,219.03398632103355,273.7924512370177,1095.169847167103,46.76666666666667,-0.011105544422177704
681,Company_681,Consumer Goods,North America,2021,2495.9,21.0,11008.6,5.4,47.1,15.4,65.5,60.4,545068.5,681335.6,2725342.4,218.3855523057815,272.9819303657999,1091.9277214631995,47.1,0.05374482816853843
681,Company_681,Consumer Goods,North America,2022,2438.0,22.9,11622.2,-2.3,49.1,17.9,66.8,62.7,523956.5,654945.6,2619782.5,214.91242821985233,268.6405250205086,1074.5621410992617,49.133333333333326,-0.023198044793461325
681,Company_681,Consumer Goods,North America,2023,2640.6,21.0,9810.0,8.3,47.4,16.3,65.8,60.1,573349.0,716686.3,2866745.2,217.12830417329397,271.41039915170796,1085.6415966068319,47.4,0.08310090237899925
681,Company_681,Consumer Goods,North America,2024,2707.2,17.5,7928.0,2.5,49.1,19.7,65.5,62.2,575039.3,718799.1,2875196.6,212.41108894799058,265.5138519503546,1062.055481678487,49.13333333333333,0.02522154055896375
681,Company_681,Consumer Goods,North America,2025,3100.3,16.3,6585.6,14.5,51.5,19.1,69.8,65.7,661021.9,826277.4,3305109.4,213.21223752540075,266.51530497048674,1066.0611553720607,51.53333333333334,0.1452053782505911
682,Company_682,Technology,Middle East,2015,5004.1,18.4,17909.9,6.800000000000001,40.2,77.3,32.7,10.7,164943.1,98965.9,329886.3,32.96159149497412,19.776962890429846,65.92320297356167,40.233333333333334,
682,Company_682,Technology,Middle East,2016,5179.6,16.2,22153.0,3.5,42.3,81.8,33.6,11.4,162479.9,97488.0,324959.8,31.36919839369835,18.821530620125106,62.7383967873967,42.26666666666667,0.03507124158190278
682,Company_682,Technology,Middle East,2017,5640.1,17.0,28197.6,8.9,43.4,82.8,32.6,14.9,174933.0,104959.8,349866.0,31.015939433697984,18.60956366021879,62.03187886739597,43.43333333333334,0.08890647926480799
682,Company_682,Technology,Middle East,2018,6460.7,16.6,19568.9,14.5,43.5,83.9,33.4,13.2,197878.7,118727.2,395757.3,30.628058879068835,18.376832231801508,61.25610227993871,43.5,0.14549387422208815
682,Company_682,Technology,Middle East,2019,6475.1,16.6,36324.6,0.2,45.7,84.0,35.6,17.4,198032.0,118819.2,396064.0,30.583620330187948,18.35017219811277,61.167240660375896,45.666666666666664,0.0022288606497748997
682,Company_682,Technology,Middle East,2020,5898.2,15.5,23695.2,-8.9,48.0,88.1,39.0,16.9,172011.9,103207.2,344023.9,29.163456647790852,17.49808416126954,58.32693024990676,48.0,-0.08909514910966632
682,Company_682,Technology,Middle East,2021,7280.6,16.0,18761.2,23.4,47.9,88.5,40.1,15.1,211302.8,126781.7,422605.6,29.022717907864735,17.413633491745184,58.04543581572947,47.9,0.23437658946797346
682,Company_682,Technology,Middle East,2022,8121.9,14.1,19014.6,11.6,47.5,88.3,37.6,16.5,236203.5,141722.1,472407.0,29.082296014479372,17.449377608687623,58.164592028958744,47.46666666666667,0.11555366315962967
682,Company_682,Technology,Middle East,2023,9213.4,14.7,30047.7,13.4,48.8,89.8,39.6,17.0,263322.8,157993.7,526645.6,28.58041548179825,17.14825145983025,57.1608309635965,48.800000000000004,0.13438973639173102
682,Company_682,Technology,Middle East,2024,9648.8,18.5,51587.0,4.7,47.4,90.1,39.0,13.0,274679.1,164807.5,549358.2,28.467695464721,17.080621424425836,56.935390929442,47.36666666666667,0.04725725573621031
682,Company_682,Technology,Middle East,2025,8909.8,20.1,30737.5,-7.7,50.3,91.6,40.8,18.6,248785.4,149271.2,497570.8,27.922669420189006,16.75359716267481,55.84533884037801,50.33333333333332,-0.0765898350053893
683,Company_683,Manufacturing,Asia,2015,624.3,16.3,1575.6,10.05,26.4,24.0,36.2,19.0,193297.2,257729.7,3221620.7,309.6222969726094,412.8298894762134,5160.372737465963,26.400000000000002,
683,Company_683,Manufacturing,Asia,2016,704.9,12.3,1043.7,12.9,26.7,24.6,34.0,21.4,217423.2,289897.7,3623720.8,308.445453255781,411.2607462051355,5140.758689175769,26.666666666666668,0.12910459714880673
683,Company_683,Manufacturing,Asia,2017,708.4,10.1,1512.6,0.5,27.2,24.6,36.8,20.2,218486.9,291315.9,3641448.2,308.4230660643704,411.2308018068888,5140.384246188594,27.2,0.0049652432969216065
683,Company_683,Manufacturing,Asia,2018,694.9,8.7,1167.1,-1.9,27.5,25.2,36.5,20.9,213347.8,284463.7,3555796.6,307.01942725572025,409.3591883724277,5116.990358324939,27.53333333333333,-0.019057029926595193
683,Company_683,Manufacturing,Asia,2019,825.5,7.6,1168.0,18.8,28.3,26.6,37.8,20.4,251025.9,334701.1,4183764.3,304.0895215021199,405.45257419745604,5068.157843731072,28.26666666666667,0.18794071089365372
683,Company_683,Manufacturing,Asia,2020,987.6,8.7,947.3,19.6,29.4,30.1,37.5,20.7,293018.7,390691.6,4883645.6,296.69775212636694,395.5970028351559,4944.963142972863,29.433333333333334,0.19636583888552406
683,Company_683,Manufacturing,Asia,2021,1059.2,8.1,1204.2,7.2,29.2,31.5,36.1,20.0,311232.5,414976.6,5187208.0,293.83733006042297,391.7830438066465,4897.288519637462,29.2,0.07249898744430938
683,Company_683,Manufacturing,Asia,2022,1112.4,5.2,534.7,5.0,29.5,33.4,36.1,18.9,322447.4,429929.9,5374123.9,289.86641495864797,386.4885832434376,4831.107425386552,29.46666666666667,0.05022658610271913
683,Company_683,Manufacturing,Asia,2023,1165.3,6.2,1041.2,4.8,30.8,34.7,38.0,19.8,334701.5,446268.6,5578358.1,287.22346176950145,382.96455848279413,4787.0574959237965,30.833333333333332,0.04755483638978775
683,Company_683,Manufacturing,Asia,2024,1412.2,4.0,792.2,21.2,31.9,35.7,39.6,20.4,402634.9,536846.5,6710581.8,285.1118113581646,380.1490582070528,4751.863617051409,31.900000000000006,0.21187676993048998
683,Company_683,Manufacturing,Asia,2025,1616.0,1.3,438.5,14.4,33.4,39.8,40.8,19.6,446673.9,595565.2,7444564.7,276.4071163366337,368.5428217821782,4606.785086633664,33.4,0.14431383656705843
684,Company_684,Finance,Europe,2015,939.7,15.6,1607.6,7.15,86.4,99.2,73.4,86.7,9506.8,4753.4,23766.9,10.116845801851653,5.058422900925827,25.29200808768756,86.43333333333334,
684,Company_684,Finance,Europe,2016,956.4,16.8,1957.6,1.8,86.3,97.7,74.0,87.4,9870.6,4935.3,24676.5,10.320577164366375,5.160288582183187,25.801442910915934,86.36666666666667,0.017771629243375386
684,Company_684,Finance,Europe,2017,1023.2,17.6,2261.9,7.0,87.0,98.4,73.1,89.5,10464.5,5232.2,26161.2,10.227228303362,5.113565285379202,25.568021892103204,87.0,0.06984525303220424
684,Company_684,Finance,Europe,2018,1113.5,18.4,3533.8,8.8,83.8,94.2,70.6,86.5,12031.8,6015.9,30079.5,10.805388414907947,5.402694207453973,27.01347103726987,83.76666666666667,0.08825254104769353
684,Company_684,Finance,Europe,2019,1218.5,16.2,2908.3,9.4,84.9,97.3,71.9,85.3,12639.5,6319.7,31598.6,10.372999589659416,5.1864587607714405,25.932375871973736,84.83333333333333,0.09429726088908841
684,Company_684,Finance,Europe,2020,1280.7,15.4,1632.0,5.1,84.6,97.7,71.5,84.5,13220.0,6610.0,33050.0,10.322479893808074,5.161239946904037,25.806199734520185,84.56666666666666,0.05104636848584332
684,Company_684,Finance,Europe,2021,1298.9,16.1,3014.0,1.4,84.2,97.3,70.1,85.2,13473.2,6736.6,33682.9,10.372776965124336,5.186388482562168,25.931865424590036,84.19999999999999,0.01421097837120322
684,Company_684,Finance,Europe,2022,1456.1,14.7,2898.0,12.1,85.0,100.0,66.7,88.4,14560.7,7280.3,36401.7,9.999793970194355,4.999862646796237,24.999450587184946,85.03333333333333,0.1210254831010853
684,Company_684,Finance,Europe,2023,1544.5,13.0,3570.3,6.1,87.1,100.0,71.8,89.6,15444.5,7722.3,38611.3,9.999676270637746,4.999870508255099,24.999223049530595,87.13333333333333,0.06071011606345733
684,Company_684,Finance,Europe,2024,1657.2,15.2,4314.4,7.3,88.2,98.8,76.1,89.6,16848.8,8424.4,42121.9,10.167028723147476,5.083514361573738,25.417511465121894,88.16666666666667,0.07296859825186153
684,Company_684,Finance,Europe,2025,1801.3,14.1,2511.8,8.7,88.4,100.0,73.4,91.8,18013.1,9006.6,45032.9,10.000055515461055,5.000055515461057,25.000222061844227,88.39999999999999,0.08695389814144328
685,Company_685,Energy,North America,2015,3521.4,14.3,7457.7,12.3,47.1,14.4,54.9,72.1,3870121.3,1161036.4,38701213.1,1099.0291645368318,329.70875220082917,10990.291673766116,47.133333333333326,
685,Company_685,Energy,North America,2016,3963.6,-0.2,16766.7,12.6,46.8,11.9,57.8,70.7,4425541.9,1327662.6,44255418.7,1116.5460440004038,334.9638207689979,11165.46036431527,46.800000000000004,0.12557505537570268
685,Company_685,Energy,North America,2017,4440.8,-2.2,18516.6,12.0,45.5,11.8,56.0,68.6,4961317.8,1488395.3,49613177.7,1117.2126193478653,335.16377679697354,11172.126125923258,45.46666666666666,0.12039559995963267
685,Company_685,Energy,North America,2018,5885.6,0.1,116.0,32.5,45.7,16.5,55.7,64.9,6382535.7,1914760.7,63825357.3,1084.432462280821,325.3297369851841,10844.324673780073,45.70000000000001,0.3253467843631779
685,Company_685,Energy,North America,2019,6307.3,-11.5,5587.4,7.2,45.5,16.3,56.5,63.7,6847617.5,2054285.3,68476175.1,1085.6654194346233,325.6996337577093,10856.654210200877,45.5,0.07164944950387375
685,Company_685,Energy,North America,2020,7268.1,-13.8,5381.4,15.2,45.8,20.6,55.9,60.9,7673227.0,2301968.1,76732270.3,1055.7404273468994,316.72212820406986,10557.404314745256,45.800000000000004,0.15233142549109768
685,Company_685,Energy,North America,2021,7637.6,-11.8,13682.8,5.1,46.6,22.0,54.9,62.9,7988028.3,2396408.5,79880283.1,1045.8819917251492,313.76459882685657,10458.819930344609,46.6,0.050838596056741014
685,Company_685,Energy,North America,2022,8360.8,-7.6,10365.4,9.5,46.7,24.5,55.6,60.0,8600870.3,2580261.1,86008702.7,1028.7137953305905,308.61413979523496,10287.137917424172,46.699999999999996,0.09468943123494267
685,Company_685,Energy,North America,2023,10138.5,-8.1,13214.8,21.3,47.7,24.2,57.3,61.6,10450917.0,3135275.1,104509169.6,1030.814913448735,309.2444740346205,10308.149095033781,47.699999999999996,0.21262319395273188
685,Company_685,Energy,North America,2024,12323.3,-10.5,31687.8,21.5,48.6,24.5,61.1,60.3,12672854.8,3801856.4,126728547.5,1028.3653566820576,308.5096037587335,10283.653526247028,48.633333333333326,0.21549538886423036
685,Company_685,Energy,North America,2025,13754.1,-16.7,49790.7,11.6,48.7,27.5,60.2,58.4,13857165.1,4157149.5,138571651.2,1007.4934092379726,302.248020590224,10074.934106920844,48.699999999999996,0.11610526401207477
686,Company_686,Transportation,Middle East,2015,675.3,1.2,119.0,-7.550000000000001,25.2,21.2,42.6,11.7,426209.6,71034.9,1420698.8,631.14112246409,105.1901377165704,2103.8039389900787,25.166666666666668,
686,Company_686,Transportation,Middle East,2016,619.4,3.5,422.0,-8.3,26.4,23.2,43.3,12.7,385682.3,64280.4,1285607.7,622.6708104617371,103.77849531804974,2075.569422021311,26.400000000000002,-0.08277802458166739
686,Company_686,Transportation,Middle East,2017,490.0,4.1,350.5,-20.9,27.0,26.3,42.4,12.5,298770.2,49795.0,995900.5,609.7351020408164,101.62244897959184,2032.45,27.066666666666666,-0.20891185017759117
686,Company_686,Transportation,Middle East,2018,502.3,1.0,39.3,2.5,26.7,26.1,40.8,13.1,306573.2,51095.5,1021910.7,610.3388413298826,101.72307386024288,2034.462870794346,26.666666666666668,0.0251020408163265
686,Company_686,Transportation,Middle East,2019,448.5,-0.4,596.1,-10.7,26.6,25.7,40.1,13.9,274445.8,45741.0,914819.4,611.9192865105908,101.9866220735786,2039.73110367893,26.566666666666666,-0.10710730639060329
686,Company_686,Transportation,Middle East,2020,409.7,0.6,37.5,-8.7,27.5,27.2,43.2,12.0,248137.7,41356.3,827125.8,605.6570661459605,100.94288503783257,2018.8572125945816,27.46666666666667,-0.08651059085841695
686,Company_686,Transportation,Middle East,2021,394.7,-2.2,1925.2,-3.7,27.8,27.7,43.1,12.7,238286.7,39714.4,794288.9,603.7159868254371,100.61920445908285,2012.386369394477,27.833333333333332,-0.03661215523553818
686,Company_686,Transportation,Middle East,2022,450.7,-3.2,419.4,14.2,29.3,26.7,44.6,16.7,274073.3,45678.9,913577.8,608.1058353672065,101.35100954071444,2027.0197470601288,29.333333333333332,0.14187990879148726
686,Company_686,Transportation,Middle East,2023,376.7,-6.5,1618.5,-16.4,28.8,24.6,47.3,14.6,232279.4,38713.2,774264.8,616.6164056278205,102.76931245022564,2055.38837271038,28.833333333333332,-0.16418903927224315
686,Company_686,Transportation,Middle East,2024,351.2,-6.1,248.2,-6.8,30.1,26.0,50.3,14.1,214496.7,35749.4,714989.0,610.753701594533,101.79214123006834,2035.8456719817768,30.13333333333333,-0.0676931245022564
686,Company_686,Transportation,Middle East,2025,350.0,-1.1,719.6,-0.4,30.6,29.5,50.4,11.8,208615.5,34769.2,695384.8,596.0442857142857,99.34057142857142,1986.8137142857145,30.566666666666666,-0.003416856492027276
687,Company_687,Retail,Oceania,2015,3061.5,3.7,1318.1,10.0,41.6,31.8,60.4,32.7,299180.1,149590.1,598360.3,97.7233708966193,48.86170178017312,195.44677445696556,41.63333333333333,
687,Company_687,Retail,Oceania,2016,3497.8,5.1,4335.5,14.3,41.4,32.0,59.9,32.4,341277.9,170639.0,682555.9,97.56930070329922,48.78466464634913,195.1386299959975,41.43333333333334,0.14251184060101263
687,Company_687,Retail,Oceania,2017,4212.9,2.7,1524.3,20.4,41.6,32.0,60.2,32.6,411033.1,205516.5,822066.2,97.56535877898835,48.78266752118493,195.1307175579767,41.6,0.2044427926124992
687,Company_687,Retail,Oceania,2018,5247.7,3.5,3926.7,24.6,42.1,34.4,60.3,31.7,503365.8,251682.9,1006731.7,95.92122263086685,47.960611315433425,191.8424643177011,42.13333333333333,0.24562652804481488
687,Company_687,Retail,Oceania,2019,5679.1,3.6,5080.0,8.2,43.8,36.7,63.6,31.0,535480.9,267740.5,1070961.9,94.28974661478051,47.144882111602186,188.57951083798486,43.76666666666667,0.08220744326085727
687,Company_687,Retail,Oceania,2020,6350.2,2.3,2088.8,11.8,44.5,38.8,65.2,29.5,589508.4,294754.2,1179016.8,92.83304462851564,46.41652231425782,185.66608925703127,44.5,0.11817013259143172
687,Company_687,Retail,Oceania,2021,6678.7,1.0,866.1,5.2,46.6,40.5,67.0,32.4,612247.5,306123.7,1224495.0,91.67165765792744,45.835821342476834,183.34331531585488,46.63333333333333,0.05173065415262501
687,Company_687,Retail,Oceania,2022,7626.1,1.2,1830.9,14.2,45.0,38.1,66.5,30.4,711681.2,355840.6,1423362.5,93.32177653059885,46.66088826529943,186.64356617406014,45.0,0.14185395361372732
687,Company_687,Retail,Oceania,2023,7899.9,2.0,3010.0,3.6,46.3,40.6,66.4,31.9,723346.1,361673.0,1446692.1,91.56395650577855,45.78197192369524,183.12790035316905,46.300000000000004,0.035903017269639736
687,Company_687,Retail,Oceania,2024,8473.7,2.1,4125.4,7.3,46.4,39.0,66.5,33.5,785253.3,392626.6,1570506.5,92.66947142334517,46.33472981106246,185.33893104547008,46.333333333333336,0.07263383080798502
687,Company_687,Retail,Oceania,2025,9088.5,0.0,56.0,7.3,45.9,38.7,69.4,29.6,844666.9,422333.5,1689333.8,92.93798756670517,46.46899928481047,185.87597513341035,45.900000000000006,0.07255390207347423
688,Company_688,Technology,Asia,2015,693.3,10.4,1491.6,15.55,41.1,94.8,12.6,15.9,18592.9,11155.8,37185.8,26.81797201788548,16.090869753353527,53.63594403577096,41.1,
688,Company_688,Technology,Asia,2016,785.2,15.2,2244.9,13.2,41.0,96.3,13.9,12.9,20654.6,12392.8,41309.2,26.304890473764644,15.782985226693834,52.60978094752929,41.03333333333334,0.13255444973316033
688,Company_688,Technology,Asia,2017,1045.9,18.5,2947.1,33.2,41.4,97.3,11.3,15.5,27149.2,16289.5,54298.3,25.95773974567358,15.574624725117122,51.915383879912035,41.36666666666667,0.33201732042791643
688,Company_688,Technology,Asia,2018,1173.5,19.1,5858.4,12.2,42.4,98.2,14.1,14.8,30063.3,18038.0,60126.6,25.61849169152109,15.371112057946315,51.23698338304218,42.36666666666667,0.12200019122287009
688,Company_688,Technology,Asia,2019,1388.3,18.8,5006.3,18.3,41.5,97.8,14.5,12.4,35795.9,21477.6,71591.9,25.783980407692862,15.470431462940287,51.56803284592667,41.56666666666667,0.18304218150830853
688,Company_688,Technology,Asia,2020,1521.3,17.0,6539.6,9.6,42.3,97.9,14.5,14.5,39175.0,23505.0,78350.0,25.751002432130417,15.45060145927825,51.50200486426083,42.300000000000004,0.09580061946265217
688,Company_688,Technology,Asia,2021,1986.5,18.0,12185.2,30.6,42.5,96.1,15.1,16.2,52373.0,31423.8,104746.1,26.364460105713565,15.81867606342814,52.72897055122074,42.46666666666666,0.30579109971734697
688,Company_688,Technology,Asia,2022,2306.6,15.7,5623.1,16.1,45.2,98.8,15.2,21.6,58667.8,35200.7,117335.6,25.434752449492763,15.260860140466487,50.869504898985525,45.199999999999996,0.1611376793355146
688,Company_688,Technology,Asia,2023,2406.7,17.0,12261.1,4.3,43.7,96.4,16.1,18.8,63181.6,37909.0,126363.3,26.252378775917233,15.751443885818757,52.50479910250551,43.76666666666667,0.04339720801179214
688,Company_688,Technology,Asia,2024,2767.7,11.9,5979.2,15.0,44.3,96.2,16.6,20.0,72910.4,43746.2,145820.7,26.343317556093506,15.805976081222676,52.68659898110345,44.26666666666667,0.14999792246644783
688,Company_688,Technology,Asia,2025,3467.4,12.2,7887.1,25.3,46.6,98.4,21.3,20.1,88636.3,53181.8,177272.5,25.56275595547096,15.337659341293188,51.12548307088885,46.6,0.2528091917476607
689,Company_689,Finance,Asia,2015,1000.0,15.8,2731.0,6.05,53.0,99.8,37.5,21.6,10032.8,5016.4,25082.0,10.0328,5.0164,25.082,52.96666666666667,
689,Company_689,Finance,Asia,2016,966.0,16.1,2418.7,-3.4,53.0,95.6,38.3,25.1,10259.2,5129.6,25648.1,10.620289855072464,5.310144927536232,26.550828157349894,52.99999999999999,-0.03400000000000003
689,Company_689,Finance,Asia,2017,941.9,14.0,2352.1,-2.5,55.7,97.3,39.9,29.9,9777.8,4888.9,24444.5,10.380932158403226,5.190466079201613,25.95233039600807,55.699999999999996,-0.024948240165631463
689,Company_689,Finance,Asia,2018,960.3,15.0,2735.5,2.0,54.8,96.4,38.6,29.3,10083.3,5041.7,25208.3,10.500156201187128,5.250130167655941,26.2504425700302,54.76666666666667,0.019534982482216856
689,Company_689,Finance,Asia,2019,1097.6,14.0,2238.9,14.3,56.0,99.4,40.7,28.1,11075.4,5537.7,27688.4,10.090561224489797,5.045280612244898,25.226311953352774,56.06666666666667,0.14297615328543167
689,Company_689,Finance,Asia,2020,1130.9,9.4,885.7,3.0,56.5,100.0,41.0,28.7,11309.1,5654.5,28272.7,10.000088425148112,5.0,25.000176850296224,56.56666666666666,0.030338921282798914
689,Company_689,Finance,Asia,2021,1270.0,9.3,1404.7,12.3,56.7,97.8,43.2,29.0,13086.2,6543.1,32715.5,10.304094488188976,5.152047244094488,25.76023622047244,56.666666666666664,0.12299938102396313
689,Company_689,Finance,Asia,2022,1428.2,8.3,2276.4,12.5,59.2,99.1,46.5,32.0,14465.7,7232.8,36164.2,10.128623442094945,5.064276711945106,25.32152359613499,59.199999999999996,0.12456692913385825
689,Company_689,Finance,Asia,2023,1551.0,3.5,935.8,8.6,60.0,100.0,48.0,31.9,15509.8,7754.9,38774.4,9.99987105093488,4.99993552546744,24.999613152804642,59.96666666666667,0.08598235541240729
689,Company_689,Finance,Asia,2024,1759.8,6.7,1671.1,13.5,60.2,100.0,45.9,34.6,17598.2,8799.1,43995.6,10.000113649278328,5.000056824639164,25.00034094783498,60.166666666666664,0.13462282398452619
689,Company_689,Finance,Asia,2025,1822.3,9.3,1828.7,3.5,61.7,100.0,48.9,36.2,18222.5,9111.3,45556.3,9.999725621467377,4.99989024858695,24.999341491521704,61.70000000000001,0.03551539947721327
690,Company_690,Finance,Europe,2015,2744.1,13.4,4767.9,4.15,81.8,89.7,83.9,71.9,31398.7,15699.4,78496.8,11.442257935206444,5.721147188513538,28.605663058926424,81.83333333333334,
690,Company_690,Finance,Europe,2016,2929.4,14.3,3562.9,6.8,86.4,92.2,88.7,78.4,32508.4,16254.2,81270.9,11.09728954734758,5.54864477367379,27.743189731685668,86.43333333333334,0.06752669363361408
690,Company_690,Finance,Europe,2017,3081.8,18.1,4569.6,5.2,85.7,92.4,88.2,76.6,34103.9,17051.9,85259.7,11.066227529365955,5.533097540398469,27.665552599130375,85.73333333333335,0.05202430531849522
690,Company_690,Finance,Europe,2018,3053.2,17.9,9725.5,-0.9,86.6,93.5,89.0,77.3,33298.5,16649.2,83246.2,10.906098519586008,5.453032883532033,27.265229922704048,86.60000000000001,-0.009280290739178465
690,Company_690,Finance,Europe,2019,3256.2,13.7,4457.7,6.7,86.5,92.2,89.4,77.7,36102.9,18051.5,90257.4,11.087433204348628,5.543731957496469,27.71862907683803,86.43333333333334,0.06648761954670501
690,Company_690,Finance,Europe,2020,3219.4,13.9,8681.2,-1.1,87.0,94.4,89.0,77.6,34736.1,17368.0,86840.2,10.789619183698825,5.394794061005156,26.974032428402808,87.0,-0.011301517105828829
690,Company_690,Finance,Europe,2021,3445.2,15.6,9996.7,7.0,86.7,96.5,87.2,76.3,36157.4,18078.7,90393.6,10.495007546731685,5.2475037733658425,26.23754789272031,86.66666666666667,0.0701372926632291
690,Company_690,Finance,Europe,2022,3469.6,10.9,4090.0,0.7,86.5,98.0,86.4,75.0,35686.9,17843.4,89217.2,10.285594881254324,5.142783029744063,25.713972792252708,86.46666666666665,0.007082317427145046
690,Company_690,Finance,Europe,2023,3528.3,9.7,5236.5,1.7,86.8,97.2,86.9,76.4,36685.1,18342.6,91712.9,10.397386843522375,5.19870759289176,25.993509622197656,86.83333333333333,0.016918376758127796
690,Company_690,Finance,Europe,2024,3952.4,10.3,4898.2,12.0,87.0,97.6,84.8,78.5,40834.1,20417.0,102085.2,10.331469486894038,5.165722092905576,25.828661066693652,86.96666666666665,0.12019952951846502
690,Company_690,Finance,Europe,2025,4073.9,12.9,7164.3,3.1,87.8,100.0,84.1,79.4,40738.9,20369.4,101847.2,9.99997545349665,4.99997545349665,24.999926360489948,87.83333333333333,0.030740815706912228
691,Company_691,Healthcare,Latin America,2015,2721.8,15.6,6196.2,11.850000000000001,58.9,55.3,77.7,43.6,221212.2,221212.2,442424.5,81.27423028877948,81.27423028877948,162.54849731795136,58.86666666666667,
691,Company_691,Healthcare,Latin America,2016,3304.9,13.1,4792.4,21.4,58.5,54.3,73.6,47.5,270922.9,270922.9,541845.8,81.97612635783231,81.97612635783231,163.95225271566463,58.46666666666666,0.2142332280108752
691,Company_691,Healthcare,Latin America,2017,3602.4,16.4,10531.8,9.0,58.2,56.4,71.8,46.4,290049.8,290049.8,580099.6,80.51571174772373,80.51571174772373,161.03142349544746,58.199999999999996,0.09001785227994796
691,Company_691,Healthcare,Latin America,2018,3923.5,15.1,7336.6,8.9,58.6,57.7,71.1,46.9,312265.1,312265.1,624530.3,79.58840321141837,79.58840321141837,159.1768319102842,58.56666666666667,0.0891350210970463
691,Company_691,Healthcare,Latin America,2019,4150.3,14.4,6342.2,5.8,59.3,58.6,72.5,46.7,327689.6,327689.6,655379.2,78.95564176083656,78.95564176083656,157.9112835216731,59.26666666666667,0.05780553077609274
691,Company_691,Healthcare,Latin America,2020,4770.4,14.5,7341.4,14.9,59.2,59.4,70.8,47.5,374181.5,374181.5,748363.0,78.4381812845883,78.4381812845883,156.8763625691766,59.23333333333333,0.14941088596005092
691,Company_691,Healthcare,Latin America,2021,5407.5,15.3,20172.8,13.4,62.8,65.2,75.4,47.9,402285.3,402285.3,804570.5,74.39395284327323,74.39395284327323,148.78788719371244,62.83333333333334,0.13355274190843547
691,Company_691,Healthcare,Latin America,2022,6071.5,16.8,22267.5,12.3,63.8,67.3,74.3,49.7,442383.0,442383.0,884766.0,72.86222515029235,72.86222515029235,145.7244503005847,63.76666666666667,0.12279241793804907
691,Company_691,Healthcare,Latin America,2023,6313.2,17.9,23387.8,4.0,65.7,69.4,76.7,51.0,450945.9,450945.9,901891.7,71.42905341189888,71.42905341189888,142.8580909839701,65.7,0.039808943424195053
691,Company_691,Healthcare,Latin America,2024,7168.2,18.5,16119.7,13.5,68.7,74.1,79.4,52.7,488443.3,488443.3,976886.7,68.14030021483775,68.14030021483775,136.28061438017912,68.73333333333333,0.1354305265158715
691,Company_691,Healthcare,Latin America,2025,7986.6,17.2,15634.1,11.4,70.7,77.7,80.7,53.6,523945.1,523945.1,1047890.3,65.60302256279267,65.60302256279267,131.20605764655798,70.66666666666667,0.11417092157026887
692,Company_692,Healthcare,Asia,2015,817.8,8.3,937.5,12.1,66.8,85.5,40.7,74.3,49195.9,49195.9,98391.9,60.156395206652,60.156395206652,120.31291269258988,66.83333333333333,
692,Company_692,Healthcare,Asia,2016,956.3,10.3,1074.6,16.9,71.3,88.3,46.4,79.2,55658.6,55658.6,111317.1,58.20202865209662,58.20202865209662,116.40395273449755,71.3,0.169356810956224
692,Company_692,Healthcare,Asia,2017,1005.0,9.8,1690.6,5.1,73.0,89.4,47.2,82.3,57683.4,57683.4,115366.8,57.39641791044776,57.39641791044776,114.79283582089552,72.96666666666668,0.050925441806964455
692,Company_692,Healthcare,Asia,2018,1195.5,4.3,978.3,18.9,75.4,92.3,50.2,83.7,66185.8,66185.8,132371.7,55.36244249268089,55.36244249268089,110.7249686323714,75.39999999999999,0.18955223880597005
692,Company_692,Healthcare,Asia,2019,1346.4,3.6,577.7,12.6,76.5,95.5,47.4,86.7,71531.3,71531.3,143062.6,53.12782234105763,53.12782234105763,106.25564468211526,76.53333333333335,0.12622333751568382
692,Company_692,Healthcare,Asia,2020,1475.2,6.4,1314.9,9.6,78.2,97.1,49.9,87.7,76711.5,76711.5,153423.0,52.0007456616052,52.0007456616052,104.0014913232104,78.23333333333333,0.09566250742721327
692,Company_692,Healthcare,Asia,2021,1645.9,4.4,1764.0,11.6,79.7,99.7,51.5,87.9,82657.2,82657.2,165314.4,50.220061972173276,50.220061972173276,100.44012394434655,79.7,0.11571312364425168
692,Company_692,Healthcare,Asia,2022,1986.8,0.5,181.9,20.7,80.0,100.0,51.2,88.7,99338.2,99338.2,198676.5,49.99909402053554,49.99909402053554,99.99823837326355,79.96666666666665,0.20712072422382888
692,Company_692,Healthcare,Asia,2023,2164.6,-1.9,9310.9,9.0,80.2,100.0,48.4,92.2,108232.3,108232.3,216464.7,50.00106255197265,50.00106255197265,100.00217130185716,80.2,0.08949063821220049
692,Company_692,Healthcare,Asia,2024,2389.7,-2.7,8081.2,10.4,79.0,98.2,46.7,92.1,122577.8,122577.8,245155.6,51.2942210319287,51.2942210319287,102.5884420638574,79.0,0.10399149958421883
692,Company_692,Healthcare,Asia,2025,2820.5,1.6,654.5,18.0,78.7,97.0,49.8,89.2,146857.9,146857.9,293715.8,52.06803758198901,52.06803758198901,104.13607516397802,78.66666666666667,0.18027367451981435
693,Company_693,Retail,Africa,2015,509.0,2.5,132.7,5.6,43.4,53.4,57.5,19.2,42066.4,21033.2,84132.7,82.64518664047152,41.32259332023576,165.2901768172888,43.36666666666667,
693,Company_693,Retail,Africa,2016,563.0,-2.0,1695.0,10.6,42.3,54.4,57.8,14.6,46139.1,23069.5,92278.2,81.95222024866784,40.97602131438721,163.90444049733568,42.26666666666666,0.10609037328094306
693,Company_693,Retail,Africa,2017,544.9,0.6,71.4,-3.2,44.1,57.3,60.0,14.8,43519.1,21759.5,87038.2,79.86621398421728,39.93301523215269,159.73242796843456,44.03333333333333,-0.032149200710479664
693,Company_693,Retail,Africa,2018,562.1,1.1,127.4,3.2,47.4,58.7,65.8,17.5,44342.6,22171.3,88685.1,78.88738658601672,39.44369329300836,157.77459526774595,47.333333333333336,0.031565424848596146
693,Company_693,Retail,Africa,2019,577.4,1.9,211.7,2.7,48.9,61.4,68.0,17.2,44481.6,22240.8,88963.2,77.03775545549013,38.518877727745064,154.07551091098026,48.86666666666667,0.027219355986479288
693,Company_693,Retail,Africa,2020,693.7,4.3,684.9,20.1,49.2,63.5,67.8,16.4,52428.9,26214.4,104857.8,75.57863629811158,37.78924607178896,151.15727259622315,49.23333333333334,0.20142015933494983
693,Company_693,Retail,Africa,2021,805.9,2.8,360.1,16.2,50.7,63.9,70.6,17.6,60654.5,30327.3,121309.0,75.26305993299417,37.63159200893411,150.52611986598833,50.699999999999996,0.16174138676661376
693,Company_693,Retail,Africa,2022,704.2,2.4,361.5,-12.6,51.8,63.0,72.8,19.6,53452.4,26726.2,106904.7,75.90514058506106,37.95257029253053,151.81013916500993,51.800000000000004,-0.12619431691276828
693,Company_693,Retail,Africa,2023,604.5,1.6,215.3,-14.2,52.1,65.1,71.7,19.5,45002.9,22501.5,90005.8,74.4464846980976,37.22332506203474,148.8929693961952,52.1,-0.1415790968474866
693,Company_693,Retail,Africa,2024,653.0,1.7,144.7,8.0,51.9,63.3,71.5,21.0,49446.7,24723.4,98893.4,75.72235834609494,37.86125574272588,151.44471669218987,51.93333333333334,0.0802315963606286
693,Company_693,Retail,Africa,2025,709.8,1.2,108.9,8.7,52.5,63.8,72.6,21.0,53479.7,26739.8,106959.3,75.34474499859115,37.672302056917445,150.68934911242604,52.46666666666666,0.08698315467075024
694,Company_694,Consumer Goods,North America,2015,1815.2,11.2,3933.5,13.4,71.7,57.6,61.6,95.9,289387.2,361734.0,1446936.1,159.4244160423094,199.28052005288674,797.1221353018951,71.7,
694,Company_694,Consumer Goods,North America,2016,2077.7,8.9,4573.4,14.5,72.0,57.1,64.3,94.6,332694.5,415868.2,1663472.7,160.1263416277615,200.1579631323098,800.6318043990952,72.0,0.144612163948876
694,Company_694,Consumer Goods,North America,2017,2679.1,6.9,2911.9,28.9,72.1,60.1,63.0,93.1,417475.6,521844.5,2087378.2,155.8268075099847,194.78350938748088,779.1341122018589,72.06666666666666,0.2894546854695097
694,Company_694,Consumer Goods,North America,2018,3008.4,6.4,3280.3,12.3,70.9,62.3,59.3,91.1,459610.3,574512.9,2298051.7,152.775661481186,190.96958516154766,763.8783738864513,70.89999999999999,0.1229144115561196
694,Company_694,Consumer Goods,North America,2019,2994.0,5.7,2875.1,-0.5,71.8,62.6,59.3,93.6,456262.8,570328.5,2281313.9,152.39238476953906,190.49048096192385,761.9618904475618,71.83333333333333,-0.004786597526924674
694,Company_694,Consumer Goods,North America,2020,3310.8,5.9,4429.2,10.6,71.5,62.9,58.5,92.9,503041.4,628801.8,2515207.2,151.93953123112237,189.9244291409931,759.6977165639724,71.43333333333334,0.10581162324649296
694,Company_694,Consumer Goods,North America,2021,3882.6,7.1,6507.3,17.3,70.7,60.9,60.1,90.9,600522.5,750653.1,3002612.3,154.67019523000053,193.33773759851647,773.3509246381291,70.63333333333334,0.1727075027183762
694,Company_694,Consumer Goods,North America,2022,4775.2,9.2,10654.4,23.0,70.6,62.9,58.6,90.3,725697.4,907121.8,3628487.1,151.97214776344447,189.96519517507122,759.8607597587536,70.60000000000001,0.22989749137176108
694,Company_694,Consumer Goods,North America,2023,5067.4,11.5,6276.1,6.1,71.4,63.1,59.9,91.2,768222.3,960277.9,3841111.6,151.60088013576984,189.50110510320877,758.0044204128351,71.39999999999999,0.06119115429720212
694,Company_694,Consumer Goods,North America,2024,5875.4,13.3,14285.5,15.9,72.9,64.3,60.2,94.2,880839.2,1101049.0,4404195.8,149.91986928549545,187.39983660686934,749.5993123872418,72.89999999999999,0.15945060583336623
694,Company_694,Consumer Goods,North America,2025,6571.9,11.4,11217.6,11.9,72.5,61.0,60.6,95.9,1016359.8,1270449.8,5081799.2,154.65235320074865,193.31544910908568,773.2617964363427,72.5,0.11854512033223275
695,Company_695,Manufacturing,Latin America,2015,653.5,11.8,1609.2,1.75,51.8,55.5,60.3,39.7,159144.4,212192.6,2652407.3,243.52624330527925,324.7017597551645,4058.7716908951793,51.833333333333336,
695,Company_695,Manufacturing,Latin America,2016,679.4,12.3,1786.8,4.0,50.4,56.1,58.5,36.7,164497.7,219330.2,2741627.6,242.1220194289079,322.82926111274656,4035.365911098028,50.43333333333334,0.039632746748278436
695,Company_695,Manufacturing,Latin America,2017,750.3,11.4,1230.6,10.4,53.2,60.0,56.1,43.4,175577.2,234102.9,2926286.4,234.00932960149277,312.0123950419832,3900.1551379448224,53.166666666666664,0.10435678539888138
695,Company_695,Manufacturing,Latin America,2018,716.1,9.0,545.7,-4.6,52.5,56.3,55.1,45.9,173076.0,230767.9,2884599.3,241.69250104733976,322.25652841781874,4028.207373271889,52.43333333333334,-0.04558176729308272
695,Company_695,Manufacturing,Latin America,2019,744.1,6.7,895.8,3.9,56.6,59.6,59.4,50.9,174828.9,233105.1,2913814.2,234.9535008735385,313.2712001075124,3915.8906061013304,56.63333333333333,0.03910068426197455
695,Company_695,Manufacturing,Latin America,2020,867.7,7.7,812.7,16.6,57.4,59.7,58.6,53.8,203515.4,271353.9,3391923.6,234.54581076408894,312.72778610118706,3909.09715339403,57.366666666666674,0.16610670608789135
695,Company_695,Manufacturing,Latin America,2021,873.0,8.6,1047.7,0.6,58.1,61.7,57.2,55.6,201237.2,268316.2,3353952.9,230.5122565864834,307.3495990836197,3841.870446735395,58.166666666666664,0.006108101878529393
695,Company_695,Manufacturing,Latin America,2022,881.9,8.5,624.5,1.0,57.0,62.4,55.5,53.0,201992.5,269323.4,3366542.3,229.04240843633065,305.3899535094682,3817.3741920852704,56.96666666666667,0.010194730813287478
695,Company_695,Manufacturing,Latin America,2023,843.1,6.3,623.1,-4.4,55.9,61.5,54.1,51.9,194553.3,259404.5,3242555.6,230.75945913889217,307.6793974617483,3845.9916973075556,55.833333333333336,-0.043995917904524284
695,Company_695,Manufacturing,Latin America,2024,814.5,7.7,1335.1,-3.4,57.0,62.9,53.1,54.9,185616.7,247488.9,3093611.4,227.89036218538982,303.8537753222836,3798.1723756906076,56.96666666666667,-0.033922429130589515
695,Company_695,Manufacturing,Latin America,2025,834.7,4.7,475.4,2.5,58.3,63.4,51.8,59.6,189375.6,252500.8,3156260.0,226.87863903198755,302.50485204265004,3781.3106505331257,58.26666666666666,0.024800491098833755
696,Company_696,Healthcare,Asia,2015,1621.5,13.8,5604.0,9.2,43.1,61.3,43.3,24.8,125029.1,125029.1,250058.3,77.10706136293555,77.10706136293555,154.2141843971631,43.13333333333333,
696,Company_696,Healthcare,Asia,2016,1773.6,13.5,5412.6,9.4,43.6,61.9,44.8,24.1,136007.4,136007.4,272014.8,76.68437077131259,76.68437077131259,153.36874154262517,43.599999999999994,0.0938020351526363
696,Company_696,Healthcare,Asia,2017,2195.4,13.1,5666.9,23.8,44.4,63.2,43.7,26.4,166273.9,166273.9,332547.8,75.73740548419421,75.73740548419421,151.47481096838843,44.43333333333334,0.23782138024357247
696,Company_696,Healthcare,Asia,2018,2427.3,11.3,5302.9,10.6,42.3,62.6,40.8,23.5,184903.9,184903.9,369807.9,76.17678078523461,76.17678078523461,152.3536027685082,42.300000000000004,0.10562995353921845
696,Company_696,Healthcare,Asia,2019,2552.0,10.8,6850.1,5.1,43.4,64.7,42.0,23.4,190716.1,190716.1,381432.2,74.73201410658308,74.73201410658308,149.46402821316616,43.36666666666667,0.05137395459976091
696,Company_696,Healthcare,Asia,2020,3057.4,13.8,7033.2,19.8,44.6,65.6,45.2,23.1,226493.9,226493.9,452987.9,74.08055864459999,74.08055864459999,148.16114999672925,44.63333333333333,0.1980407523510972
696,Company_696,Healthcare,Asia,2021,3288.0,14.5,9450.3,7.5,44.2,64.0,45.2,23.4,247170.3,247170.3,494340.7,75.17344890510948,75.17344890510948,150.3469282238443,44.199999999999996,0.07542356250408844
696,Company_696,Healthcare,Asia,2022,3584.6,14.9,13117.9,9.0,47.0,67.7,44.2,29.2,260204.4,260204.4,520408.8,72.58952184344139,72.58952184344139,145.17904368688278,47.03333333333333,0.09020681265206809
696,Company_696,Healthcare,Asia,2023,4001.8,13.0,9461.6,11.6,47.9,70.7,44.6,28.2,282034.4,282034.4,564068.8,70.47688540156929,70.47688540156929,140.95377080313858,47.833333333333336,0.11638676560843608
696,Company_696,Healthcare,Asia,2024,3630.2,12.8,10472.8,-9.3,50.0,75.0,44.6,30.4,245147.0,245147.0,490294.0,67.52988816043194,67.52988816043194,135.05977632086388,50.0,-0.09285821380378834
696,Company_696,Healthcare,Asia,2025,3939.9,13.3,5933.4,8.5,51.8,77.1,47.4,30.8,260187.4,260187.4,520374.9,66.03908728647934,66.03908728647934,132.07819995431356,51.76666666666667,0.08531210401630762
697,Company_697,Healthcare,North America,2015,1933.6,10.0,2131.2,0.19999999999999996,60.0,57.6,60.7,61.8,154110.1,154110.1,308220.2,79.70112743069922,79.70112743069922,159.40225486139843,60.03333333333334,
697,Company_697,Healthcare,North America,2016,2032.8,11.2,3933.1,5.1,63.3,61.6,62.3,66.0,156267.9,156267.9,312535.8,76.8732290436836,76.8732290436836,153.7464580873672,63.300000000000004,0.051303268514687694
697,Company_697,Healthcare,North America,2017,2112.0,12.2,5692.2,3.9,62.9,59.9,65.0,63.7,164836.1,164836.1,329672.1,78.04739583333334,78.04739583333334,156.0947443181818,62.866666666666674,0.038961038961039085
697,Company_697,Healthcare,North America,2018,2188.5,6.0,3177.2,3.6,60.1,60.5,58.9,61.0,169939.7,169939.7,339879.4,77.65122229837789,77.65122229837789,155.30244459675578,60.13333333333333,0.03622159090909083
697,Company_697,Healthcare,North America,2019,2118.0,9.2,2516.9,-3.2,59.9,62.0,59.7,58.0,162282.5,162282.5,324565.0,76.62063267233239,76.62063267233239,153.24126534466478,59.9,-0.03221384509938319
697,Company_697,Healthcare,North America,2020,2044.0,7.8,2057.6,-3.5,61.8,62.6,62.0,60.8,155775.5,155775.5,311550.9,76.21110567514677,76.21110567514677,152.4221624266145,61.79999999999999,-0.034938621340887654
697,Company_697,Healthcare,North America,2021,1959.3,9.1,1890.6,-4.1,60.9,59.4,61.6,61.7,153690.8,153690.8,307381.6,78.44168835808706,78.44168835808706,156.88337671617413,60.9,-0.04143835616438363
697,Company_697,Healthcare,North America,2022,2168.3,6.1,1564.1,10.7,60.1,56.9,61.1,62.4,173798.8,173798.8,347597.5,80.15440667804269,80.15440667804269,160.30876723700592,60.13333333333333,0.10667074975756652
697,Company_697,Healthcare,North America,2023,1988.6,5.7,1357.1,-8.3,61.5,59.8,63.1,61.7,155438.4,155438.4,310876.8,78.16473901237052,78.16473901237052,156.32947802474104,61.53333333333334,-0.08287598579532363
697,Company_697,Healthcare,North America,2024,2200.7,5.8,1690.3,10.7,61.4,61.4,63.8,59.0,169458.8,169458.8,338917.7,77.002226564275,77.002226564275,154.00449856863727,61.4,0.1066579503168057
697,Company_697,Healthcare,North America,2025,2102.3,6.6,3153.0,-4.5,62.3,63.0,64.4,59.4,159607.9,159607.9,319215.9,75.92061075964419,75.92061075964419,151.84126908623887,62.26666666666667,-0.044713045849047894
698,Company_698,Retail,Oceania,2015,3175.4,2.0,1493.4,-1.9000000000000001,75.4,59.0,72.2,94.9,249817.7,124908.9,499635.4,78.67282862001638,39.336430056055924,157.34565724003275,75.36666666666666,
698,Company_698,Retail,Oceania,2016,2928.0,2.4,745.6,-7.8,76.1,60.7,71.5,96.3,227047.7,113523.9,454095.5,77.54361338797814,38.7718237704918,155.08726092896174,76.16666666666667,-0.07791144422749896
698,Company_698,Retail,Oceania,2017,3030.3,1.4,1070.6,3.5,76.9,63.3,71.5,95.8,229360.6,114680.3,458721.2,75.68907368907368,37.84453684453684,151.37814737814736,76.86666666666667,0.03493852459016389
698,Company_698,Retail,Oceania,2018,2911.9,1.4,654.3,-3.9,77.2,66.9,69.3,95.4,213041.8,106520.9,426083.7,73.16247123871011,36.581235619355056,146.3249768192589,77.2,-0.039072039072039044
698,Company_698,Retail,Oceania,2019,2966.7,5.0,3695.3,1.9,78.1,71.8,67.1,95.3,206850.3,103425.2,413700.6,69.72403680857518,34.86203525803081,139.44807361715036,78.06666666666666,0.01881932758679894
698,Company_698,Retail,Oceania,2020,3155.9,5.9,3254.7,6.4,79.8,73.1,71.5,94.9,217209.6,108604.8,434419.2,68.82651541557084,34.41325770778542,137.65303083114168,79.83333333333333,0.06377456433073792
698,Company_698,Retail,Oceania,2021,3147.2,5.8,2891.1,-0.3,81.4,71.5,73.8,98.8,220142.9,110071.4,440285.7,69.94881164209457,34.97438993390951,139.89759150991358,81.36666666666667,-0.0027567413416141884
698,Company_698,Retail,Oceania,2022,2953.1,6.4,3332.0,-6.2,82.6,74.0,76.4,97.4,201418.5,100709.3,402837.0,68.20578375266669,34.10290880769361,136.41156750533338,82.60000000000001,-0.06167386883579051
698,Company_698,Retail,Oceania,2023,2934.9,6.5,4435.3,-0.6,82.8,77.2,73.9,97.2,193656.9,96828.4,387313.7,65.98415618930798,32.992061058298404,131.9682783059048,82.76666666666667,-0.006163015136635974
698,Company_698,Retail,Oceania,2024,2809.5,3.9,2103.5,-4.3,83.1,76.7,76.0,96.7,186372.8,93186.4,372745.5,66.33664353087738,33.16832176543869,132.6732514682328,83.13333333333333,-0.042727179801696824
698,Company_698,Retail,Oceania,2025,2719.7,3.6,1796.2,-3.2,81.7,73.4,75.8,95.8,186723.4,93361.7,373446.8,68.6558811633636,34.3279405816818,137.3117623267272,81.66666666666667,-0.03196298273714193
699,Company_699,Transportation,Oceania,2015,600.2,2.3,169.8,4.1,63.6,30.9,91.5,68.5,354280.8,59046.8,1180936.1,590.2712429190269,98.37854048650449,1967.5709763412196,63.63333333333333,
699,Company_699,Transportation,Oceania,2016,592.6,4.0,329.7,-1.3,63.6,34.1,86.9,69.7,341911.9,56985.3,1139706.5,576.9691191360108,96.16149173135337,1923.2306783665204,63.56666666666666,-0.012662445851382875
699,Company_699,Transportation,Oceania,2017,661.7,-0.4,2559.2,11.7,63.6,35.3,87.3,68.3,378389.6,63064.9,1261298.7,571.8446425872751,95.30739005591657,1906.1488589995465,63.633333333333326,0.11660479244009458
699,Company_699,Transportation,Oceania,2018,603.8,-2.7,616.9,-8.7,64.6,35.9,86.8,71.3,343836.1,57306.0,1146120.4,569.4536270288176,94.90891023517722,1898.178867174561,64.66666666666667,-0.08750188907359846
699,Company_699,Transportation,Oceania,2019,660.9,-5.1,3184.9,9.5,65.3,37.1,87.8,71.0,372874.7,62145.8,1242915.6,564.1923135118777,94.03207747011652,1880.640944167045,65.3,0.0945677376614773
699,Company_699,Transportation,Oceania,2020,675.3,-3.1,2814.1,2.2,65.5,38.6,87.4,70.4,376786.2,62797.7,1255954.1,557.9537983118614,92.99229971864357,1859.8461424552054,65.46666666666667,0.021788470267816606
699,Company_699,Transportation,Oceania,2021,704.9,-5.0,1380.0,4.4,65.4,39.3,87.9,69.1,391231.9,65205.3,1304106.4,555.0175911476806,92.50290821393106,1850.0587317349978,65.43333333333334,0.04383237079816382
699,Company_699,Transportation,Oceania,2022,768.9,-8.1,613.7,9.1,65.3,36.9,89.9,69.1,434501.8,72417.0,1448339.2,565.0953309923267,94.18259851736246,1883.650929899857,65.3,0.09079302028656544
699,Company_699,Transportation,Oceania,2023,809.1,-9.1,1150.3,5.2,66.8,37.8,92.3,70.2,454105.3,75684.2,1513684.4,561.2474354220739,93.54121863799283,1870.8248671363242,66.76666666666667,0.05228248146703085
699,Company_699,Transportation,Oceania,2024,840.2,-12.0,923.4,3.8,66.6,36.5,94.2,69.2,476290.8,79381.8,1587636.1,566.8778862175672,94.47964770292788,1889.5930730778387,66.63333333333333,0.03843777036213081
699,Company_699,Transportation,Oceania,2025,845.0,-8.5,1751.1,0.6,66.5,34.1,93.4,72.0,487527.2,81254.5,1625090.7,576.9552662721894,96.15917159763313,1923.1842603550294,66.5,0.005712925493929877
700,Company_700,Technology,Asia,2015,7161.7,11.3,24526.8,10.2,71.6,99.9,55.4,59.6,179203.5,107522.1,358407.0,25.022480695924152,15.013488417554493,50.044961391848304,71.63333333333334,
700,Company_700,Technology,Asia,2016,7881.1,12.0,22780.0,10.0,70.7,99.3,54.7,58.0,198838.0,119302.8,397676.1,25.229726814784737,15.137836088870843,50.45946631815355,70.66666666666667,0.10045101023500025
700,Company_700,Technology,Asia,2017,8574.1,18.5,28672.1,8.8,69.9,97.0,57.0,55.8,223444.7,134066.8,446889.4,26.060426167177898,15.636253367700398,52.120852334355796,69.93333333333334,0.08793188768065363
700,Company_700,Technology,Asia,2018,9364.4,19.8,55851.0,9.2,71.9,99.8,57.3,58.7,234756.8,140854.1,469513.6,25.069070095254368,15.041444192900775,50.138140190508736,71.93333333333334,0.09217293943387639
700,Company_700,Technology,Asia,2019,11018.5,20.2,64329.9,17.7,72.4,100.0,56.8,60.3,275461.4,165276.8,550922.8,24.999900167899444,14.999936470481462,49.99980033579889,72.36666666666667,0.176637050958951
700,Company_700,Technology,Asia,2020,12646.1,23.3,77584.5,14.8,71.2,100.0,54.8,58.8,316152.6,189691.5,632305.1,25.000007907576247,15.0,50.00000790757625,71.2,0.1477152062440441
700,Company_700,Technology,Asia,2021,14189.6,21.4,54268.1,12.2,71.5,100.0,57.4,57.0,354740.8,212844.5,709481.5,25.000056379320064,15.000035237075041,50.000105711225125,71.46666666666667,0.12205343940028945
700,Company_700,Technology,Asia,2022,15671.3,23.9,90574.1,10.4,71.6,100.0,60.3,54.5,391782.5,235069.5,783564.9,25.0,15.0,49.999993618908455,71.60000000000001,0.10442154817612881
700,Company_700,Technology,Asia,2023,16737.0,24.5,80831.2,6.8,70.3,96.4,60.6,53.9,439449.1,263669.5,878898.3,26.256145067813826,15.753689430602856,52.512296110414056,70.3,0.06800329264323968
700,Company_700,Technology,Asia,2024,16665.2,22.1,112203.9,-0.4,70.8,94.8,63.3,54.4,447019.0,268211.4,894038.0,26.823500468041185,16.094100280824712,53.64700093608237,70.83333333333333,-0.004289896636195167
700,Company_700,Technology,Asia,2025,18422.8,17.9,84897.5,10.5,72.6,96.2,66.1,55.6,485242.7,291145.6,970485.3,26.33924810560827,15.803547777753652,52.67849078316,72.63333333333334,0.10546528094472296
701,Company_701,Transportation,Europe,2015,256.2,-7.6,1067.8,-3.1,64.9,16.0,92.4,86.3,167202.9,27867.1,557343.0,652.6264637002342,108.77088212334114,2175.4215456674474,64.89999999999999,
701,Company_701,Transportation,Europe,2016,249.1,-5.0,800.0,-2.8,65.4,19.1,88.5,88.5,159335.3,26555.9,531117.6,639.6439181051786,106.60738659173023,2132.1461260537935,65.36666666666666,-0.02771272443403594
701,Company_701,Transportation,Europe,2017,237.7,-3.5,1165.5,-4.6,63.5,18.1,87.8,84.6,153116.0,25519.3,510386.6,644.1564997896509,107.35927639882205,2147.1880521665967,63.5,-0.04576475311120032
701,Company_701,Transportation,Europe,2018,235.4,-2.7,655.8,-1.0,64.3,18.5,89.8,84.7,151224.3,25204.0,504080.8,642.4141886151232,107.06881903143585,2141.3797790994054,64.33333333333333,-0.009676062263357155
701,Company_701,Transportation,Europe,2019,210.9,-2.7,339.5,-10.4,64.8,18.7,89.5,86.1,135274.2,22545.7,450913.9,641.4139402560455,106.90232337600759,2138.045993361783,64.76666666666667,-0.10407816482582832
701,Company_701,Transportation,Europe,2020,211.0,-1.6,351.8,0.0,65.5,19.5,90.4,86.6,134587.9,22431.3,448626.4,637.857345971564,106.30947867298578,2126.191469194313,65.5,0.00047415836889519447
701,Company_701,Transportation,Europe,2021,204.5,1.7,31.7,-3.1,66.5,20.7,92.7,86.2,129461.2,21576.9,431537.2,633.0621026894866,105.51051344743277,2110.206356968215,66.53333333333335,-0.03080568720379151
701,Company_701,Transportation,Europe,2022,173.2,2.9,57.2,-15.3,63.5,18.0,89.0,83.6,111625.0,18604.2,372083.2,644.486143187067,107.41454965357968,2148.2863741339493,63.53333333333333,-0.15305623471882646
701,Company_701,Transportation,Europe,2023,167.8,3.0,75.5,-3.1,64.5,15.6,92.4,85.4,109828.6,18304.8,366095.3,654.5208581644815,109.08700834326578,2181.7359952324196,64.46666666666667,-0.031177829099306997
701,Company_701,Transportation,Europe,2024,157.7,-0.3,407.6,-6.0,64.6,14.4,94.5,84.8,103999.7,17333.3,346665.6,659.4781230183894,109.9131261889664,2198.259987317692,64.56666666666666,-0.060190703218116925
701,Company_701,Transportation,Europe,2025,170.0,0.7,19.9,7.8,65.6,16.3,95.6,84.9,110822.5,18470.4,369408.3,651.8970588235294,108.64941176470589,2172.99,65.60000000000001,0.07799619530754609
702,Company_702,Manufacturing,Latin America,2015,2662.7,10.2,2327.3,0.25,49.5,43.6,37.6,67.4,714928.1,953237.5,11915469.0,268.49742742329215,357.9965824163443,4474.957374093965,49.53333333333334,
702,Company_702,Manufacturing,Latin America,2016,2671.0,11.9,4786.4,0.3,48.2,41.4,35.5,67.9,729451.0,972601.4,12157517.4,273.10033695245227,364.1338075627106,4551.672557094721,48.26666666666667,0.0031171367409021933
702,Company_702,Manufacturing,Latin America,2017,2645.6,11.0,5205.9,-0.9,49.2,41.8,36.8,68.9,720259.4,960345.9,12004323.8,272.2480344723314,362.99739189597824,4537.467417599033,49.166666666666664,-0.009509546986147588
702,Company_702,Manufacturing,Latin America,2018,2663.0,9.9,2567.7,0.7,49.9,41.1,36.6,72.0,729067.9,972090.5,12151131.8,273.7769057453999,365.0358618099887,4562.948479158844,49.9,0.006576957967946884
702,Company_702,Manufacturing,Latin America,2019,2925.8,10.9,2649.8,9.9,48.4,39.9,33.7,71.5,808039.0,1077385.3,13467316.8,276.17711395173967,368.23614054275754,4602.951944767243,48.36666666666667,0.09868569282763806
702,Company_702,Manufacturing,Latin America,2020,3382.2,6.4,3365.4,15.6,49.2,39.1,36.7,71.7,939734.8,1252979.7,15662246.2,277.8472000473065,370.46292354089053,4630.786529477855,49.166666666666664,0.15599152368582936
702,Company_702,Manufacturing,Latin America,2021,3300.3,11.9,7477.1,-2.4,50.5,43.6,39.2,68.7,885631.9,1180842.5,14760531.3,268.3489076750598,357.79853346665453,4472.48168348332,50.5,-0.024215007982969605
702,Company_702,Manufacturing,Latin America,2022,3341.1,6.0,2536.6,1.2,52.7,42.9,42.5,72.9,902126.1,1202834.8,15035435.1,270.00870970638414,360.0116129418455,4500.145191703331,52.76666666666667,0.012362512498863554
702,Company_702,Manufacturing,Latin America,2023,3011.3,6.2,1760.2,-9.9,51.9,44.4,41.4,69.9,803332.1,1071109.5,13388868.5,266.7725234948361,355.6967090625311,4446.208780261017,51.9,-0.09871000568674981
702,Company_702,Manufacturing,Latin America,2024,3017.7,10.4,5385.4,0.2,53.2,46.9,43.6,69.1,788922.2,1051896.3,13148703.6,261.4316201080293,348.5755045233125,4357.193756834676,53.199999999999996,0.002125327931458143
702,Company_702,Manufacturing,Latin America,2025,2702.9,8.2,2800.3,-10.4,52.5,45.6,45.0,67.0,714342.2,952456.3,11905703.2,264.2873210255651,352.3831070331866,4404.788634429686,52.53333333333333,-0.10431785797130255
703,Company_703,Retail,Oceania,2015,604.4,9.1,1235.8,4.7,59.4,49.2,85.2,43.8,51710.5,25855.3,103421.0,85.55675049636002,42.778457974851094,171.11350099272005,59.4,
703,Company_703,Retail,Oceania,2016,643.2,8.7,615.8,6.4,60.4,48.5,84.9,47.8,55324.0,27662.0,110648.1,86.01368159203979,43.006840796019894,172.0275186567164,60.4,0.06419589675711457
703,Company_703,Retail,Oceania,2017,673.7,8.6,1391.9,4.7,59.9,49.0,85.0,45.8,57752.2,28876.1,115504.3,85.7239127207956,42.8619563603978,171.44767700757012,59.93333333333334,0.04741915422885579
703,Company_703,Retail,Oceania,2018,738.0,10.4,1709.1,9.5,60.3,49.8,83.3,47.6,62813.9,31406.9,125627.8,85.11368563685637,42.55677506775068,170.22737127371275,60.23333333333333,0.09544307555291676
703,Company_703,Retail,Oceania,2019,759.0,12.5,1170.1,2.9,61.4,51.2,83.4,49.5,63867.1,31933.6,127734.3,84.1463768115942,42.07325428194993,168.29288537549408,61.366666666666674,0.028455284552845628
703,Company_703,Retail,Oceania,2020,794.5,14.4,1885.0,4.7,62.6,54.0,85.6,48.1,65302.1,32651.0,130604.1,82.19269981120202,41.096286972938955,164.38527375707994,62.56666666666666,0.04677206851119897
703,Company_703,Retail,Oceania,2021,864.9,13.5,2539.5,8.9,62.8,52.3,85.6,50.6,72115.7,36057.8,144231.4,83.38039079662389,41.69013758816048,166.76078159324777,62.83333333333332,0.08860918816865948
703,Company_703,Retail,Oceania,2022,932.3,9.8,2261.0,7.8,64.4,57.0,85.0,51.1,74680.0,37340.0,149360.0,80.10297114662663,40.051485573313315,160.20594229325326,64.36666666666666,0.07792808417158059
703,Company_703,Retail,Oceania,2023,786.2,10.0,1129.5,-15.7,65.5,58.9,85.1,52.4,61900.2,30950.1,123800.3,78.7334011701857,39.36670058509285,157.46667514627322,65.46666666666667,-0.15670921377239078
703,Company_703,Retail,Oceania,2024,798.6,9.6,843.4,1.6,64.8,60.8,84.4,49.3,61829.5,30914.7,123659.0,77.42236413724017,38.71111945905334,154.84472827448033,64.83333333333333,0.01577206817603649
703,Company_703,Retail,Oceania,2025,835.0,10.5,997.0,4.6,65.9,61.0,83.0,53.8,64534.6,32267.3,129069.3,77.28694610778443,38.643473053892215,154.5740119760479,65.93333333333334,0.045579764588028926
704,Company_704,Utilities,Europe,2015,621.1,10.4,815.2,-0.3,73.2,34.7,90.8,93.9,475434.1,297146.3,4754341.2,765.4710996618901,478.4194171630977,7654.71131862824,73.13333333333334,
704,Company_704,Utilities,Europe,2016,567.2,11.5,728.9,-8.7,74.3,37.4,91.4,94.1,425752.6,266095.4,4257526.0,750.6216502115655,469.1385754583921,7506.216502115655,74.3,-0.08678151666398326
704,Company_704,Utilities,Europe,2017,535.4,10.6,485.1,-5.6,73.9,39.6,90.6,91.4,395144.7,246965.4,3951446.7,738.0364213672021,461.27269331341057,7380.3636533432955,73.86666666666666,-0.05606488011283506
704,Company_704,Utilities,Europe,2018,509.8,11.2,563.3,-4.8,75.0,41.7,91.6,91.8,370223.9,231389.9,3702239.2,726.21400549235,453.88367987446054,7262.14044723421,75.03333333333335,-0.0478147179678744
704,Company_704,Utilities,Europe,2019,491.4,11.6,501.7,-3.6,74.4,39.0,94.0,90.2,364347.5,227717.2,3643475.1,741.447903947904,463.4049654049654,7414.479242979243,74.39999999999999,-0.03609258532757953
704,Company_704,Utilities,Europe,2020,522.1,13.3,1013.5,6.3,75.7,42.5,96.0,88.6,376868.4,235542.7,3768683.5,721.8318329821873,451.1447998467726,7218.317372150928,75.7,0.06247456247456262
704,Company_704,Utilities,Europe,2021,525.1,14.2,1110.5,0.6,76.2,44.0,100.0,84.6,374730.4,234206.5,3747304.1,713.6362597600457,446.02266235002855,7136.362788040373,76.2,0.005746025665581245
704,Company_704,Utilities,Europe,2022,580.1,12.4,961.2,10.5,78.4,50.3,100.0,84.8,393441.8,245901.1,3934418.1,678.2309946560937,423.8943285640407,6782.310118945009,78.36666666666667,0.10474195391354035
704,Company_704,Utilities,Europe,2023,656.7,11.1,623.3,13.2,78.4,50.4,100.0,84.9,445182.4,278239.0,4451824.4,677.90832952642,423.69270595401247,6779.083904370336,78.43333333333334,0.13204619893121872
704,Company_704,Utilities,Europe,2024,718.0,12.3,780.3,9.3,79.0,52.0,100.0,84.9,480317.0,300198.1,4803170.4,668.9651810584958,418.1032033426184,6689.652367688022,78.96666666666667,0.09334551545606806
704,Company_704,Utilities,Europe,2025,709.7,14.4,1434.1,-1.2,78.3,51.5,98.6,84.8,476686.3,297928.9,4766862.8,671.6729604058052,419.79554741440046,6716.729322248837,78.3,-0.011559888579387168
705,Company_705,Consumer Goods,Africa,2015,1172.6,19.1,5257.6,12.3,34.2,53.5,48.6,0.6,193550.1,241937.6,967750.3,165.06063448746377,206.32577178918643,825.3030018761727,34.23333333333333,
705,Company_705,Consumer Goods,Africa,2016,1086.5,18.8,4592.8,-7.3,35.4,57.2,48.9,0.0,173806.5,217258.1,869032.4,159.96916705016108,199.9614358030373,799.8457432121492,35.36666666666667,-0.07342657342657333
705,Company_705,Consumer Goods,Africa,2017,1219.6,21.2,5718.9,12.3,36.7,57.0,50.3,2.8,195322.7,244153.3,976613.4,160.1530829780256,200.19129222695966,800.7653328960315,36.699999999999996,0.12250345144960884
705,Company_705,Consumer Goods,Africa,2018,1297.0,20.6,3227.1,6.3,35.4,55.7,49.2,1.4,210141.2,262676.5,1050706.1,162.02097147262916,202.52621434078642,810.1049344641481,35.43333333333334,0.06346343063299442
705,Company_705,Consumer Goods,Africa,2019,1552.6,20.8,5086.8,19.7,37.4,57.6,51.4,3.3,247380.2,309225.2,1236900.8,159.33286100734253,199.16604405513334,796.6641762205334,37.43333333333333,0.1970701619121047
705,Company_705,Consumer Goods,Africa,2020,1842.9,18.7,8496.8,18.7,38.0,57.1,50.4,6.5,295054.7,368818.4,1475273.6,160.10347821368495,200.12936133268218,800.5174453307287,38.0,0.18697668427154457
705,Company_705,Consumer Goods,Africa,2021,2300.2,19.3,4805.9,24.8,37.2,54.5,50.2,6.8,376678.9,470848.7,1883394.6,163.75919485262153,204.69902617163726,818.7960177375882,37.166666666666664,0.248141516088773
705,Company_705,Consumer Goods,Africa,2022,2473.9,15.5,5347.0,7.5,37.3,57.7,51.6,2.5,393816.4,492270.5,1969082.0,159.18848781276526,198.98560976595658,795.9424390638263,37.26666666666667,0.07551517259368756
705,Company_705,Consumer Goods,Africa,2023,2604.0,15.3,6701.0,5.3,39.0,60.4,53.2,3.3,404852.8,506066.0,2024264.0,155.47342549923195,194.34178187403995,777.3671274961598,38.96666666666666,0.0525890294676421
705,Company_705,Consumer Goods,Africa,2024,2925.2,14.4,7099.6,12.3,39.1,62.4,54.6,0.2,446412.1,558015.1,2232060.5,152.60908655818406,190.7613496513059,763.0454327909204,39.06666666666667,0.12334869431643614
705,Company_705,Consumer Goods,Africa,2025,3301.0,16.2,12716.8,12.8,38.8,62.9,52.1,1.4,501348.3,626685.4,2506741.7,151.87770372614358,189.84713723114209,759.3885792184187,38.800000000000004,0.12846984821550667
706,Company_706,Healthcare,North America,2015,3900.9,10.3,7011.3,8.4,63.4,76.3,42.6,71.1,259638.3,259638.3,519276.6,66.5585634084442,66.5585634084442,133.1171268168884,63.333333333333336,
706,Company_706,Healthcare,North America,2016,4722.5,11.3,6355.9,21.1,63.9,75.8,45.1,70.9,315968.5,315968.5,631937.0,66.9070407623081,66.9070407623081,133.8140815246162,63.93333333333334,0.21061806249839776
706,Company_706,Healthcare,North America,2017,5148.7,12.7,15531.1,9.0,65.9,80.3,45.4,71.9,328273.2,328273.2,656546.4,63.758463301415894,63.758463301415894,127.51692660283179,65.86666666666666,0.09024880889359443
706,Company_706,Healthcare,North America,2018,5404.3,11.1,10615.9,5.0,66.7,80.1,45.6,74.3,345528.7,345528.7,691057.3,63.93588438835742,63.93588438835742,127.87175027293083,66.66666666666667,0.04964359935517715
706,Company_706,Healthcare,North America,2019,5576.6,10.5,10875.6,3.2,66.1,79.7,45.6,73.2,358237.9,358237.9,716475.7,64.23948283900584,64.23948283900584,128.47894774593837,66.16666666666667,0.03188201987306405
706,Company_706,Healthcare,North America,2020,6679.8,11.5,16508.1,19.8,66.3,81.9,41.9,75.1,418462.7,418462.7,836925.4,62.64599239498189,62.64599239498189,125.29198478996378,66.3,0.19782663271527445
706,Company_706,Healthcare,North America,2021,7709.9,14.5,13619.4,15.4,66.2,80.6,41.5,76.4,490030.9,490030.9,980061.7,63.55865834835731,63.55865834835731,127.11730372637777,66.16666666666667,0.15421120392826126
706,Company_706,Healthcare,North America,2022,8667.4,12.3,14895.6,12.4,65.3,77.9,41.5,76.5,567284.5,567284.5,1134568.9,65.4503657382837,65.4503657382837,130.90071993908208,65.3,0.12419097523962708
706,Company_706,Healthcare,North America,2023,9343.4,12.9,24338.5,7.8,63.9,76.1,39.4,76.2,623465.6,623465.6,1246931.3,66.72791489179528,66.72791489179528,133.45584048633262,63.9,0.0779934005584142
706,Company_706,Healthcare,North America,2024,9825.8,15.0,36232.4,5.2,64.9,75.4,41.9,77.5,660465.3,660465.3,1320930.7,67.21745812045839,67.21745812045839,134.43492641820515,64.93333333333334,0.051630027613074336
706,Company_706,Healthcare,North America,2025,10314.8,15.6,16377.1,5.0,66.8,78.5,41.0,81.1,670967.1,670967.1,1341934.3,65.04896847248614,65.04896847248614,130.09794663977974,66.86666666666666,0.04976694009648064
707,Company_707,Utilities,Europe,2015,1413.8,7.7,1313.7,5.65,71.2,52.9,89.6,71.0,938573.2,586608.3,9385732.2,663.8656104116565,414.9160418729665,6638.656245579289,71.16666666666667,
707,Company_707,Utilities,Europe,2016,1532.4,8.0,1029.4,8.4,72.8,53.3,94.0,71.2,1014000.8,633750.5,10140007.9,661.7076481336466,413.56728008352906,6617.076416079352,72.83333333333333,0.0838873956712407
707,Company_707,Utilities,Europe,2017,1670.8,6.3,1484.8,9.0,74.1,53.9,95.0,73.5,1100029.1,687518.2,11000291.3,658.38466602825,411.4904237491022,6583.846839837204,74.13333333333334,0.09031584442704244
707,Company_707,Utilities,Europe,2018,1599.7,6.0,1395.7,-4.3,74.9,57.3,92.3,75.0,1022524.9,639078.1,10225249.0,639.1979121085203,399.49871850972056,6391.979121085204,74.86666666666666,-0.042554464926981006
707,Company_707,Utilities,Europe,2019,1691.1,7.7,1624.2,5.7,75.7,55.8,95.1,76.3,1094907.1,684316.9,10949070.6,647.4526048134352,404.6578558334812,6474.525811601916,75.73333333333333,0.057135712946177364
707,Company_707,Utilities,Europe,2020,1871.1,3.8,998.8,10.6,78.0,58.2,96.4,79.5,1186026.9,741266.8,11860268.6,633.8661215327882,396.16631927743043,6338.661001549891,78.03333333333335,0.10643959552953697
707,Company_707,Utilities,Europe,2021,1995.5,2.7,660.4,6.6,79.4,60.2,98.1,80.0,1242643.5,776652.2,12426435.4,622.7228764720621,389.20180405913305,6227.228965171636,79.43333333333334,0.06648495537384425
707,Company_707,Utilities,Europe,2022,1898.6,3.8,1055.1,-4.9,80.6,61.3,97.5,83.0,1170693.8,731683.6,11706938.2,616.6089750342358,385.3805962288002,6166.089855683135,80.60000000000001,-0.0485592583312453
707,Company_707,Utilities,Europe,2023,1881.6,5.9,1621.4,-0.9,81.9,65.0,96.8,83.8,1121644.9,701028.1,11216449.2,596.1122980442177,372.570206207483,5961.123086734694,81.86666666666667,-0.00895396608026966
707,Company_707,Utilities,Europe,2024,1929.9,7.7,1627.6,2.6,81.8,66.9,98.2,80.1,1129454.6,705909.1,11294546.3,585.2399606197213,365.77496243328665,5852.399761645681,81.73333333333333,0.025669642857143016
707,Company_707,Utilities,Europe,2025,2038.2,4.1,917.4,5.6,82.0,67.3,100.0,78.8,1188198.6,742624.1,11881986.3,582.9646747129821,364.3529094298891,5829.646894318516,82.03333333333335,0.05611689724856217
708,Company_708,Retail,North America,2015,708.6,7.9,864.5,-1.25,71.8,61.3,79.1,74.9,54608.7,27304.3,109217.3,77.06562235393733,38.53274061529777,154.1311035845329,71.76666666666667,
708,Company_708,Retail,North America,2016,719.9,9.0,754.5,1.6,73.6,63.8,81.0,76.0,54245.9,27122.9,108491.8,75.35199333240729,37.675927212112796,150.70398666481458,73.60000000000001,0.01594693762348287
708,Company_708,Retail,North America,2017,759.3,9.1,1088.3,5.5,75.2,63.5,82.6,79.5,57377.4,28688.7,114754.9,75.56617937574082,37.78308968787041,151.13249045173185,75.2,0.05472982358660916
708,Company_708,Retail,North America,2018,733.4,10.0,1208.4,-3.4,76.9,65.1,83.0,82.4,54564.6,27282.3,109129.2,74.39950913553314,37.19975456776657,148.79901827106627,76.83333333333333,-0.034110364809693094
708,Company_708,Retail,North America,2019,697.8,11.5,1740.3,-4.9,78.1,69.1,84.8,80.4,49981.8,24990.9,99963.6,71.62768701633706,35.81384350816853,143.25537403267413,78.1,-0.04854104172347973
708,Company_708,Retail,North America,2020,772.9,13.4,1961.3,10.8,79.8,70.2,85.2,84.0,54749.4,27374.7,109498.7,70.83633070254885,35.418165351274425,141.67253202225385,79.8,0.10762396102034977
708,Company_708,Retail,North America,2021,669.8,13.0,2143.8,-13.3,82.5,69.6,90.0,87.9,47747.1,23873.6,95494.3,71.28560764407285,35.642878471185426,142.57136458644374,82.5,-0.1333937119937897
708,Company_708,Retail,North America,2022,611.5,13.7,986.1,-8.7,81.5,68.8,90.5,85.1,43947.0,21973.5,87894.0,71.86753883892068,35.93376941946034,143.73507767784136,81.46666666666667,-0.0870409077336518
708,Company_708,Retail,North America,2023,673.5,14.9,1651.1,10.1,82.4,67.8,92.1,87.4,48850.6,24425.3,97701.3,72.53244246473645,36.266221232368224,145.0650334075724,82.43333333333332,0.10139002452984469
708,Company_708,Retail,North America,2024,679.5,13.4,1261.3,0.9,83.7,69.5,96.1,85.3,48461.8,24230.9,96923.6,71.3197939661516,35.6598969830758,142.6395879323032,83.63333333333333,0.008908685968819663
708,Company_708,Retail,North America,2025,639.8,13.0,1721.2,-5.9,83.9,69.9,93.4,88.3,45468.0,22734.0,90936.0,71.06595811190998,35.53297905595499,142.13191622381996,83.86666666666667,-0.05842531272994855
709,Company_709,Finance,North America,2015,5270.5,17.6,16881.9,4.300000000000001,68.5,86.3,60.7,58.6,62804.2,31402.1,157010.6,11.91617493596433,5.958087467982165,29.79045631344275,68.53333333333333,
709,Company_709,Finance,North America,2016,5158.7,17.2,16362.8,-2.1,69.8,89.5,61.6,58.4,59161.2,29580.6,147903.0,11.468238122007483,5.734119061003741,28.670595305018708,69.83333333333333,-0.021212408689877615
709,Company_709,Finance,North America,2017,5325.9,17.4,8710.8,3.2,70.9,89.7,61.1,62.0,60910.9,30455.5,152277.4,11.436733697591018,5.718376236880152,28.591862408231474,70.93333333333334,0.032411266404326566
709,Company_709,Finance,North America,2018,6005.0,18.0,11943.1,12.8,72.1,93.9,60.4,62.0,65185.5,32592.7,162963.6,10.855203996669442,5.42759367194005,27.137985012489594,72.10000000000001,0.12750896562083414
709,Company_709,Finance,North America,2019,6413.8,19.0,19256.8,6.8,72.3,95.2,59.1,62.7,68481.3,34240.6,171203.2,10.677180454644672,5.338582431631793,26.69294334092114,72.33333333333333,0.06807660283097428
709,Company_709,Finance,North America,2020,6350.2,17.4,9263.6,-1.0,72.3,95.6,58.5,63.0,67453.7,33726.8,168634.2,10.622295360776038,5.311139806620265,26.555730528172344,72.36666666666666,-0.009916118369765248
709,Company_709,Finance,North America,2021,6333.8,18.3,21848.8,-0.3,73.3,97.5,57.3,65.1,65550.2,32775.1,163875.5,10.349269001231487,5.174634500615744,25.87317250307872,73.3,-0.0025825958237535307
709,Company_709,Finance,North America,2022,7001.6,19.9,20258.0,10.5,75.1,97.4,62.8,65.0,72522.8,36261.4,181307.1,10.358032449725776,5.179016224862888,25.895095406764167,75.06666666666666,0.1054343364173167
709,Company_709,Finance,North America,2023,7380.9,20.5,29324.7,5.4,74.7,95.6,63.7,64.9,78376.8,39188.4,195942.0,10.618867617770192,5.309433808885096,26.547169044425477,74.73333333333333,0.05417333180987183
709,Company_709,Finance,North America,2024,7564.2,20.2,19480.3,2.5,76.3,99.0,64.8,65.1,76689.1,38344.6,191722.9,10.138428386346211,5.0692208032574495,25.34609079611856,76.3,0.02483436979230169
709,Company_709,Finance,North America,2025,8986.6,18.2,28238.6,18.8,75.8,97.9,65.8,63.7,92450.7,46225.3,231126.6,10.287617118821355,5.143802995571184,25.71902610553491,75.8,0.18804367943734968
710,Company_710,Manufacturing,Middle East,2015,3100.8,6.7,2821.4,4.550000000000001,21.8,31.6,29.3,4.4,910534.9,1214046.5,15175581.7,293.64515608875126,391.52686403508767,4894.085945562435,21.76666666666667,
710,Company_710,Manufacturing,Middle East,2016,3251.9,8.6,2790.5,4.9,24.9,31.9,31.2,11.5,952933.2,1270577.6,15882219.8,293.03890033518866,390.71853378025156,4883.9816107506385,24.866666666666664,0.04872936016511864
710,Company_710,Manufacturing,Middle East,2017,3226.9,11.2,5881.0,-0.8,26.3,33.9,33.6,11.4,931698.3,1242264.4,15528304.4,288.72859400663174,384.971458675509,4812.1430475068955,26.3,-0.007687813278391076
710,Company_710,Manufacturing,Middle East,2018,3448.7,13.9,10407.0,6.9,27.8,38.9,34.0,10.5,959841.8,1279789.1,15997364.1,278.3198886536956,371.093194537072,4638.665033200917,27.8,0.0687346989370603
710,Company_710,Manufacturing,Middle East,2019,3923.0,14.4,5790.0,13.8,29.3,40.2,36.1,11.6,1081381.1,1441841.4,18023017.9,275.65156767779763,367.53540657659954,4594.192684170277,29.3,0.13753008379969267
710,Company_710,Manufacturing,Middle East,2020,4058.2,14.8,11366.7,3.4,31.0,41.9,36.3,14.7,1103449.1,1471265.4,18390818.0,271.9060420876251,362.5413730225223,4531.767285988863,30.966666666666665,0.034463420851389204
710,Company_710,Manufacturing,Middle East,2021,4322.4,14.5,5610.7,6.5,32.4,43.1,37.9,16.2,1164428.6,1552571.4,19407143.0,269.3939940773645,359.1919766796224,4489.899824171757,32.4,0.06510275491597262
710,Company_710,Manufacturing,Middle East,2022,3675.8,12.5,7960.5,-15.0,32.8,44.7,35.1,18.6,978010.8,1304014.4,16300180.4,266.06746830621904,354.75662440829205,4434.457913923499,32.800000000000004,-0.1495928188043678
710,Company_710,Manufacturing,Middle East,2023,3830.2,9.6,3058.9,4.2,32.9,44.6,34.6,19.5,1020107.5,1360143.3,17001791.5,266.3326980314344,355.1102553391468,4438.878257010078,32.9,0.04200446161379823
710,Company_710,Manufacturing,Middle East,2024,3457.8,10.2,5645.5,-9.7,32.0,44.2,36.0,15.8,923907.5,1231876.6,15398457.7,267.1951819075713,356.26022326334663,4453.252848632078,32.0,-0.09722729883556991
710,Company_710,Manufacturing,Middle East,2025,3731.9,12.0,3662.9,7.9,33.5,45.7,35.6,19.1,985609.8,1314146.5,16426830.8,264.1040220799057,352.13872290254295,4401.733915699778,33.46666666666667,0.0792700561050379
711,Company_711,Consumer Goods,Africa,2015,3757.7,10.3,4171.0,2.2,44.7,26.0,54.8,53.3,765199.9,956499.9,3825999.4,203.635175772414,254.54397636852332,1018.1758522500465,44.699999999999996,
711,Company_711,Consumer Goods,Africa,2016,3829.0,13.4,9143.2,1.9,45.5,30.3,51.1,55.0,756280.5,945350.6,3781402.3,197.51384173413425,246.89229563854792,987.5691564377122,45.46666666666667,0.01897437262155055
711,Company_711,Consumer Goods,Africa,2017,4070.3,11.4,10019.2,6.3,46.3,31.8,54.4,52.7,795461.0,994326.2,3977304.9,195.43055794413186,244.288185146058,977.1527651524457,46.300000000000004,0.06301906503003396
711,Company_711,Consumer Goods,Africa,2018,4060.2,10.6,4624.9,-0.2,45.7,34.6,51.6,50.9,777969.1,972461.4,3889845.5,191.60856608048866,239.51071375794297,958.0428304024433,45.699999999999996,-0.002481389578163906
711,Company_711,Consumer Goods,Africa,2019,3955.0,7.3,6630.6,-2.6,48.4,37.5,53.5,54.3,741595.9,926994.9,3707979.5,187.50844500632112,234.3855625790139,937.5422250316055,48.43333333333334,-0.02591005369193633
711,Company_711,Consumer Goods,Africa,2020,4055.0,9.1,5080.8,2.5,49.6,40.5,53.4,55.0,743320.6,929150.7,3716602.8,183.3096424167694,229.13704069050553,916.5481627620221,49.63333333333333,0.025284450063211228
711,Company_711,Consumer Goods,Africa,2021,4502.4,11.4,5249.3,11.0,51.2,45.3,52.8,55.6,795330.9,994163.6,3976654.5,176.64598880597018,220.80748045486854,883.2299440298508,51.23333333333333,0.11033292231812575
711,Company_711,Consumer Goods,Africa,2022,4448.4,11.3,8427.8,-1.2,53.3,48.3,51.8,59.6,766798.6,958498.2,3833992.8,172.37627011959358,215.47032640949556,861.8813056379822,53.23333333333333,-0.011993603411513898
711,Company_711,Consumer Goods,Africa,2023,3560.2,11.2,4912.1,-20.0,53.9,51.1,51.7,58.8,599516.1,749395.1,2997580.3,168.3939385427785,210.4924161563957,841.9696365372732,53.866666666666674,-0.19966729610646528
711,Company_711,Consumer Goods,Africa,2024,3898.0,10.0,8358.3,9.5,54.8,50.4,52.0,62.1,660234.0,825292.5,3301170.1,169.37762955361723,211.72203694202156,846.8881734222679,54.833333333333336,0.09488230998258529
711,Company_711,Consumer Goods,Africa,2025,4091.6,7.8,7317.1,5.0,56.1,48.5,55.0,64.9,704418.3,880522.9,3522091.7,172.1620637403461,215.2025857855118,860.8103675823639,56.13333333333333,0.04966649563878911
712,Company_712,Healthcare,Asia,2015,2566.6,13.2,4689.1,7.85,53.8,46.7,52.1,62.5,224081.9,224081.9,448163.7,87.30690407543054,87.30690407543054,174.6137691888101,53.76666666666667,
712,Company_712,Healthcare,Asia,2016,2806.0,16.8,11787.7,9.3,52.9,49.7,48.8,60.2,239013.2,239013.2,478026.4,85.17933000712759,85.17933000712759,170.35866001425518,52.9,0.09327515000389619
712,Company_712,Healthcare,Asia,2017,2679.1,17.0,5040.2,-4.5,53.8,52.9,48.0,60.5,222319.3,222319.3,444638.7,82.98283005486917,82.98283005486917,165.96569743570603,53.800000000000004,-0.045224518888096976
712,Company_712,Healthcare,Asia,2018,3021.3,15.8,5793.0,12.8,54.7,53.2,47.5,63.5,250016.8,250016.8,500033.5,82.75139840466024,82.75139840466024,165.50276371098533,54.73333333333333,0.1277294613862865
712,Company_712,Healthcare,Asia,2019,3253.8,20.6,10649.0,7.7,54.9,53.5,46.4,64.8,268612.1,268612.1,537224.1,82.55335300264305,82.55335300264305,165.10667527198964,54.9,0.07695362923244953
712,Company_712,Healthcare,Asia,2020,3514.1,18.7,12882.7,8.0,58.2,56.9,50.8,66.9,281799.1,281799.1,563598.2,80.19097350673003,80.19097350673003,160.38194701346006,58.199999999999996,0.07999877066814176
712,Company_712,Healthcare,Asia,2021,3824.1,19.7,16504.7,8.8,58.8,58.8,50.7,67.0,301419.3,301419.3,602838.6,78.8209774848984,78.8209774848984,157.6419549697968,58.833333333333336,0.08821604393728122
712,Company_712,Healthcare,Asia,2022,3854.2,17.8,12860.6,0.8,59.6,59.7,51.5,67.5,301436.4,301436.4,602872.8,78.20984899590059,78.20984899590059,156.41969799180117,59.56666666666666,0.007871133077063774
712,Company_712,Healthcare,Asia,2023,3655.8,21.9,17526.8,-5.1,59.0,61.5,47.9,67.7,281273.1,281273.1,562546.3,76.9388642704743,76.9388642704743,153.87775589474262,59.03333333333334,-0.05147631155622434
712,Company_712,Healthcare,Asia,2024,3732.2,26.6,11413.2,2.1,60.0,63.0,48.6,68.3,283183.2,283183.2,566366.3,75.87567654466535,75.87567654466535,151.75132629548258,59.96666666666666,0.02089829859401493
712,Company_712,Healthcare,Asia,2025,4173.7,24.7,13086.8,11.8,61.5,66.9,49.3,68.2,305393.5,305393.5,610787.0,73.17092747442318,73.17092747442318,146.34185494884636,61.46666666666667,0.11829483950484976
713,Company_713,Energy,Oceania,2015,3709.8,3.9,1793.1,-6.85,61.2,38.8,95.5,49.1,3444490.6,1033347.2,34444906.4,928.4841770445846,278.5452585045016,9284.84187826837,61.13333333333333,
713,Company_713,Energy,Oceania,2016,3609.0,2.3,769.6,-2.7,60.3,39.5,93.6,47.9,3332327.2,999698.2,33323272.2,923.3380991964534,277.0014408423386,9233.381047381547,60.333333333333336,-0.027171276079573037
713,Company_713,Energy,Oceania,2017,3285.2,4.1,2153.2,-9.0,61.3,40.7,96.7,46.5,3005539.4,901661.8,30055394.0,914.8725800560088,274.46176792889327,9148.725800560089,61.300000000000004,-0.0897201440842339
713,Company_713,Energy,Oceania,2018,3145.4,-1.3,8217.6,-4.3,62.4,44.4,95.7,47.2,2797292.3,839187.7,27972922.5,889.3280027977363,266.79840401856677,8893.279869015068,62.43333333333334,-0.042554486789236456
713,Company_713,Energy,Oceania,2019,2733.4,-3.1,4620.6,-13.1,64.6,46.2,98.5,49.1,2395527.1,718658.1,23955271.5,876.3909782688227,262.91728250530474,8763.909965610595,64.6,-0.1309849303745152
713,Company_713,Energy,Oceania,2020,2403.0,-9.9,9202.4,-12.1,64.9,49.1,96.6,49.0,2056964.3,617089.3,20569642.7,855.9984602580108,256.7995422388681,8559.984477736163,64.89999999999999,-0.12087510060730233
713,Company_713,Energy,Oceania,2021,2069.0,-12.0,1213.6,-13.9,65.3,54.0,93.8,48.1,1701267.4,510380.2,17012674.5,822.2655389076848,246.6796520057999,8222.655630739488,65.3,-0.13899292550977949
713,Company_713,Energy,Oceania,2022,1971.3,-16.8,1724.5,-4.7,65.3,54.9,93.4,47.5,1608080.2,482424.0,16080801.6,815.7460559021965,244.72378633389135,8157.460356110181,65.26666666666667,-0.04722087965200583
713,Company_713,Energy,Oceania,2023,1879.0,-20.0,4001.2,-4.7,64.2,55.4,89.8,47.3,1525895.2,457768.5,15258951.6,812.0783395423097,243.62346993081425,8120.783182543906,64.16666666666667,-0.04682189418150462
713,Company_713,Energy,Oceania,2024,2002.8,-11.9,4001.9,6.6,63.6,54.2,86.1,50.4,1643497.2,493049.1,16434971.6,820.5997603355303,246.17989814260036,8205.99740363491,63.56666666666667,0.06588610963278341
713,Company_713,Energy,Oceania,2025,1794.8,-5.8,8035.3,-10.4,64.2,53.4,86.4,52.9,1483267.6,444980.3,14832675.6,826.4250055716515,247.92751281479832,8264.249832850457,64.23333333333333,-0.10385460355502296
714,Company_714,Transportation,Latin America,2015,343.4,7.0,421.7,-12.85,46.8,35.5,66.4,38.4,196086.6,32681.1,653622.0,571.0151426907397,95.16919044845662,1903.3838089691324,46.76666666666667,
714,Company_714,Transportation,Latin America,2016,296.6,8.0,388.8,-13.7,47.1,34.5,66.8,39.8,170505.7,28417.6,568352.3,574.8674983142279,95.8111935266352,1916.224881995954,47.03333333333333,-0.13628421665695967
714,Company_714,Transportation,Latin America,2017,256.4,13.3,482.4,-13.5,48.5,38.6,66.8,40.0,143077.6,23846.3,476925.3,558.0249609984401,93.00429017160687,1860.083073322933,48.46666666666667,-0.1355360755225895
714,Company_714,Transportation,Latin America,2018,241.7,13.7,406.6,-5.7,50.9,39.6,70.3,42.9,133852.4,22308.7,446174.5,553.7956143980141,92.29913115432355,1845.984691766653,50.93333333333334,-0.05733229329173162
714,Company_714,Transportation,Latin America,2019,229.0,12.7,376.5,-5.3,51.9,45.0,70.8,39.9,121552.4,20258.7,405174.8,530.7965065502183,88.46593886462882,1769.3222707423581,51.9,-0.05254447662391393
714,Company_714,Transportation,Latin America,2020,195.0,7.6,195.4,-14.9,52.4,47.3,69.8,40.1,101667.9,16944.6,338892.8,521.3738461538461,86.89538461538461,1737.9117948717949,52.4,-0.14847161572052403
714,Company_714,Transportation,Latin America,2021,203.1,9.5,199.7,4.2,51.1,46.1,67.8,39.4,106930.8,17821.8,356435.8,526.493353028065,87.74889217134417,1754.9768586903003,51.1,0.041538461538461524
714,Company_714,Transportation,Latin America,2022,219.1,9.3,354.7,7.9,51.8,47.0,67.9,40.4,114516.6,19086.1,381722.1,522.66818804199,87.111364673665,1742.2277498858969,51.76666666666667,0.0787789266371246
714,Company_714,Transportation,Latin America,2023,173.2,7.5,115.6,-20.9,51.5,45.1,67.9,41.3,91873.3,15312.2,306244.2,530.4463048498845,88.40762124711317,1768.1535796766746,51.43333333333334,-0.2094933820173437
714,Company_714,Transportation,Latin America,2024,152.1,10.6,187.6,-12.2,51.5,46.7,67.7,40.0,79665.8,13277.6,265552.6,523.7725180802104,87.29520052596976,1745.9079552925705,51.46666666666667,-0.12182448036951499
714,Company_714,Transportation,Latin America,2025,131.4,12.5,182.2,-13.6,52.8,47.8,68.7,41.8,68227.8,11371.3,227425.9,519.2374429223744,86.53957382039573,1730.790715372907,52.76666666666667,-0.13609467455621294
715,Company_715,Technology,North America,2015,2416.9,23.0,11869.4,9.2,55.2,66.4,23.6,75.7,88872.3,53323.4,177744.5,36.7711945053581,22.06272497827796,73.54234763540072,55.23333333333333,
715,Company_715,Technology,North America,2016,2381.3,22.3,18534.2,-1.5,56.6,67.8,25.4,76.8,86368.4,51821.0,172736.7,36.26943266283122,21.761642800151176,72.53882333179355,56.666666666666664,-0.014729612313293838
715,Company_715,Technology,North America,2017,2645.1,23.7,9828.2,11.1,56.4,66.2,25.0,78.0,97433.9,58460.3,194867.7,36.835620581452496,22.101357226569885,73.67120335715097,56.4,0.11077982614538273
715,Company_715,Technology,North America,2018,3000.0,23.0,11313.3,13.4,57.2,65.6,24.5,81.7,111137.5,66682.5,222275.0,37.045833333333334,22.2275,74.09166666666667,57.26666666666667,0.13417262107292727
715,Company_715,Technology,North America,2019,3254.3,19.1,9822.2,8.5,56.9,65.1,23.9,81.8,121092.6,72655.5,242185.1,37.210029806717266,22.325999446885657,74.42002888486003,56.93333333333334,0.08476666666666666
715,Company_715,Technology,North America,2020,3655.8,19.3,19870.4,12.3,58.7,71.4,23.1,81.6,127930.4,76758.2,255860.7,34.9938180425625,20.996279884019913,69.98760873133104,58.699999999999996,0.12337522662323686
715,Company_715,Technology,North America,2021,3516.5,19.0,15843.1,-3.8,58.8,72.6,23.0,80.7,121621.1,72972.7,243242.3,34.58583819138348,20.751514289776765,69.17170482013366,58.76666666666667,-0.03810383500191483
715,Company_715,Technology,North America,2022,3517.9,21.6,23772.2,0.0,61.2,73.3,25.2,85.0,120834.2,72500.5,241668.5,34.348389664288355,20.609028113363085,68.69680775462633,61.166666666666664,0.00039812313379794517
715,Company_715,Technology,North America,2023,3865.4,29.3,34989.2,9.9,62.0,74.2,27.9,84.0,131546.0,78927.6,263091.9,34.03166554560977,20.418999327365864,68.06330522067574,62.03333333333333,0.09878052247079228
715,Company_715,Technology,North America,2024,4642.1,31.3,48029.1,20.1,63.4,74.6,30.2,85.5,157262.0,94357.2,314523.9,33.87733999698412,20.32640399819047,67.7546584519937,63.43333333333334,0.20093651368551768
715,Company_715,Technology,North America,2025,4688.2,26.4,38828.0,1.0,63.0,74.7,30.5,83.7,158742.8,95245.7,317485.6,33.860074228915146,20.316048803378695,67.72014845783029,62.96666666666667,0.009930850261734792
716,Company_716,Retail,Africa,2015,311.2,6.6,469.7,1.9500000000000002,43.4,61.1,35.1,33.9,24043.8,12021.9,48087.5,77.26156812339332,38.63078406169666,154.52281491002572,43.36666666666667,
716,Company_716,Retail,Africa,2016,298.7,7.9,537.4,-4.0,43.5,61.0,36.2,33.2,23092.0,11546.0,46184.0,77.30833612320053,38.65416806160027,154.61667224640107,43.46666666666667,-0.040167095115681284
716,Company_716,Retail,Africa,2017,304.3,6.4,371.5,1.8,44.5,64.1,32.9,36.5,22867.6,11433.8,45735.2,75.14820900427209,37.574104502136045,150.29641800854418,44.5,0.018747907599598435
716,Company_716,Retail,Africa,2018,303.6,6.6,464.0,-0.2,46.8,65.7,32.9,41.8,22470.1,11235.1,44940.3,74.01218708827403,37.0062582345191,148.02470355731225,46.79999999999999,-0.0023003614853762677
716,Company_716,Retail,Africa,2019,336.6,5.4,313.1,10.9,45.5,65.2,32.3,39.1,25020.5,12510.3,50041.0,74.33303624480095,37.166666666666664,148.6660724896019,45.53333333333333,0.10869565217391308
716,Company_716,Retail,Africa,2020,318.8,4.7,215.5,-5.3,46.5,66.4,33.6,39.6,23437.5,11718.8,46875.0,73.51787954830614,36.759096612296105,147.03575909661228,46.53333333333333,-0.05288175876411172
716,Company_716,Retail,Africa,2021,340.8,5.3,347.7,6.9,47.4,69.7,32.2,40.2,24271.4,12135.7,48542.9,71.21889671361502,35.60944835680751,142.4380868544601,47.366666666666674,0.06900878293600998
716,Company_716,Retail,Africa,2022,348.1,5.1,287.4,2.1,48.3,68.7,35.1,41.0,25029.2,12514.6,50058.3,71.90232691755243,35.951163458776215,143.80436656133296,48.26666666666667,0.021420187793427248
716,Company_716,Retail,Africa,2023,321.4,0.1,7.4,-7.7,48.4,69.4,35.5,40.3,22952.2,11476.1,45904.3,71.41319228375856,35.70659614187928,142.82607342874925,48.4,-0.07670209709853504
716,Company_716,Retail,Africa,2024,371.3,-1.6,736.9,15.5,49.3,71.6,34.7,41.6,25952.3,12976.2,51904.6,69.89577161325073,34.94802046862375,139.79154322650146,49.300000000000004,0.1552582451773492
716,Company_716,Retail,Africa,2025,389.9,0.4,22.2,5.0,49.2,71.3,32.9,43.4,27326.0,13663.0,54652.0,70.08463708643242,35.04231854321621,140.16927417286485,49.199999999999996,0.0500942633988688
717,Company_717,Energy,North America,2015,5608.5,13.0,13522.3,16.3,58.4,12.3,78.1,84.7,6247444.9,1874233.5,62474449.3,1113.9243826335028,334.1773201390746,11139.243879825264,58.36666666666667,
717,Company_717,Energy,North America,2016,6858.9,16.3,19092.7,22.3,57.4,15.4,76.3,80.7,7493288.4,2247986.5,74932884.2,1092.4912741110093,327.74737931738326,10924.912770269286,57.46666666666667,0.22294731211553875
717,Company_717,Energy,North America,2017,7745.1,23.2,24386.7,12.9,57.1,18.3,73.6,79.3,8299928.4,2489978.5,82999283.8,1071.6360537630244,321.49081354662945,10716.360511807465,57.06666666666666,0.1292043913747103
717,Company_717,Energy,North America,2018,9138.4,16.7,26541.4,18.0,58.8,24.2,69.6,82.7,9417585.7,2825275.7,94175857.3,1030.550829466865,309.16524774577607,10305.508327497155,58.833333333333336,0.1798943848368646
717,Company_717,Energy,North America,2019,9802.4,32.6,61453.8,7.3,60.1,25.1,70.1,85.3,10041776.8,3012533.0,100417768.2,1024.4202236187057,307.3260630049784,10244.202256590224,60.166666666666664,0.07266042195570344
717,Company_717,Energy,North America,2020,12376.7,26.7,44431.5,26.3,61.4,26.2,71.4,86.5,12578927.4,3773678.2,125789274.2,1016.3393634813804,304.90180742847446,10163.3936509732,61.366666666666674,0.2626193585244432
717,Company_717,Energy,North America,2021,14339.6,32.9,73560.9,15.9,64.4,31.4,75.3,86.5,14057896.3,4217368.9,140578962.9,980.3548425339619,294.10645345755813,9803.548418365925,64.39999999999999,0.15859639483868881
717,Company_717,Energy,North America,2022,16740.2,43.1,124067.5,16.7,64.2,30.1,74.9,87.7,16561653.9,4968496.2,165616539.0,989.3342911076331,296.8002891243832,9893.34291107633,64.23333333333333,0.1674105274903066
717,Company_717,Energy,North America,2023,19346.6,42.7,101461.0,15.6,65.5,34.0,76.9,85.6,18605880.9,5581764.3,186058808.8,961.7132157588413,288.51396627831247,9617.13214725068,65.5,0.15569706455119992
717,Company_717,Energy,North America,2024,24236.2,48.6,188051.1,25.3,64.5,34.5,75.7,83.3,23222037.2,6966611.2,232220372.0,958.155040806727,287.4465138924419,9581.55040806727,64.5,0.2527369150134908
717,Company_717,Energy,North America,2025,24550.0,50.0,219723.9,1.3,61.9,36.1,69.3,80.3,23252857.5,6975857.2,232528574.7,947.1632382892057,284.14896945010184,9471.632370672098,61.9,0.012947574289698949
718,Company_718,Healthcare,Middle East,2015,1161.4,18.7,3896.7,1.4,39.5,56.3,51.3,10.8,93615.4,93615.4,187230.8,80.60564835543309,80.60564835543309,161.21129671086618,39.46666666666666,
718,Company_718,Healthcare,Middle East,2016,1277.8,23.6,4336.9,10.0,41.5,59.7,53.6,11.1,99935.3,99935.3,199870.6,78.20887462826734,78.20887462826734,156.41774925653468,41.46666666666667,0.10022386774582381
718,Company_718,Healthcare,Middle East,2017,1582.8,24.2,4564.9,23.9,42.8,57.7,56.4,14.3,125965.7,125965.7,251931.3,79.58409148344705,79.58409148344705,159.16811978771796,42.800000000000004,0.23869150101737358
718,Company_718,Healthcare,Middle East,2018,1588.4,25.8,6565.7,0.4,42.2,56.8,52.0,17.8,127455.2,127455.2,254910.3,80.24124905565348,80.24124905565348,160.4824351548728,42.199999999999996,0.0035380338640385034
718,Company_718,Healthcare,Middle East,2019,1626.5,25.0,7147.9,2.4,41.7,54.9,53.6,16.6,132650.9,132650.9,265301.9,81.55604057792806,81.55604057792806,163.11214263756534,41.699999999999996,0.023986401410224012
718,Company_718,Healthcare,Middle East,2020,1672.1,23.4,5108.3,2.8,43.6,58.5,53.5,18.7,132201.5,132201.5,264403.0,79.0631541175767,79.0631541175767,158.1263082351534,43.56666666666666,0.028035659391331125
718,Company_718,Healthcare,Middle East,2021,1679.5,22.5,4657.2,0.4,43.2,60.3,52.6,16.6,130595.6,130595.6,261191.1,77.75861863649897,77.75861863649897,155.5171777314677,43.166666666666664,0.004425572633215857
718,Company_718,Healthcare,Middle East,2022,1575.7,23.0,6526.0,-6.2,46.5,65.0,54.9,19.7,117442.2,117442.2,234884.5,74.53335025702862,74.53335025702862,149.06676397791458,46.53333333333333,-0.06180410836558492
718,Company_718,Healthcare,Middle East,2023,1629.6,24.6,8227.6,3.4,46.2,66.4,52.6,19.5,119831.6,119831.6,239663.3,73.53436426116839,73.53436426116839,147.06878988708885,46.166666666666664,0.03420701910262092
718,Company_718,Healthcare,Middle East,2024,1585.9,23.1,7732.9,-2.7,45.2,64.2,51.1,20.2,118990.0,118990.0,237979.9,75.02995144712781,75.02995144712781,150.05983983857746,45.166666666666664,-0.02681639666175739
718,Company_718,Healthcare,Middle East,2025,1532.1,25.4,6829.1,-3.4,45.3,65.8,50.2,19.8,113277.9,113277.9,226555.8,73.9363618562757,73.9363618562757,147.8727237125514,45.26666666666667,-0.03392395485213451
719,Company_719,Retail,North America,2015,441.6,7.2,784.9,5.35,52.9,47.0,76.1,35.7,38469.3,19234.7,76938.6,87.11345108695653,43.55683876811594,174.22690217391306,52.93333333333334,
719,Company_719,Retail,North America,2016,470.7,7.7,722.1,6.6,53.7,45.9,77.3,38.0,41371.0,20685.5,82741.9,87.89250053112386,43.94625026556193,175.7847886127045,53.73333333333333,0.06589673913043481
719,Company_719,Retail,North America,2017,485.2,6.8,645.9,3.1,52.8,49.0,76.9,32.4,41586.3,20793.2,83172.6,85.70960428689202,42.854905193734545,171.41920857378403,52.76666666666667,0.030805183768854993
719,Company_719,Retail,North America,2018,549.9,8.8,921.0,13.3,53.2,47.7,80.1,31.6,47613.5,23806.8,95227.0,86.5857428623386,43.292962356792145,173.1714857246772,53.13333333333333,0.1333470733718054
719,Company_719,Retail,North America,2019,635.2,6.1,615.5,15.5,53.6,50.9,81.7,28.1,53600.2,26800.1,107200.4,84.38318639798487,42.191593198992436,168.76637279596974,53.56666666666666,0.15511911256592126
719,Company_719,Retail,North America,2020,657.6,7.6,851.6,3.5,52.8,48.5,83.0,26.9,56583.0,28291.5,113166.1,86.04470802919708,43.02235401459854,172.08956812652067,52.800000000000004,0.035264483627204024
719,Company_719,Retail,North America,2021,742.7,4.9,823.5,13.0,53.8,50.4,82.4,28.6,62940.7,31470.4,125881.5,84.74579237915712,42.37296351151205,169.49171940218122,53.800000000000004,0.12940997566909984
719,Company_719,Retail,North America,2022,756.1,4.6,672.7,1.8,55.7,50.4,85.5,31.1,64063.0,32031.5,128126.1,84.7282105541595,42.36410527707975,169.4565533659569,55.666666666666664,0.0180422781742291
719,Company_719,Retail,North America,2023,877.2,2.8,397.9,16.0,59.0,54.5,90.4,32.2,71781.5,35890.7,143562.9,81.83025535795713,40.91507067943456,163.66039671682626,59.03333333333334,0.16016399947096938
719,Company_719,Retail,North America,2024,913.4,2.3,342.4,4.1,60.4,56.3,95.6,29.3,73626.0,36813.0,147252.0,80.6065250711627,40.30326253558135,161.2130501423254,60.4,0.04126766985864094
719,Company_719,Retail,North America,2025,853.3,2.8,312.8,-6.6,61.1,61.5,89.7,32.1,65667.6,32833.8,131335.2,76.95722489159733,38.47861244579867,153.91444978319467,61.099999999999994,-0.06579811692577187
720,Company_720,Energy,Asia,2015,7026.6,4.3,2610.7,7.1,53.5,51.2,66.0,43.3,5913775.3,1774132.6,59137752.8,841.6268607861554,252.48805965901005,8416.268579398286,53.5,
720,Company_720,Energy,Asia,2016,7492.4,3.9,4020.3,6.6,53.5,51.7,64.8,44.0,6278709.4,1883612.8,62787093.8,838.010437243073,251.40312850355028,8380.104345737014,53.5,0.06629095152705422
720,Company_720,Energy,Asia,2017,8411.1,1.1,898.7,12.3,54.4,54.4,66.7,42.0,6891964.3,2067589.3,68919643.4,819.3891762076304,245.81675405119424,8193.89180963251,54.36666666666667,0.12261758582029803
720,Company_720,Energy,Asia,2018,8750.9,6.5,5863.3,4.0,54.0,53.1,68.3,40.7,7251435.4,2175430.6,72514354.3,828.6502416894263,248.5950702213487,8286.50245117645,54.03333333333334,0.040398996564064094
720,Company_720,Energy,Asia,2019,9290.6,9.1,12235.6,6.2,54.3,55.1,68.9,38.9,7564742.6,2269422.8,75647426.1,814.236174197576,244.27085441198628,8142.361752739327,54.300000000000004,0.06167365642391087
720,Company_720,Energy,Asia,2020,9624.0,10.1,15815.8,3.6,54.9,54.4,72.6,37.7,7881854.7,2364556.4,78818546.8,818.9790835411471,245.69372402327514,8189.7908146300915,54.9,0.035885733967666145
720,Company_720,Energy,Asia,2021,10611.1,15.1,24211.7,10.3,55.9,56.0,73.2,38.6,8573611.8,2572083.5,85736117.8,807.9852041729887,242.39555748225914,8079.852022881699,55.93333333333333,0.10256650041562754
720,Company_720,Energy,Asia,2022,11796.7,12.9,17814.8,11.2,57.1,57.0,74.7,39.6,9452755.6,2835826.7,94527556.3,801.3050768435239,240.3915247484466,8013.05079386608,57.099999999999994,0.11173205416969023
720,Company_720,Energy,Asia,2023,11981.7,16.8,32312.3,1.6,57.8,55.3,77.0,41.1,9741217.6,2922365.3,97412176.4,813.0079704883279,243.90239281571058,8130.079738267525,57.800000000000004,0.01568235184415978
720,Company_720,Energy,Asia,2024,12898.0,16.4,25826.3,7.6,59.2,58.9,77.1,41.7,10155528.2,3046658.5,101555282.2,787.3723212901224,236.21169948829277,7873.723228407505,59.23333333333333,0.07647495764374002
720,Company_720,Energy,Asia,2025,14775.2,18.9,28934.8,14.6,58.0,57.2,81.1,35.7,11819077.0,3545723.1,118190770.4,799.9267014998104,239.97801044994316,7999.267042070496,58.0,0.14554194448751745
721,Company_721,Manufacturing,Asia,2015,632.9,4.2,533.1,2.05,59.6,61.5,70.6,46.9,146151.7,194869.0,2435861.9,230.92384262916735,307.89856217411915,3848.731079159425,59.666666666666664,
721,Company_721,Manufacturing,Asia,2016,658.7,2.5,285.2,4.1,57.8,62.2,65.2,46.1,151092.3,201456.4,2518204.7,229.37953544861088,305.83938059814784,3822.9918020343102,57.833333333333336,0.04076473376520795
721,Company_721,Manufacturing,Asia,2017,686.3,3.6,531.5,4.2,58.1,63.5,64.7,46.0,155615.3,207487.0,2593587.8,226.74530088882412,302.3269707125164,3779.087571033076,58.06666666666666,0.04190071352664315
721,Company_721,Manufacturing,Asia,2018,706.0,2.4,295.8,2.9,58.8,65.3,65.4,45.7,157373.0,209830.6,2622882.5,222.90793201133144,297.2104815864023,3715.1310198300284,58.79999999999999,0.028704648113070164
721,Company_721,Manufacturing,Asia,2019,616.4,9.0,730.2,-12.7,57.5,64.8,60.7,46.9,138034.3,184045.7,2300571.0,223.93624269954574,298.5816028552888,3732.2696301103183,57.46666666666667,-0.1269121813031162
721,Company_721,Manufacturing,Asia,2020,623.6,10.8,1366.1,1.2,57.8,67.4,60.6,45.3,136268.2,181691.0,2271137.4,218.51860166773574,291.3582424631174,3641.9778704297623,57.76666666666667,0.011680726800778807
721,Company_721,Manufacturing,Asia,2021,675.4,11.2,1494.9,8.3,57.7,67.5,61.1,44.6,147403.8,196538.4,2456730.0,218.24666864080544,290.9955581877406,3637.4444773467576,57.73333333333333,0.08306606799230276
721,Company_721,Manufacturing,Asia,2022,676.2,14.5,1678.8,0.1,59.2,70.6,62.4,44.6,143252.4,191003.2,2387539.7,211.84915705412598,282.46554273883464,3530.81884057971,59.199999999999996,0.0011844832691738638
721,Company_721,Manufacturing,Asia,2023,773.4,18.4,2766.5,14.4,63.0,75.0,65.7,48.2,156553.6,208738.2,2609227.0,202.4225497801914,269.89681923972074,3373.7095940005174,62.96666666666666,0.1437444543034605
721,Company_721,Manufacturing,Asia,2024,782.1,19.0,2809.2,1.1,62.4,75.9,64.1,47.3,156924.3,209232.4,2615404.9,200.64480245492902,267.5264032732387,3344.0799130545965,62.43333333333334,0.011249030256012427
721,Company_721,Manufacturing,Asia,2025,771.4,20.4,2534.1,-1.4,62.6,71.5,65.1,51.2,161949.4,215932.6,2699157.4,209.94218304381644,279.92299714804255,3499.0373347161008,62.6,-0.0136811149469378
722,Company_722,Healthcare,Asia,2015,1207.8,17.0,4442.9,17.35,45.4,78.9,34.2,23.2,78250.0,78250.0,156499.9,64.78721642656069,64.78721642656069,129.57435005795662,45.43333333333334,
722,Company_722,Healthcare,Asia,2016,1532.7,13.5,4204.4,26.9,44.1,76.5,34.1,21.7,101842.2,101842.2,203684.3,66.44627128596593,66.44627128596593,132.89247732759182,44.099999999999994,0.26900149031296583
722,Company_722,Healthcare,Asia,2017,1862.5,11.8,2904.3,21.5,45.7,79.9,34.9,22.4,119363.0,119363.0,238726.0,64.0875167785235,64.0875167785235,128.175033557047,45.73333333333334,0.2151758334964442
722,Company_722,Healthcare,Asia,2018,2087.5,11.4,3983.9,12.1,44.5,80.2,34.3,18.9,133324.6,133324.6,266649.2,63.86807185628743,63.86807185628743,127.73614371257486,44.46666666666667,0.12080536912751683
722,Company_722,Healthcare,Asia,2019,2612.8,9.7,4943.5,25.2,44.5,80.0,36.4,17.0,167248.7,167248.7,334497.5,64.01129056950398,64.01129056950398,128.02261941212493,44.46666666666667,0.2516407185628744
722,Company_722,Healthcare,Asia,2020,2905.6,8.6,3177.8,11.2,43.6,79.4,34.0,17.5,187186.7,187186.7,374373.4,64.42273540748899,64.42273540748899,128.84547081497797,43.63333333333333,0.11206368646662579
722,Company_722,Healthcare,Asia,2021,2895.7,8.6,5284.7,-0.3,45.2,79.6,35.3,20.8,186148.0,186148.0,372296.0,64.28428359291364,64.28428359291364,128.56856718582728,45.23333333333333,-0.003407213656387742
722,Company_722,Healthcare,Asia,2022,3566.4,7.7,6438.1,23.2,45.1,81.1,35.2,19.2,225494.2,225494.2,450988.4,63.22740017945267,63.22740017945267,126.45480035890535,45.166666666666664,0.23161929757916933
722,Company_722,Healthcare,Asia,2023,3815.7,7.4,3893.8,7.0,45.7,83.0,33.5,20.4,236173.7,236173.7,472347.4,61.89524857824253,61.89524857824253,123.79049715648506,45.63333333333333,0.0699024226110363
722,Company_722,Healthcare,Asia,2024,4318.4,12.9,11641.5,13.2,45.6,81.5,34.6,20.8,271756.5,271756.5,543513.0,62.929904594294186,62.929904594294186,125.85980918858837,45.63333333333333,0.13174515816232923
722,Company_722,Healthcare,Asia,2025,5365.9,13.4,16521.2,24.3,47.3,85.9,37.5,18.5,321394.9,321394.9,642789.8,59.89580499077509,59.89580499077509,119.79160998155018,47.300000000000004,0.24256669136717313
723,Company_723,Manufacturing,Asia,2015,4964.3,16.6,10171.9,15.8,65.1,49.6,84.4,61.3,1270047.0,1693396.0,21167449.9,255.83606953649053,341.11475938198737,4263.934472131015,65.10000000000001,
723,Company_723,Manufacturing,Asia,2016,5176.0,18.6,11118.7,4.3,67.1,49.8,88.4,63.1,1322010.7,1762680.9,22033511.5,255.41164992272024,340.5488601236476,4256.860799845441,67.1,0.042644481598614004
723,Company_723,Manufacturing,Asia,2017,6087.4,17.6,22485.7,17.6,70.5,53.5,92.2,65.9,1507959.8,2010613.0,25132662.6,247.71820481650624,330.2909288037586,4128.636626474357,70.53333333333333,0.1760819165378671
723,Company_723,Manufacturing,Asia,2018,6317.3,16.4,18132.4,3.8,71.8,56.4,90.0,68.8,1525386.7,2033848.9,25423111.5,241.4618112168173,321.94907634590726,4024.3634938977093,71.73333333333333,0.037766534152511744
723,Company_723,Manufacturing,Asia,2019,6796.1,16.9,19151.3,7.6,72.0,57.1,90.0,68.8,1631550.1,2175400.1,27192500.9,240.0715263165639,320.0953635173114,4001.191992466267,71.96666666666665,0.07579187311034774
723,Company_723,Manufacturing,Asia,2020,7951.0,18.4,14745.1,17.0,73.2,58.4,89.8,71.3,1887978.0,2517304.0,31466299.4,237.45164130298076,316.60218840397437,3957.527279587473,73.16666666666667,0.16993569841526757
723,Company_723,Manufacturing,Asia,2021,9209.9,14.7,27872.4,15.8,74.2,61.8,88.9,71.9,2120060.9,2826747.9,35334348.7,230.19369374260307,306.92492860943116,3836.561602188949,74.2,0.15833228524713872
723,Company_723,Manufacturing,Asia,2022,9847.5,16.9,35200.5,6.9,76.5,66.9,89.0,73.4,2160888.0,2881183.9,36014799.2,219.43518659558262,292.58023863924853,3657.2530286874844,76.43333333333334,0.06922985048697594
723,Company_723,Manufacturing,Asia,2023,11593.2,16.4,37633.0,17.7,75.0,64.3,87.5,73.0,2608048.2,3477397.6,43467469.6,224.96361660283614,299.9514888037815,3749.3935755442844,74.93333333333334,0.17727341964965726
723,Company_723,Manufacturing,Asia,2024,13421.7,13.8,28909.3,15.8,74.9,64.8,89.8,70.1,3006320.1,4008426.7,50105334.3,223.98951697623997,298.6526818510323,3733.1585641163188,74.89999999999999,0.15772176793292614
723,Company_723,Manufacturing,Asia,2025,15963.6,13.0,24604.3,18.9,76.1,66.8,88.6,72.8,3506221.4,4674961.9,58437023.6,219.63851512190232,292.85135558395353,3660.6419354030418,76.06666666666666,0.18938733543440844
724,Company_724,Retail,North America,2015,242.8,4.0,107.6,5.2,64.0,65.0,60.9,66.0,18080.1,9040.1,36160.2,74.4649917627677,37.2327018121911,148.9299835255354,63.96666666666667,
724,Company_724,Retail,North America,2016,241.2,4.5,267.2,-0.7,65.6,66.3,60.5,70.2,17751.3,8875.7,35502.7,73.5957711442786,36.7980928689884,147.1919568822554,65.66666666666667,-0.006589785831960571
724,Company_724,Retail,North America,2017,243.2,5.5,178.1,0.9,66.9,67.3,59.6,73.6,17721.9,8861.0,35443.8,72.86965460526316,36.43503289473684,145.73930921052633,66.83333333333333,0.008291873963515828
724,Company_724,Retail,North America,2018,266.6,7.4,338.5,9.6,66.5,67.7,57.2,74.7,19347.2,9673.6,38694.3,72.5701425356339,36.28507126781695,145.13990997749437,66.53333333333335,0.09621710526315796
724,Company_724,Retail,North America,2019,286.6,8.6,410.1,7.5,68.1,68.6,58.8,76.7,20624.1,10312.0,41248.2,71.9612700628053,35.98046057222609,143.9225401256106,68.03333333333333,0.07501875468867225
724,Company_724,Retail,North America,2020,313.8,9.4,393.9,9.5,68.8,67.3,59.6,79.4,22867.9,11433.9,45735.8,72.87412364563416,36.43690248565965,145.7482472912683,68.76666666666667,0.09490579204466143
724,Company_724,Retail,North America,2021,326.9,10.3,718.2,4.1,70.2,68.9,62.9,78.9,23450.7,11725.3,46901.3,71.73661670235546,35.86815539920465,143.47292750076477,70.23333333333333,0.041746335245379074
724,Company_724,Retail,North America,2022,382.0,13.0,550.8,16.9,72.9,72.1,63.7,82.9,26555.5,13277.7,53111.0,69.51701570680628,34.758376963350784,139.03403141361255,72.9,0.16855307433465905
724,Company_724,Retail,North America,2023,400.1,13.1,593.4,4.7,74.1,75.0,64.8,82.5,27023.0,13511.5,54046.0,67.54061484628842,33.77030742314421,135.08122969257684,74.10000000000001,0.04738219895287954
724,Company_724,Retail,North America,2024,423.0,14.2,1091.8,5.7,75.1,75.6,65.9,83.8,28368.0,14184.0,56735.9,67.06382978723404,33.53191489361702,134.1274231678487,75.10000000000001,0.0572356910772307
724,Company_724,Retail,North America,2025,433.9,14.7,1144.4,2.6,74.9,77.6,65.1,82.1,28503.2,14251.6,57006.5,65.69071214565568,32.84535607282784,131.3816547591611,74.93333333333332,0.025768321513002235
725,Company_725,Finance,Oceania,2015,8346.7,13.4,21012.7,-1.4,83.7,99.2,89.1,62.7,84442.4,42221.2,211106.0,10.116860555668707,5.058430277834353,25.292151389171767,83.66666666666667,
725,Company_725,Finance,Oceania,2016,7838.7,15.0,17155.1,-6.1,84.4,97.4,92.5,63.3,81259.0,40629.5,203147.4,10.3663872836057,5.18319364180285,25.915955451796854,84.39999999999999,-0.06086237674769679
725,Company_725,Finance,Oceania,2017,7713.3,14.5,15813.5,-1.6,84.0,96.3,92.0,63.7,81161.2,40580.6,202903.1,10.522240804843582,5.261120402421791,26.305614976728506,84.0,-0.015997550614260003
725,Company_725,Finance,Oceania,2018,8581.9,13.2,18862.6,11.3,83.0,95.6,90.4,63.0,91077.4,45538.7,227693.4,10.612731446416294,5.306365723208147,26.531816963609458,83.0,0.11261068543943575
725,Company_725,Finance,Oceania,2019,8794.9,11.7,13494.9,2.5,85.0,97.3,94.1,63.6,91288.6,45644.3,228221.4,10.379720065037693,5.189860032518847,25.949288792368304,84.99999999999999,0.024819678625945363
725,Company_725,Finance,Oceania,2020,8688.6,12.2,12366.4,-1.2,87.6,100.0,96.6,66.3,86886.3,43443.1,217215.7,10.00003452800221,5.00001150933407,25.00008056533849,87.63333333333333,-0.012086550159751575
725,Company_725,Finance,Oceania,2021,9430.3,16.7,13238.1,8.5,87.1,98.4,98.6,64.5,96463.8,48231.9,241159.5,10.229133749721644,5.114566874860822,25.572834374304108,87.16666666666667,0.08536473079667606
725,Company_725,Finance,Oceania,2022,9000.5,17.4,15061.8,-4.6,86.9,96.6,99.0,65.2,94259.9,47130.0,235649.9,10.472740403310926,5.236375756902394,26.18186767401811,86.93333333333334,-0.04557649279450271
725,Company_725,Finance,Oceania,2023,8471.8,18.3,27147.1,-5.9,87.0,97.9,99.0,64.2,87209.2,43604.6,218023.1,10.294057933378976,5.147028966689488,25.735156637314386,87.03333333333335,-0.058741181045497526
725,Company_725,Finance,Oceania,2024,7312.2,15.8,9306.5,-13.7,85.8,95.5,100.0,62.0,77719.5,38859.8,194298.8,10.628743743333061,5.314378709553897,26.571866196220014,85.83333333333333,-0.13687764111522926
725,Company_725,Finance,Oceania,2025,7860.0,17.8,21244.8,7.5,87.3,98.8,100.0,62.9,79875.2,39937.6,199688.1,10.162239185750636,5.081119592875318,25.4056106870229,87.23333333333333,0.07491589398539422
726,Company_726,Healthcare,Africa,2015,3100.4,23.2,16169.9,1.3,41.9,51.6,29.7,44.3,259998.4,259998.4,519996.8,83.85963101535285,83.85963101535285,167.7192620307057,41.86666666666667,
726,Company_726,Healthcare,Africa,2016,3169.3,22.5,10668.6,2.2,43.8,53.9,30.0,47.5,260632.1,260632.1,521264.3,82.23648755245638,82.23648755245638,164.47300665762154,43.800000000000004,0.022222938975616113
726,Company_726,Healthcare,Africa,2017,3182.8,17.0,9983.2,0.4,44.7,55.7,28.5,49.9,257759.9,257759.9,515519.9,80.98526454693979,80.98526454693979,161.97056051275607,44.699999999999996,0.0042596156880068126
726,Company_726,Healthcare,Africa,2018,3365.5,12.4,8395.2,5.7,45.4,54.7,31.4,50.1,274982.1,274982.1,549964.3,81.70616550289704,81.70616550289704,163.41236071906107,45.4,0.05740228729420638
726,Company_726,Healthcare,Africa,2019,3093.6,17.6,10518.9,-8.1,44.9,56.9,29.0,48.8,248066.3,248066.3,496132.6,80.18693431600724,80.18693431600724,160.37386863201448,44.9,-0.0807903729015006
726,Company_726,Healthcare,Africa,2020,3591.9,14.2,8439.6,16.1,47.7,62.0,28.4,52.7,275223.8,275223.8,550447.5,76.62345833681339,76.62345833681339,153.24688883320806,47.70000000000001,0.16107447633824679
726,Company_726,Healthcare,Africa,2021,3227.9,16.5,12699.8,-10.1,49.4,65.7,29.1,53.4,238909.8,238909.8,477819.6,74.01400291211003,74.01400291211003,148.02800582422006,49.400000000000006,-0.10133912414042712
726,Company_726,Healthcare,Africa,2022,3485.6,16.2,12256.8,8.0,50.0,67.8,28.2,53.9,252780.7,252780.7,505561.4,72.52143103052559,72.52143103052559,145.04286206105118,49.96666666666667,0.07983518696366043
726,Company_726,Healthcare,Africa,2023,3717.5,15.6,12247.2,6.7,53.1,71.1,33.0,55.3,261089.3,261089.3,522178.6,70.23249495628782,70.23249495628782,140.46498991257565,53.133333333333326,0.06653086986458567
726,Company_726,Healthcare,Africa,2024,3198.2,20.4,14761.0,-14.0,53.5,72.4,31.8,56.1,221597.5,221597.5,443194.9,69.2881933587643,69.2881933587643,138.5763554499406,53.43333333333334,-0.1396906523201077
726,Company_726,Healthcare,Africa,2025,3204.0,23.7,11817.4,0.2,53.3,72.8,30.2,56.7,221298.7,221298.7,442597.5,69.06950686641699,69.06950686641699,138.13904494382024,53.23333333333333,0.0018135201050590855
727,Company_727,Retail,Latin America,2015,1003.4,7.0,1705.7,11.149999999999999,73.4,85.1,57.4,77.6,60601.2,30300.6,121202.4,60.39585409607335,30.197927048036675,120.7917081921467,73.36666666666666,
727,Company_727,Retail,Latin America,2016,1126.9,4.7,943.8,12.3,72.0,83.6,54.9,77.5,69266.3,34633.1,138532.6,61.46623480344307,30.73307303221226,122.93246960688614,72.0,0.12308152282240403
727,Company_727,Retail,Latin America,2017,1200.9,3.4,755.2,6.6,72.3,83.0,55.8,78.1,74378.2,37189.1,148756.3,61.93538179698559,30.967690898492794,123.870680323091,72.3,0.06566687372437663
727,Company_727,Retail,Latin America,2018,1348.0,1.4,472.5,12.2,72.0,83.4,54.3,78.3,83093.1,41546.5,166186.2,61.64176557863502,30.82084569732938,123.28353115727003,72.0,0.12249146473478212
727,Company_727,Retail,Latin America,2019,1330.6,3.2,954.3,-1.3,71.6,82.5,55.0,77.2,82867.8,41433.9,165735.5,62.27852096798438,31.13926048399219,124.55696678190291,71.56666666666666,-0.012908011869436242
727,Company_727,Retail,Latin America,2020,1535.2,5.3,950.7,15.4,71.0,82.5,51.1,79.3,95536.9,47768.5,191073.9,62.2309145388223,31.115489838457528,124.46189421573736,70.96666666666665,0.1537652186983316
727,Company_727,Retail,Latin America,2021,1676.2,4.8,1176.3,9.2,70.8,81.7,50.7,80.0,105294.4,52647.2,210588.8,62.817324901563055,31.408662450781527,125.63464980312611,70.8,0.09184471078686807
727,Company_727,Retail,Latin America,2022,1928.1,7.6,2163.8,15.0,71.3,82.1,50.2,81.5,120514.2,60257.1,241028.4,62.50412323012292,31.25206161506146,125.00824646024584,71.26666666666667,0.15028039613411281
727,Company_727,Retail,Latin America,2023,2059.8,6.9,1517.2,6.8,71.0,79.8,52.6,80.6,132117.3,66058.6,264234.5,64.14083891639964,32.07039518399845,128.28162928439653,71.0,0.06830558580986468
727,Company_727,Retail,Latin America,2024,2267.8,4.5,1834.8,10.1,70.8,78.1,55.4,78.9,148096.3,74048.1,296192.5,65.30395096569362,32.65195343504718,130.60785783578797,70.8,0.10098067773570252
727,Company_727,Retail,Latin America,2025,2543.6,1.2,402.0,12.2,70.7,75.1,60.2,77.0,171590.2,85795.1,343180.4,67.45958484038371,33.729792420191856,134.91916968076742,70.76666666666667,0.12161566275685676
728,Company_728,Retail,North America,2015,1552.8,5.8,1076.0,12.399999999999999,64.8,55.3,58.0,81.1,126282.3,63141.1,252564.6,81.32554095826893,40.66273827923751,162.65108191653786,64.8,
728,Company_728,Retail,North America,2016,1732.8,5.3,1583.8,11.6,66.1,56.1,58.5,83.6,139905.6,69952.8,279811.3,80.73961218836565,40.36980609418283,161.47928208679593,66.06666666666666,0.11591962905718711
728,Company_728,Retail,North America,2017,1960.9,6.2,2647.8,13.2,67.5,59.6,54.7,88.3,153508.2,76754.1,307016.5,78.28456321077057,39.142281605385286,156.5691774185323,67.53333333333335,0.1316366574330563
728,Company_728,Retail,North America,2018,2301.3,6.1,1530.8,17.4,67.4,62.0,55.7,84.5,176308.0,88154.0,352616.0,76.61234954156346,38.30617477078173,153.22469908312692,67.39999999999999,0.1735937579682798
728,Company_728,Retail,North America,2019,2717.7,7.6,5050.2,18.1,68.2,63.4,55.5,85.8,205576.0,102788.0,411152.1,75.64337491260993,37.821687456304964,151.28678662103985,68.23333333333333,0.18094120714378814
728,Company_728,Retail,North America,2020,2752.5,10.8,5127.1,1.3,68.7,62.9,55.7,87.3,209040.3,104520.1,418080.5,75.94561307901907,37.97278837420527,151.8911898274296,68.63333333333333,0.01280494535820731
728,Company_728,Retail,North America,2021,2792.7,12.2,7030.4,1.5,70.3,64.1,55.1,91.8,209798.8,104899.4,419597.6,75.12400186199736,37.56200093099868,150.2480037239947,70.33333333333333,0.014604904632152582
728,Company_728,Retail,North America,2022,3391.8,13.5,8049.8,21.5,69.1,65.3,50.6,91.4,252000.6,126000.3,504001.1,74.29701043693613,37.14850521846807,148.59399139100182,69.10000000000001,0.21452357933182964
728,Company_728,Retail,North America,2023,3514.0,13.0,7398.6,3.6,69.3,64.0,52.8,91.1,264309.4,132154.7,528618.8,75.21610700056915,37.608053500284576,150.4322140011383,69.3,0.03602806769267053
728,Company_728,Retail,North America,2024,4041.2,14.2,7689.2,15.0,68.8,63.8,51.8,90.7,304501.9,152250.9,609003.8,75.34937642284471,37.67467583885974,150.69875284568943,68.76666666666667,0.15002845759817873
728,Company_728,Retail,North America,2025,3793.2,13.8,6688.1,-6.1,67.1,61.5,50.5,89.4,291796.1,145898.1,583592.2,76.92610460824633,38.463065485605824,153.85220921649267,67.13333333333334,-0.06136791052162727
729,Company_729,Consumer Goods,Oceania,2015,5723.4,6.8,7781.1,4.75,62.4,84.0,90.3,12.9,700345.8,875432.3,3501729.1,122.3653422790649,152.9566865848971,611.8267288674565,62.400000000000006,
729,Company_729,Consumer Goods,Oceania,2016,6856.2,2.8,4134.6,19.8,62.5,85.2,91.5,10.8,828064.9,1035081.2,4140324.6,120.77607129313614,150.9701000554243,603.8803710510196,62.5,0.19792431072439465
729,Company_729,Consumer Goods,Oceania,2017,7170.4,3.1,2350.9,4.6,63.0,88.1,90.0,11.0,836503.6,1045629.5,4182518.0,116.66066049313847,145.8258256164231,583.3033024656924,63.03333333333333,0.04582713456433596
729,Company_729,Consumer Goods,Oceania,2018,8250.9,1.8,3339.2,15.1,61.9,87.3,86.9,11.5,971300.1,1214125.2,4856500.7,117.72050321783078,147.15063811220594,588.6025403289339,61.9,0.1506889434341181
729,Company_729,Consumer Goods,Oceania,2019,7709.6,0.5,646.1,-6.6,62.6,88.7,87.0,12.2,892877.3,1116096.7,4464386.7,115.8136998028432,144.76713448168516,579.0685249558991,62.633333333333326,-0.06560496430692397
729,Company_729,Consumer Goods,Oceania,2020,8109.4,-0.6,6344.7,5.2,64.8,91.0,89.8,13.6,912773.3,1140966.6,4563866.3,112.55743951463735,140.69679631045454,562.7871729104496,64.8,0.0518574245097021
729,Company_729,Consumer Goods,Oceania,2021,8450.1,1.9,3060.1,4.2,65.3,94.2,89.4,12.3,913671.5,1142089.3,4568357.3,108.12552514171429,135.15689755150828,540.6276020402125,65.30000000000001,0.04201297259969916
729,Company_729,Consumer Goods,Oceania,2022,9071.7,0.4,618.7,7.4,65.0,94.3,88.9,11.9,980133.9,1225167.4,4900669.6,108.04302390952081,135.05378264272406,540.2151305708962,65.03333333333333,0.07356125963006366
729,Company_729,Consumer Goods,Oceania,2023,9065.3,-1.1,37536.1,-0.1,64.5,95.4,88.4,9.8,964714.3,1205892.8,4823571.4,106.41835350181462,133.02293360396237,532.0917564779986,64.53333333333335,-0.0007054907018532175
729,Company_729,Consumer Goods,Oceania,2024,9508.8,-0.2,12631.2,4.9,66.6,98.0,88.9,13.0,977569.4,1221961.8,4887847.1,102.80681053340065,128.50851842503786,514.0340631835774,66.63333333333334,0.04892281557146472
729,Company_729,Consumer Goods,Oceania,2025,9345.4,0.7,1147.1,-1.7,68.0,97.7,91.7,14.5,964949.5,1206186.8,4824747.3,103.25395381685108,129.06743424572517,516.2697476833522,67.96666666666667,-0.017184082113410715
730,Company_730,Manufacturing,North America,2015,611.1,5.4,280.4,-5.65,33.5,17.2,24.9,58.4,197949.9,263933.3,3299165.6,323.92390770741287,431.8987072492227,5398.732776959581,33.5,
730,Company_730,Manufacturing,North America,2016,579.9,2.8,181.6,-5.1,32.9,17.3,23.8,57.8,187671.7,250228.9,3127861.4,323.6276944300742,431.50353509225727,5393.794447318503,32.96666666666667,-0.05105547373588615
730,Company_730,Manufacturing,North America,2017,548.6,-1.5,702.1,-5.4,31.6,19.9,19.8,55.1,174585.2,232780.3,2909753.7,318.2376959533358,424.31698869850527,5303.96226759023,31.600000000000005,-0.05397482324538705
730,Company_730,Manufacturing,North America,2018,485.2,2.5,183.9,-11.6,32.4,21.4,19.4,56.2,152819.8,203759.7,2546996.2,314.9624896949711,419.9499175597692,5249.3738664468265,32.333333333333336,-0.11556689755741889
730,Company_730,Manufacturing,North America,2019,477.8,2.4,152.6,-1.5,32.6,22.8,18.6,56.4,149169.6,198892.8,2486160.6,312.20092088740057,416.26789451653406,5203.349937212222,32.6,-0.015251442704039553
730,Company_730,Manufacturing,North America,2020,400.1,3.8,315.2,-16.3,32.3,21.0,20.0,56.0,126372.9,168497.1,2106214.2,315.8532866783304,421.1374656335916,5264.219445138716,32.333333333333336,-0.1626203432398493
730,Company_730,Manufacturing,North America,2021,326.4,0.5,19.1,-18.4,34.4,23.3,22.0,58.1,101557.9,135410.5,1692631.5,311.1455269607843,414.86060049019613,5185.758272058824,34.46666666666667,-0.18420394901274695
730,Company_730,Manufacturing,North America,2022,307.1,3.2,145.6,-5.9,36.9,23.2,27.3,60.1,95632.3,127509.7,1593871.4,311.40442852491043,415.20579615760334,5190.072940410289,36.86666666666667,-0.05912990196078416
730,Company_730,Manufacturing,North America,2023,287.1,2.1,58.5,-6.5,38.0,26.6,28.7,58.7,87287.9,116383.8,1454797.8,304.0330895158481,405.3772204806687,5067.2163009404385,38.0,-0.06512536633018562
730,Company_730,Manufacturing,North America,2024,292.8,-1.0,578.9,2.0,39.0,27.5,31.1,58.3,88494.8,117993.1,1474913.3,302.2363387978142,402.9818989071038,5037.272199453552,38.96666666666667,0.01985370950888199
730,Company_730,Manufacturing,North America,2025,332.5,-0.3,1126.9,13.6,40.1,29.6,31.9,58.8,98992.1,131989.5,1649868.9,297.72060150375944,396.9609022556391,4962.011729323308,40.1,0.13558743169398912
731,Company_731,Finance,Middle East,2015,3032.4,17.7,7232.4,9.05,75.6,96.1,39.5,91.3,31976.0,15988.0,79939.9,10.544783010156971,5.2723915050784855,26.361924548212635,75.63333333333333,
731,Company_731,Finance,Middle East,2016,3045.9,20.7,11062.0,0.4,74.9,95.6,37.3,91.7,32331.3,16165.7,80828.3,10.614695163990937,5.307363997504843,26.53675432548672,74.86666666666666,0.004451919271863947
731,Company_731,Finance,Middle East,2017,3317.4,18.3,8288.1,8.9,76.0,99.5,38.0,90.6,33425.6,16712.8,83564.0,10.0758425272804,5.0379212636402,25.189606318201,76.03333333333333,0.08913621589677923
731,Company_731,Finance,Middle East,2018,4035.3,18.4,12514.7,21.6,76.9,99.6,39.2,92.1,40592.7,20296.3,101481.7,10.059400788045497,5.029688003370257,25.148489579461252,76.96666666666667,0.21640441309459213
731,Company_731,Finance,Middle East,2019,4351.4,20.3,13690.7,7.8,76.6,100.0,38.7,91.1,43513.6,21756.8,108784.1,9.999908075561889,4.999954037780944,24.99979317001425,76.6,0.07833370505290804
731,Company_731,Finance,Middle East,2020,4678.0,20.6,10385.8,7.5,77.7,100.0,39.5,93.7,46780.3,23390.1,116950.7,10.000064129970074,5.000021376656691,25.000149636596834,77.73333333333333,0.0750563037183436
731,Company_731,Finance,Middle East,2021,4972.0,21.4,19507.9,6.3,77.0,100.0,39.0,92.1,49719.7,24859.9,124299.3,9.999939662107803,4.9999798873692685,24.999859211584877,77.03333333333333,0.06284737067122692
731,Company_731,Finance,Middle East,2022,5532.0,21.9,19372.6,11.3,78.5,100.0,41.4,94.1,55319.9,27660.0,138299.8,9.999981923355026,5.0,24.99996384671005,78.5,0.1126307320997586
731,Company_731,Finance,Middle East,2023,6386.7,21.1,25422.9,15.5,80.8,100.0,46.0,96.4,63867.3,31933.6,159668.2,10.000046972614966,5.000015657538322,25.000109602768255,80.8,0.1545010845986985
731,Company_731,Finance,Middle East,2024,7069.7,24.5,30906.5,10.7,79.7,100.0,43.6,95.5,70697.0,35348.5,176742.4,10.0,5.0,24.999985855128223,79.7,0.10694098673806507
731,Company_731,Finance,Middle East,2025,7717.8,23.2,17061.7,9.2,79.3,100.0,42.5,95.5,77178.3,38589.1,192945.7,10.000038871180907,5.000012957060302,25.000090699422117,79.33333333333333,0.09167291398503474
732,Company_732,Transportation,Latin America,2015,601.0,2.0,202.4,20.9,39.8,13.9,30.5,74.9,397653.7,66275.6,1325512.3,661.6534109816972,110.27554076539103,2205.5113144758734,39.76666666666667,
732,Company_732,Transportation,Latin America,2016,746.4,-2.9,2491.4,24.2,40.8,15.3,33.4,73.5,489448.1,81574.7,1631493.8,655.7450428724544,109.29086280814576,2185.816988210075,40.733333333333334,0.2419301164725458
732,Company_732,Transportation,Latin America,2017,813.0,-6.1,2541.8,8.9,42.5,19.3,36.2,71.9,519621.6,86603.6,1732072.1,639.1409594095941,106.52349323493236,2130.469987699877,42.46666666666667,0.08922829581993574
732,Company_732,Transportation,Latin America,2018,1003.7,-9.1,1401.4,23.5,45.0,22.1,41.4,71.7,629643.9,104940.6,2098813.0,627.3228056192089,104.55375112085285,2091.0760187306964,45.06666666666666,0.23456334563345638
732,Company_732,Transportation,Latin America,2019,1226.3,-3.9,6087.3,22.2,46.1,22.3,43.0,73.0,768235.3,128039.2,2560784.4,626.4660360433826,104.41099241621137,2088.2201745086845,46.1,0.22177941616020713
732,Company_732,Transportation,Latin America,2020,1549.9,-3.4,4759.5,26.4,47.9,26.1,44.6,73.1,946190.6,157698.4,3153968.7,610.4849345119039,101.74746757855344,2034.9498032131105,47.93333333333334,0.26388322596428293
732,Company_732,Transportation,Latin America,2021,1816.3,-2.9,1719.5,17.2,50.3,30.7,47.3,72.9,1073515.3,178919.2,3578384.3,591.0451467268623,98.50751527831306,1970.150470737213,50.300000000000004,0.17188205690689706
732,Company_732,Transportation,Latin America,2022,1949.4,-7.7,6804.0,7.3,51.3,32.6,45.3,76.0,1136609.9,189435.0,3788699.8,583.0562737252487,97.17605417051399,1943.5209808146094,51.300000000000004,0.07328084567527404
732,Company_732,Transportation,Latin America,2023,2487.2,-10.3,9196.3,27.6,52.3,33.7,45.7,77.6,1438617.7,239769.6,4795392.2,578.4085316822129,96.40141524605984,1928.0283853329047,52.333333333333336,0.2758797578742176
732,Company_732,Transportation,Latin America,2024,2975.2,-11.5,3904.9,19.6,52.5,34.0,43.9,79.6,1717439.3,286239.9,5724797.8,577.251714170476,96.20862463027697,1924.1724253831676,52.5,0.19620456738501124
732,Company_732,Transportation,Latin America,2025,3310.2,-11.6,6477.3,11.3,53.7,33.0,45.9,82.2,1924978.7,320829.8,6416595.7,581.5294242039756,96.9215757356051,1938.4314240831372,53.70000000000001,0.11259747243882767
733,Company_733,Utilities,Latin America,2015,972.9,8.4,966.7,6.800000000000001,68.4,38.7,88.8,77.7,722891.9,451807.5,7228919.4,743.0279576523795,464.3925377736664,7430.279987665742,68.39999999999999,
733,Company_733,Utilities,Latin America,2016,1100.2,8.0,1225.9,13.1,71.5,42.1,93.0,79.3,796563.5,497852.2,7965634.6,724.0169969096528,452.5106344301036,7240.169605526267,71.46666666666665,0.13084592455545274
733,Company_733,Utilities,Latin America,2017,1202.8,7.1,1040.1,9.3,71.2,41.4,93.0,79.1,875729.1,547330.7,8757290.7,728.0754073827735,455.04714000665115,7280.75382440971,71.16666666666667,0.09325577167787658
733,Company_733,Utilities,Latin America,2018,1204.3,8.2,1094.8,0.1,71.1,41.4,95.1,76.9,876718.9,547949.3,8767188.8,727.9904508843312,454.99402142323345,7279.904342771735,71.13333333333334,0.001247090123046135
733,Company_733,Utilities,Latin America,2019,1290.4,10.2,1224.0,7.2,72.5,42.6,97.1,77.9,930728.5,581705.3,9307284.6,721.2713112213266,450.7945598264104,7212.712802231866,72.53333333333333,0.07149381383376241
733,Company_733,Utilities,Latin America,2020,1422.0,10.4,1645.2,10.2,70.5,40.1,96.9,74.6,1046090.9,653806.8,10460908.8,735.6476090014065,459.77974683544306,7356.475949367089,70.53333333333333,0.10198388096714184
733,Company_733,Utilities,Latin America,2021,1449.4,10.1,1523.2,1.9,71.7,40.7,97.5,77.0,1060953.2,663095.8,10609532.4,731.9947564509451,457.49675727887404,7319.947840485718,71.73333333333333,0.019268635724331906
733,Company_733,Utilities,Latin America,2022,1385.3,10.2,1644.8,-4.4,71.7,39.9,98.8,76.4,1020389.3,637743.3,10203893.2,736.5836280949975,460.3647585360572,7365.836425323035,71.7,-0.04422519663308966
733,Company_733,Utilities,Latin America,2023,1473.4,10.1,1296.4,6.4,73.3,40.7,100.0,79.1,1078362.8,673976.7,10783627.6,731.8873354146871,457.4295506990633,7318.873082665942,73.26666666666667,0.06359633292427636
733,Company_733,Utilities,Latin America,2024,1620.6,10.3,2320.8,10.0,73.7,43.3,100.0,77.7,1162720.4,726700.2,11627203.5,717.4629149697643,448.4142910033321,7174.628841169938,73.66666666666667,0.09990498167503725
733,Company_733,Utilities,Latin America,2025,1296.2,7.2,1342.7,-20.0,75.1,45.8,100.0,79.5,911853.7,569908.6,9118537.0,703.4822558247183,439.67643882116954,7034.822558247184,75.10000000000001,-0.20017277551524115
734,Company_734,Consumer Goods,Oceania,2015,866.6,8.1,1731.4,6.1,58.5,26.8,75.6,73.0,175419.0,219273.8,877095.1,202.42210939303024,253.02769443803368,1012.1106623586429,58.46666666666666,
734,Company_734,Consumer Goods,Oceania,2016,885.3,7.7,1092.6,2.2,59.2,27.7,78.2,71.6,178104.5,222630.7,890522.7,201.17982604766746,251.47486727662942,1005.8993561504575,59.166666666666664,0.02157858296792048
734,Company_734,Consumer Goods,Oceania,2017,880.8,7.9,1548.9,-0.5,60.2,30.8,80.7,69.0,173415.1,216768.8,867075.3,196.88362851952772,246.10445049954586,984.4179155313352,60.166666666666664,-0.00508302270416805
734,Company_734,Consumer Goods,Oceania,2018,903.9,9.8,1943.8,2.6,63.8,34.8,84.1,72.4,172884.0,216105.0,864419.9,191.26452041154997,239.08065051443745,956.3224914260428,63.76666666666667,0.026226158038147096
734,Company_734,Consumer Goods,Oceania,2019,989.6,7.3,1203.6,9.5,64.6,37.1,83.7,72.9,186058.4,232573.0,930292.0,188.0137429264349,235.01717865804366,940.0687146321746,64.56666666666668,0.0948113729394846
734,Company_734,Consumer Goods,Oceania,2020,1105.2,6.0,1491.9,11.7,63.3,36.8,80.4,72.5,208266.7,260333.3,1041333.3,188.4425443358668,235.55311255881287,942.2125407166124,63.23333333333333,0.11681487469684715
734,Company_734,Consumer Goods,Oceania,2021,1198.6,4.7,1403.2,8.5,64.4,40.9,78.7,73.7,218988.9,273736.2,1094944.7,182.70390455531455,228.37994326714502,913.5196896379109,64.43333333333334,0.08450959102424882
734,Company_734,Consumer Goods,Oceania,2022,1218.5,8.2,1016.0,1.7,65.0,41.3,78.1,75.5,221950.8,277438.5,1109753.9,182.15084119819448,227.68855149774313,910.7541239228559,64.96666666666665,0.016602703153679288
734,Company_734,Consumer Goods,Oceania,2023,1268.4,10.1,1765.9,4.1,66.0,42.5,80.2,75.3,228895.8,286119.8,1144479.0,180.46026490066222,225.5753705455692,902.3013245033112,66.0,0.040951990151826045
734,Company_734,Consumer Goods,Oceania,2024,1564.2,9.6,2801.2,23.3,68.0,45.7,84.2,74.2,275359.1,344198.9,1376795.4,176.03829433576266,220.04788390231428,880.1914077483697,68.03333333333335,0.23320719016083258
734,Company_734,Consumer Goods,Oceania,2025,1690.8,8.1,2062.8,8.1,70.0,47.6,85.5,77.0,293066.3,366332.9,1465331.5,173.32996214809558,216.66246747101965,866.649810740478,70.03333333333333,0.08093594169543539
735,Company_735,Finance,Middle East,2015,3811.0,14.4,8602.0,-0.9999999999999999,51.7,100.0,20.5,34.5,38111.0,19055.5,95277.6,10.00026239832065,5.000131199160325,25.000682235633693,51.666666666666664,
735,Company_735,Finance,Middle East,2016,4025.7,15.1,6614.0,5.6,49.0,100.0,16.6,30.3,40257.1,20128.6,100642.8,10.000024840400428,5.000024840400427,25.000074521201284,48.96666666666667,0.05633691944371555
735,Company_735,Finance,Middle East,2017,3485.6,17.1,11098.2,-13.4,49.4,100.0,19.3,29.0,34855.8,17427.9,87139.5,9.999942621069545,4.9999713105347725,24.999856552673858,49.43333333333334,-0.13416300270760362
735,Company_735,Finance,Middle East,2018,3405.2,19.6,7824.0,-2.3,49.2,100.0,18.8,28.9,34052.1,17026.1,85130.4,10.000029366850699,5.000029366850699,25.000117467402795,49.23333333333333,-0.02306633004360803
735,Company_735,Finance,Middle East,2019,3298.2,18.0,7035.7,-3.1,48.4,100.0,15.2,30.1,32982.0,16491.0,82455.0,10.0,5.0,25.0,48.43333333333334,-0.03142253024785624
735,Company_735,Finance,Middle East,2020,3307.9,12.2,6974.8,0.3,49.8,100.0,16.6,32.8,33079.1,16539.6,82697.8,10.000030230659934,5.0000302306599345,25.000090691979807,49.79999999999999,0.0029409981201868884
735,Company_735,Finance,Middle East,2021,2888.8,10.5,3686.8,-12.7,48.9,100.0,16.2,30.4,28888.4,14444.2,72220.9,10.000138465798948,5.000069232899474,25.00031154804763,48.86666666666667,-0.126696695788869
735,Company_735,Finance,Middle East,2022,3201.2,8.4,3450.9,10.8,47.9,100.0,14.0,29.8,32011.7,16005.9,80029.3,9.999906285143073,4.999968761714357,24.999781332000502,47.93333333333334,0.10814178897812221
735,Company_735,Finance,Middle East,2023,3321.3,6.8,2365.7,3.8,48.6,99.7,13.9,32.3,33372.2,16686.1,83430.6,10.047933038268146,5.023966519134073,25.11986270436275,48.63333333333333,0.03751718105710378
735,Company_735,Finance,Middle East,2024,3160.7,10.9,5211.1,-4.8,49.2,96.4,17.7,33.4,33183.9,16592.0,82959.8,10.498908469642801,5.2494700541019395,26.247286993387544,49.166666666666664,-0.048354559961460986
735,Company_735,Finance,Middle East,2025,3168.8,11.6,7284.6,0.3,49.8,94.5,19.8,35.0,34105.5,17052.8,85263.9,10.762907094168138,5.381469325927795,26.907315071951523,49.76666666666667,0.002562723447337767
736,Company_736,Finance,Europe,2015,1617.0,12.2,2718.5,-0.44999999999999996,63.0,78.2,59.3,51.5,21101.6,10550.8,52753.9,13.049845392702535,6.524922696351267,32.62455163883735,63.0,
736,Company_736,Finance,Europe,2016,1663.1,14.8,2228.3,2.8,62.6,79.1,59.9,48.9,21504.8,10752.4,53762.1,12.9305513799531,6.46527568997655,32.32643857855812,62.63333333333333,0.02850958565244266
736,Company_736,Finance,Europe,2017,1772.1,11.7,2456.0,6.6,62.8,80.0,60.8,47.7,22676.0,11338.0,56689.9,12.796117600586875,6.3980588002934375,31.99023757124316,62.833333333333336,0.06554025614815706
736,Company_736,Finance,Europe,2018,1712.8,10.3,1545.6,-3.3,62.2,77.3,60.7,48.7,22572.4,11286.2,56430.9,13.178654834189633,6.589327417094816,32.946578701541334,62.23333333333333,-0.03346312284859765
736,Company_736,Finance,Europe,2019,1814.1,12.1,3036.2,5.9,62.7,79.4,61.6,47.1,23385.7,11692.9,58464.3,12.891075464417618,6.445565294085221,32.227716222920456,62.699999999999996,0.05914292386735176
736,Company_736,Finance,Europe,2020,1784.1,11.7,1856.4,-1.7,63.3,75.7,62.6,51.6,23899.5,11949.8,59748.9,13.395829830166472,6.697942940418138,33.48965865142089,63.300000000000004,-0.016537125847527645
736,Company_736,Finance,Europe,2021,1668.8,12.2,3682.2,-6.5,64.8,80.1,60.9,53.5,21343.3,10671.6,53358.2,12.789609300095877,6.39477468839885,31.973993288590602,64.83333333333333,-0.06462642228574633
736,Company_736,Finance,Europe,2022,1682.1,13.1,2975.8,0.8,64.8,80.6,62.0,51.9,21383.8,10691.9,53459.5,12.712561678853813,6.356280839426907,31.781404197134535,64.83333333333333,0.007969798657718075
736,Company_736,Finance,Europe,2023,1521.4,16.1,4380.6,-9.6,66.3,79.5,62.0,57.3,19580.7,9790.4,48951.8,12.870185355593533,6.4351255422637035,32.17549625345077,66.26666666666667,-0.09553534272635389
736,Company_736,Finance,Europe,2024,1456.7,16.1,3374.4,-4.3,66.7,78.5,63.8,57.7,18959.8,9479.9,47399.5,13.015583167433238,6.507791583716619,32.5389579185831,66.66666666666667,-0.04252662021822007
736,Company_736,Finance,Europe,2025,1565.1,16.2,2496.1,7.4,68.6,79.7,65.9,60.3,20104.6,10052.3,50261.6,12.845568973228547,6.422784486614273,32.11398632675228,68.63333333333334,0.07441477311731992
737,Company_737,Technology,Asia,2015,2126.0,22.6,10029.1,12.15,32.1,47.4,35.0,14.0,92262.3,55357.4,184524.6,43.397130761994354,26.038287864534336,86.79426152398871,32.13333333333333,
737,Company_737,Technology,Asia,2016,2309.8,24.6,16835.4,8.6,32.3,47.3,38.0,11.5,100311.0,60186.6,200622.1,43.42843536236903,26.05706121742142,86.85691401852974,32.266666666666666,0.08645343367826919
737,Company_737,Technology,Asia,2017,2552.7,24.9,20463.3,10.5,31.8,48.3,36.9,10.2,110043.3,66026.0,220086.6,43.108590903748976,25.865162377090925,86.21718180749795,31.799999999999997,0.10516061996709647
737,Company_737,Technology,Asia,2018,2870.2,26.2,21811.5,12.4,34.1,50.3,38.5,13.6,121688.9,73013.3,243377.8,42.397359069054424,25.438401505121597,84.79471813810885,34.13333333333333,0.12437810945273631
737,Company_737,Technology,Asia,2019,2576.4,25.1,18263.3,-10.2,34.0,51.9,37.5,12.6,107821.1,64692.7,215642.2,41.84951870827511,25.109726750504578,83.69903741655023,34.0,-0.10236220472440938
737,Company_737,Technology,Asia,2020,2805.9,28.1,20190.7,8.9,33.5,50.6,36.2,13.6,118631.1,71178.6,237262.1,42.2791617662782,25.36747567625361,84.55828789336755,33.46666666666667,0.08907778295295765
737,Company_737,Technology,Asia,2021,3209.6,25.6,16123.6,14.4,34.1,50.6,35.6,16.1,135728.8,81437.3,271457.6,42.288384845463604,25.373037138584248,84.57676969092721,34.1,0.14387540539577315
737,Company_737,Technology,Asia,2022,3590.2,24.8,22481.1,11.9,34.1,52.2,35.7,14.3,149863.7,89918.2,299727.3,41.74243774720072,25.045457077600133,83.48484764079996,34.06666666666667,0.11858175473579258
737,Company_737,Technology,Asia,2023,4397.0,25.5,36149.7,22.5,32.6,52.9,31.0,13.8,182451.1,109470.7,364902.2,41.4944507618831,24.896679554241526,82.9889015237662,32.56666666666667,0.22472285666536695
737,Company_737,Technology,Asia,2024,5121.0,29.3,30216.3,16.5,33.1,52.7,31.7,14.9,212756.8,127654.1,425513.5,41.54594805702011,24.92757273969928,83.09187658660417,33.1,0.1646577211735274
737,Company_737,Technology,Asia,2025,5984.4,27.7,57582.9,16.9,34.4,55.1,31.1,17.0,243561.7,146137.0,487123.4,40.699435198181945,24.419657776886574,81.39887039636389,34.4,0.16859988283538363
738,Company_738,Consumer Goods,Middle East,2015,616.9,14.1,1980.2,-0.55,35.1,13.1,34.1,58.0,136691.9,170864.8,683459.4,221.57869995136974,276.97325336359216,1107.8933376560221,35.06666666666667,
738,Company_738,Consumer Goods,Middle East,2016,602.4,12.9,1209.0,-2.3,35.9,14.3,32.7,60.8,132529.2,165661.5,662645.9,220.00199203187253,275.00249003984067,1100.0097941567067,35.93333333333333,-0.02350461987356134
738,Company_738,Consumer Goods,Middle East,2017,604.5,13.7,1411.8,0.4,35.3,16.1,31.8,58.0,131453.8,164317.3,657269.1,217.45872622001653,271.8234904880066,1087.2937965260546,35.300000000000004,0.003486055776892538
738,Company_738,Consumer Goods,Middle East,2018,637.6,17.6,2171.8,5.5,37.2,18.1,32.8,60.5,136832.8,171041.0,684164.1,214.60602258469257,268.2575282308657,1073.030269761606,37.13333333333333,0.05475599669148057
738,Company_738,Consumer Goods,Middle East,2019,714.2,17.6,2431.6,12.0,37.1,18.3,32.5,60.6,153122.5,191403.1,765612.4,214.39722766732007,267.99649957994956,1071.9859983197982,37.13333333333333,0.12013801756587195
738,Company_738,Consumer Goods,Middle East,2020,589.8,20.5,1291.1,-17.4,36.1,17.3,33.1,57.9,127256.3,159070.3,636281.3,215.76178365547645,269.7021024075958,1078.808579179383,36.1,-0.1741809017082051
738,Company_738,Consumer Goods,Middle East,2021,581.2,18.2,1565.1,-1.5,36.6,18.7,33.6,57.4,124251.1,155313.9,621255.7,213.78372333103923,267.22969717825185,1068.9189607708188,36.56666666666666,-0.014581213970837448
738,Company_738,Consumer Goods,Middle East,2022,663.3,19.3,2480.8,14.1,35.8,20.7,31.3,55.2,139934.9,174918.6,699674.3,210.9677370722147,263.7096336499322,1054.838383838384,35.733333333333334,0.14125946317962823
738,Company_738,Consumer Goods,Middle East,2023,534.5,19.7,1495.0,-19.4,35.0,19.6,31.7,53.8,113596.7,141995.8,567983.3,212.5289055191768,265.66099158091674,1062.644153414406,35.03333333333333,-0.19418061209105975
738,Company_738,Consumer Goods,Middle East,2024,558.3,22.4,1688.3,4.4,38.8,25.0,32.8,58.8,114465.7,143082.1,572328.4,205.0254343542898,256.28174816406954,1025.1269926562782,38.86666666666667,0.04452759588400368
738,Company_738,Consumer Goods,Middle East,2025,548.4,21.9,2734.2,-1.8,36.8,25.9,30.4,54.2,111711.6,139639.5,558557.8,203.70459518599563,254.63074398249455,1018.522611232677,36.833333333333336,-0.01773240193444381
739,Company_739,Utilities,Asia,2015,1132.4,9.0,869.0,-0.8000000000000003,45.3,28.4,36.2,71.3,907174.3,566984.0,9071743.5,801.1076474743907,500.6923348640056,8011.076916283998,45.29999999999999,
739,Company_739,Utilities,Asia,2016,1042.5,8.5,934.5,-7.9,48.1,31.5,36.5,76.3,816673.2,510420.8,8166732.4,783.3795683453237,489.612278177458,7833.796067146283,48.1,-0.07938890851289304
739,Company_739,Utilities,Asia,2017,1176.3,7.6,976.9,12.8,47.8,34.0,35.4,74.1,905345.5,565840.9,9053454.9,769.6552750148771,481.0345150046757,7696.552665136445,47.833333333333336,0.12834532374100704
739,Company_739,Utilities,Asia,2018,1214.6,6.7,1147.2,3.3,47.9,33.3,35.3,75.1,939649.1,587280.7,9396490.8,773.6284373456282,483.5177836324716,7736.284208793019,47.9,0.03255972115956807
739,Company_739,Utilities,Asia,2019,1285.7,7.0,1175.6,5.8,47.9,31.6,36.6,75.6,1006832.5,629270.3,10068324.9,783.1006455627285,489.43789375437507,7831.006377848643,47.93333333333334,0.058537790219002295
739,Company_739,Utilities,Asia,2020,1080.0,7.3,659.8,-16.0,48.2,31.2,39.1,74.3,848125.9,530078.7,8481258.5,785.3017592592593,490.8136111111111,7853.017129629629,48.199999999999996,-0.1599906665629618
739,Company_739,Utilities,Asia,2021,1174.8,7.0,691.3,8.8,46.7,27.2,39.9,73.2,948998.6,593124.1,9489985.8,807.7958801498128,504.8724038134151,8077.958631256385,46.76666666666667,0.08777777777777773
739,Company_739,Utilities,Asia,2022,1109.7,5.4,746.9,-5.5,46.5,29.4,37.6,72.5,882534.8,551584.2,8825347.6,795.2913400018023,497.0570424439037,7952.913039560241,46.5,-0.055413687436159265
739,Company_739,Utilities,Asia,2023,1055.8,7.3,621.0,-4.9,47.5,29.5,39.8,73.3,839042.2,524401.3,8390421.6,794.6980488728926,496.68620950937685,7946.980109869293,47.53333333333333,-0.04857168604127249
739,Company_739,Utilities,Asia,2024,1158.4,6.9,738.9,9.7,48.8,32.5,39.0,75.0,901501.6,563438.5,9015015.9,778.2299723756905,486.3937327348066,7782.299637430939,48.833333333333336,0.0971774957378293
739,Company_739,Utilities,Asia,2025,1066.0,6.4,678.8,-8.0,50.1,33.8,40.8,75.6,821552.7,513470.5,8215527.3,770.6873358348968,481.6796435272045,7706.873639774859,50.06666666666666,-0.07976519337016585
740,Company_740,Manufacturing,Africa,2015,504.4,9.6,853.5,2.85,39.9,11.2,58.9,49.5,169704.7,226273.0,2828412.1,336.44865186360033,448.5983346550357,5607.478390166535,39.86666666666667,
740,Company_740,Manufacturing,Africa,2016,533.6,7.9,870.4,5.8,41.9,12.1,61.0,52.5,178543.5,238058.0,2975725.3,334.60176161919037,446.13568215892053,5576.696589205397,41.86666666666667,0.05789056304520224
740,Company_740,Manufacturing,Africa,2017,519.4,12.2,976.8,-2.7,42.0,15.1,57.5,53.3,170488.3,227317.7,2841471.3,328.24085483249905,437.65440893338473,5470.68020793223,41.96666666666666,-0.026611694152923637
740,Company_740,Manufacturing,Africa,2018,474.1,13.8,846.3,-8.7,45.7,19.0,60.8,57.4,151776.0,202368.0,2529599.9,320.1349926175912,426.84665682345496,5335.582999367221,45.73333333333333,-0.08721601848286475
740,Company_740,Manufacturing,Africa,2019,521.1,18.0,875.8,9.9,46.7,16.8,66.4,56.9,169206.9,225609.3,2820115.7,324.7109959700633,432.9481865284974,5411.851276146613,46.699999999999996,0.0991352035435562
740,Company_740,Manufacturing,Africa,2020,527.6,17.9,1681.3,1.2,46.8,15.4,66.6,58.4,172856.5,230475.3,2880941.6,327.62793783169064,436.837187263078,5460.465504169825,46.800000000000004,0.012473613509882853
740,Company_740,Manufacturing,Africa,2021,512.2,13.3,1194.6,-2.9,48.1,16.7,69.0,58.6,166404.1,221872.1,2773401.0,324.88110113237013,433.17473643108156,5414.68371729793,48.1,-0.029188779378316876
740,Company_740,Manufacturing,Africa,2022,533.4,18.0,1375.5,4.1,49.2,17.5,72.4,57.8,172409.5,229879.3,2873491.5,323.2274090738658,430.9698162729659,5387.123172103487,49.23333333333333,0.04139008199921901
740,Company_740,Manufacturing,Africa,2023,574.5,15.3,995.7,7.7,48.5,15.6,73.6,56.3,188035.1,250713.5,3133918.2,327.30217580504785,436.4029590948651,5455.036031331593,48.5,0.07705286839145109
740,Company_740,Manufacturing,Africa,2024,584.0,17.9,1045.9,1.7,48.6,17.3,75.9,52.8,189077.4,252103.2,3151290.3,323.7626712328767,431.6835616438356,5396.045034246575,48.666666666666664,0.01653611836379465
740,Company_740,Manufacturing,Africa,2025,607.4,12.8,1132.3,4.0,51.1,21.2,76.0,56.1,191629.1,255505.4,3193817.6,315.49078037537043,420.6542640763912,5258.178465591044,51.1,0.04006849315068495
741,Company_741,Retail,Latin America,2015,683.3,11.1,1352.6,2.4,52.6,53.4,61.3,43.2,56472.4,28236.2,112944.7,82.64656812527441,41.32328406263721,165.29298990194644,52.633333333333326,
741,Company_741,Retail,Latin America,2016,793.4,12.6,1841.4,16.1,53.1,55.9,59.9,43.4,64178.9,32089.5,128357.9,80.89097554827326,40.445550794050924,161.78207713637508,53.06666666666666,0.161129811210303
741,Company_741,Retail,Latin America,2017,875.0,10.8,2272.7,10.3,54.2,56.5,60.7,45.2,70378.9,35189.4,140757.8,80.43302857142857,40.216457142857145,160.86605714285713,54.13333333333333,0.10284850012603997
741,Company_741,Retail,Latin America,2018,964.1,12.6,2716.3,10.2,54.3,55.3,62.7,44.9,78348.7,39174.3,156697.3,81.2661549631781,40.63302561974899,162.53220620267606,54.300000000000004,0.10182857142857138
741,Company_741,Retail,Latin America,2019,1005.7,11.4,1541.1,4.3,54.2,54.8,64.3,43.7,82134.2,41067.1,164268.4,81.66868847568857,40.834344237844284,163.33737695137714,54.26666666666667,0.04314905092832699
741,Company_741,Retail,Latin America,2020,1018.5,10.9,2318.0,1.3,54.9,56.3,63.2,45.1,82115.8,41057.9,164231.7,80.62425135002455,40.312125675012275,161.24860088365244,54.86666666666667,0.012727453514964626
741,Company_741,Retail,Latin America,2021,1048.4,15.2,3010.5,2.9,56.1,57.8,64.2,46.3,83389.3,41694.7,166778.7,79.53958412819534,39.76983975581838,159.07926363983213,56.1,0.02935689739813463
741,Company_741,Retail,Latin America,2022,1024.1,15.8,2845.4,-2.3,58.0,62.4,67.0,44.6,78127.1,39063.6,156254.2,76.28854604042576,38.14432184356997,152.57709208085151,58.0,-0.02317817626859997
741,Company_741,Retail,Latin America,2023,1039.1,13.2,3123.9,1.5,56.6,63.6,65.8,40.3,78454.5,39227.2,156909.0,75.50235780964297,37.75113078625734,151.00471561928595,56.56666666666666,0.014647007128210099
741,Company_741,Retail,Latin America,2024,1059.2,12.8,2362.8,1.9,57.5,64.7,71.6,36.1,79165.0,39582.5,158330.0,74.74037009063444,37.37018504531722,149.48074018126889,57.46666666666667,0.01934366278510269
741,Company_741,Retail,Latin America,2025,1051.2,11.9,2464.0,-0.8,58.9,65.1,70.9,40.7,78237.6,39118.8,156475.2,74.4269406392694,37.2134703196347,148.8538812785388,58.9,-0.007552870090634434
742,Company_742,Transportation,Oceania,2015,611.1,-4.5,607.9,7.1,40.4,36.5,16.9,67.7,346296.0,57716.0,1154320.1,566.6764850270005,94.4460808378334,1888.9217803960073,40.36666666666667,
742,Company_742,Transportation,Oceania,2016,635.9,0.2,25.6,4.1,42.9,39.4,18.4,70.9,352526.0,58754.3,1175086.8,554.3733291398019,92.39550243749018,1847.911306809247,42.9,0.04058255604647343
742,Company_742,Transportation,Oceania,2017,678.2,3.6,325.9,6.7,43.7,38.9,21.5,70.6,377559.0,62926.5,1258530.1,556.7074609259805,92.78457682099675,1855.6916838690652,43.666666666666664,0.06651989306494732
742,Company_742,Transportation,Oceania,2018,866.4,4.0,445.3,27.7,46.7,42.6,23.9,73.6,468898.3,78149.7,1562994.3,541.203024007387,90.20048476454294,1804.0100415512466,46.699999999999996,0.27749926275434955
742,Company_742,Transportation,Oceania,2019,842.2,5.7,904.0,-2.8,48.7,45.1,25.5,75.7,446986.7,74497.8,1489955.7,530.7369983376869,88.45618617905485,1769.1233673711706,48.76666666666667,-0.027931671283471737
742,Company_742,Transportation,Oceania,2020,973.5,7.3,1277.0,15.6,50.0,48.4,24.7,76.9,502864.7,83810.8,1676215.8,516.5533641499743,86.09224447868516,1721.8446841294299,50.0,0.15590121111374966
742,Company_742,Transportation,Oceania,2021,1023.9,6.9,837.5,5.2,48.3,44.1,24.4,76.5,547583.7,91264.0,1825279.1,534.8019337825959,89.1337044633265,1782.673210274441,48.333333333333336,0.05177195685670255
742,Company_742,Transportation,Oceania,2022,1100.8,4.3,476.2,7.5,50.4,47.3,24.4,79.6,574026.9,95671.2,1913423.1,521.463390261628,86.91061046511628,1738.2113917151164,50.43333333333333,0.07510499072175025
742,Company_742,Transportation,Oceania,2023,1314.6,2.8,453.5,19.4,50.8,49.4,23.5,79.5,673737.2,112289.5,2245790.8,512.5035752320098,85.4172371824129,1708.3453521983872,50.800000000000004,0.19422238372093026
742,Company_742,Transportation,Oceania,2024,1374.6,8.9,2093.7,4.6,52.8,50.8,24.2,83.5,696653.3,116108.9,2322177.6,506.80437945584174,84.46740870071294,1689.3478830205152,52.833333333333336,0.045641259698767644
742,Company_742,Transportation,Oceania,2025,1653.7,9.9,3255.9,20.3,54.2,53.3,26.3,83.1,820128.1,136688.0,2733760.4,495.935236137147,82.65586261111447,1653.11749410413,54.23333333333333,0.2030408846209808
743,Company_743,Finance,Europe,2015,6515.8,13.8,17932.2,8.85,64.8,60.0,83.1,51.3,101656.1,50828.0,254140.2,15.60147641118512,7.800730531937751,39.00368335430799,64.8,
743,Company_743,Finance,Europe,2016,7723.6,12.6,7971.0,18.5,66.0,63.3,82.2,52.6,116922.8,58461.4,292307.1,15.138381065824227,7.569190532912113,37.845965611890826,66.03333333333333,0.18536480554958712
743,Company_743,Finance,Europe,2017,8379.8,13.8,16990.1,8.5,65.9,64.6,79.9,53.1,125336.5,62668.2,313341.2,14.956979880188072,7.478483973364519,37.39244373374067,65.86666666666666,0.08496038116940263
743,Company_743,Finance,Europe,2018,9330.2,15.9,20015.3,11.3,65.8,65.0,78.6,53.9,138980.7,69490.4,347451.8,14.895790015219395,7.447900366551627,37.239480396990416,65.83333333333333,0.11341559464426387
743,Company_743,Finance,Europe,2019,9868.7,18.8,34683.4,5.8,67.1,69.4,77.8,54.1,141021.6,70510.8,352553.9,14.289784875414188,7.144892437707094,35.72445205548856,67.1,0.05771580459154135
743,Company_743,Finance,Europe,2020,12208.3,16.0,28516.1,23.7,67.1,71.2,77.3,52.8,171229.7,85614.8,428074.2,14.02567925100137,7.012835529926362,35.0641940319291,67.10000000000001,0.23707276540983102
743,Company_743,Finance,Europe,2021,13634.7,18.9,20819.0,11.7,66.6,72.8,77.3,49.8,188363.6,94181.8,470909.0,13.8150160986307,6.90750804931535,34.53754024657675,66.63333333333333,0.11683854426906293
743,Company_743,Finance,Europe,2022,14892.1,19.8,28903.3,9.2,66.4,70.0,77.1,52.2,211514.8,105757.4,528787.0,14.203154692756561,7.1015773463782805,35.5078867318914,66.43333333333334,0.0922205842446111
743,Company_743,Finance,Europe,2023,13553.0,17.5,22402.6,-9.0,66.7,71.0,77.4,51.8,190606.6,95303.3,476516.6,14.06379399394968,7.03189699697484,35.15949236331439,66.73333333333333,-0.08992015901048211
743,Company_743,Finance,Europe,2024,14639.7,15.2,26793.1,8.0,67.5,74.4,75.1,53.0,198805.6,99402.8,497014.0,13.579895762891315,6.7899478814456575,33.949739407228286,67.5,0.0801815096288645
743,Company_743,Finance,Europe,2025,15533.8,16.4,41485.4,6.1,67.3,78.6,73.6,49.8,201775.0,100887.5,504437.6,12.98941662696829,6.494708313484145,32.47354800499556,67.33333333333333,0.06107365588092639
744,Company_744,Transportation,North America,2015,1757.3,1.4,266.9,9.1,54.9,15.9,81.7,67.0,1147597.0,191266.2,3825323.2,653.0455812894782,108.84094918340637,2176.8185284242873,54.866666666666674,
744,Company_744,Transportation,North America,2016,2191.4,5.9,2120.4,24.7,54.0,16.0,79.2,66.6,1430526.4,238421.1,4768421.3,652.7910924523135,108.79853061969517,2175.9702929634022,53.93333333333334,0.24702668867011912
744,Company_744,Transportation,North America,2017,2322.9,6.7,2227.4,6.0,57.3,19.0,82.5,70.2,1486919.3,247819.9,4956397.6,640.1133496921951,106.68556545697189,2133.7111369408926,57.23333333333333,0.060007301268595326
744,Company_744,Transportation,North America,2018,2701.6,5.9,2456.1,16.3,60.1,21.8,84.6,74.0,1697700.0,282950.0,5659000.0,628.4053893988747,104.73423156647912,2094.6846313295823,60.133333333333326,0.163028972405183
744,Company_744,Transportation,North America,2019,2975.3,7.6,2977.3,10.1,63.2,22.7,87.5,79.5,1858067.2,309677.9,6193557.4,624.4974288307061,104.08291600846974,2081.658118509058,63.23333333333333,0.10131033461652361
744,Company_744,Transportation,North America,2020,3413.4,10.6,3314.4,14.7,63.9,21.9,88.7,81.1,2144175.9,357362.6,7147252.9,628.1642643698365,104.69402941348801,2093.8808519364857,63.9,0.1472456559002453
744,Company_744,Transportation,North America,2021,3389.4,9.0,3839.3,-0.7,63.2,19.5,88.8,81.1,2162119.2,360353.2,7207064.2,637.9061780846168,106.31769634743613,2126.3539859562165,63.133333333333326,-0.007031112673580586
744,Company_744,Transportation,North America,2022,3910.5,6.5,3028.9,15.4,64.8,23.3,91.7,79.3,2432876.1,405479.4,8109587.1,622.1393939393939,103.68991177598772,2073.798005370157,64.76666666666667,0.15374402549123745
744,Company_744,Transportation,North America,2023,3854.7,8.5,4780.5,-1.4,65.9,19.9,95.8,81.9,2453098.1,408849.7,8176993.7,636.3914442109633,106.06524502555322,2121.3048226839965,65.86666666666666,-0.014269275028768735
744,Company_744,Transportation,North America,2024,4167.3,3.4,1452.5,8.1,67.3,20.0,97.1,84.9,2650505.8,441751.0,8835019.3,636.024716243131,106.00412737263936,2120.0823794783196,67.33333333333333,0.0810958051210211
744,Company_744,Transportation,North America,2025,4228.7,6.3,3373.5,1.5,69.6,22.7,99.3,86.9,2640774.0,440129.0,8802579.9,624.48837704259,104.08139617376499,2081.62789982737,69.63333333333334,0.014733760468408796
745,Company_745,Utilities,Middle East,2015,3253.5,12.3,3729.1,-0.5999999999999999,37.1,49.2,27.2,34.9,2227763.0,1392351.9,22277630.4,684.728138927309,427.9550945136007,6847.281512217612,37.1,
745,Company_745,Utilities,Middle East,2016,3399.0,12.9,4412.6,4.5,38.7,50.6,29.1,36.4,2300214.1,1437633.8,23002140.9,676.7325978228891,422.9578699617535,6767.325948808472,38.699999999999996,0.04472106961733524
745,Company_745,Utilities,Middle East,2017,3225.5,14.9,6362.7,-5.1,40.0,51.1,30.0,38.8,2172827.7,1358017.3,21728277.1,673.6405828553713,421.0253604092389,6736.4058595566585,39.96666666666666,-0.0510444248308326
745,Company_745,Utilities,Middle East,2018,2888.4,15.0,5998.0,-10.4,40.5,55.9,27.3,38.3,1868201.8,1167626.1,18682017.8,646.7946960254812,404.2466763606149,6467.946891012325,40.5,-0.10451092853821109
745,Company_745,Utilities,Middle East,2019,2822.5,15.0,5803.0,-2.3,41.6,57.6,27.7,39.5,1798786.3,1124241.5,17987863.3,637.302497785651,398.3140832595217,6373.025084145262,41.6,-0.022815399529151126
745,Company_745,Utilities,Middle East,2020,2853.0,15.7,5492.6,1.1,40.8,53.5,29.7,39.3,1883837.8,1177398.6,18838377.6,660.3006659656502,412.6879074658255,6603.006519453208,40.833333333333336,0.010806023029229506
745,Company_745,Utilities,Middle East,2021,3316.1,17.3,7956.0,16.2,41.2,55.7,31.1,36.7,2149202.6,1343251.6,21492026.0,648.1115165405145,405.06969029884505,6481.115165405145,41.16666666666667,0.16232036452856646
745,Company_745,Utilities,Middle East,2022,3074.3,16.8,7002.1,-7.3,39.4,55.8,29.1,33.3,1990627.5,1244142.2,19906274.6,647.5059363107048,404.69121426015676,6475.059232996129,39.4,-0.07291698079068776
745,Company_745,Utilities,Middle East,2023,3376.8,16.2,4943.7,9.8,39.1,54.4,27.9,34.9,2213670.2,1383543.9,22136702.2,655.5526533996683,409.72041577825155,6555.526593224354,39.06666666666666,0.09839638291643626
745,Company_745,Utilities,Middle East,2024,4213.0,15.0,9260.5,24.8,39.9,56.4,27.6,35.9,2714664.9,1696665.6,27146649.3,644.3543555661049,402.72148112983626,6443.543626869215,39.96666666666667,0.24763089315328113
745,Company_745,Utilities,Middle East,2025,3808.0,18.5,7900.7,-9.6,41.2,58.2,26.4,38.9,2414687.5,1509179.7,24146875.4,634.109112394958,396.31819852941175,6341.091228991596,41.166666666666664,-0.09613102302397336
746,Company_746,Transportation,North America,2015,775.8,4.4,449.7,8.65,63.2,39.3,60.8,89.7,430568.7,71761.4,1435229.0,554.9996133023976,92.49987110079917,1849.998711007992,63.26666666666667,
746,Company_746,Transportation,North America,2016,989.0,7.2,800.3,27.5,65.0,43.9,59.1,92.0,529936.0,88322.7,1766453.3,535.830131445905,89.30505561172902,1786.1004044489384,65.0,0.2748130961588038
746,Company_746,Transportation,North America,2017,1000.9,9.7,872.1,1.2,64.7,44.1,58.0,92.0,535067.8,89178.0,1783559.3,534.5866719952044,89.09781196922769,1781.9555400139875,64.7,0.012032355915065684
746,Company_746,Transportation,North America,2018,1094.8,12.9,2815.6,9.4,64.3,46.0,57.4,89.5,576691.2,96115.2,1922303.8,526.7548410668616,87.79247351114358,1755.8492875411034,64.3,0.09381556599060836
746,Company_746,Transportation,North America,2019,1181.7,15.1,2653.7,7.9,64.4,44.5,59.9,88.8,630223.6,105037.3,2100745.2,533.3194550224252,88.88660404501988,1777.7314039096218,64.39999999999999,0.07937522835221045
746,Company_746,Transportation,North America,2020,1311.0,9.3,1493.5,10.9,64.9,44.7,61.7,88.2,697847.6,116307.9,2326158.7,532.3017543859648,88.71693363844393,1774.3392067124335,64.86666666666667,0.10941863417110942
746,Company_746,Transportation,North America,2021,1312.4,7.7,927.2,0.1,65.0,43.3,64.7,87.0,706292.9,117715.5,2354309.6,538.1689271563547,89.69483389210606,1793.8963730569947,65.0,0.0010678871090770148
746,Company_746,Transportation,North America,2022,1319.6,4.7,1200.9,0.5,65.5,44.7,64.6,87.3,702440.9,117073.5,2341469.8,532.3135040921492,88.71892997878146,1774.3784480145498,65.53333333333333,0.005486132276744771
746,Company_746,Transportation,North America,2023,1386.0,2.3,521.2,5.0,66.9,46.7,65.3,88.6,726182.4,121030.4,2420607.9,523.9411255411255,87.32352092352092,1746.4703463203462,66.86666666666666,0.050318278266141325
746,Company_746,Transportation,North America,2024,1538.1,0.4,83.6,11.0,66.4,43.2,65.4,90.5,828164.0,138027.3,2760546.5,538.4331317859697,89.73883362590209,1794.7769975944348,66.36666666666667,0.1097402597402597
746,Company_746,Transportation,North America,2025,1698.2,1.2,225.2,10.4,68.2,44.3,65.8,94.4,906790.5,151131.7,3022635.0,533.9715581203627,88.99523024378755,1779.9051937345423,68.16666666666667,0.10408946102334049
747,Company_747,Manufacturing,Oceania,2015,1653.7,9.0,1464.5,-0.9,43.6,8.3,71.5,51.2,566554.4,755405.9,9442573.3,342.5980528511822,456.79742395839634,5709.967527362884,43.666666666666664,
747,Company_747,Manufacturing,Oceania,2016,1641.4,13.0,2841.1,-0.7,44.1,9.6,71.4,51.4,557909.2,743878.9,9298486.3,339.898379432192,453.1978189350554,5664.972767149994,44.13333333333333,-0.007437866602164833
747,Company_747,Manufacturing,Oceania,2017,1525.5,13.7,2353.2,-7.1,44.6,8.5,73.1,52.1,521978.0,695970.7,8699633.8,342.16846935431005,456.224647656506,5702.808128482466,44.56666666666666,-0.07061045449006953
747,Company_747,Manufacturing,Oceania,2018,1509.3,15.5,2795.2,-1.1,45.6,10.6,72.6,53.5,509610.2,679480.2,8493502.9,337.6467236467237,450.195587358378,5627.445107003247,45.56666666666666,-0.010619469026548756
747,Company_747,Manufacturing,Oceania,2019,1690.3,19.9,2861.5,12.0,46.3,12.1,73.5,53.2,565526.4,754035.2,9425440.4,334.5716145063007,446.0954860084009,5576.193811749394,46.26666666666667,0.11992314317895714
747,Company_747,Manufacturing,Oceania,2020,1723.5,14.7,4789.7,2.0,46.9,15.7,74.6,50.4,563472.1,751296.2,9391202.5,326.9347838700319,435.91308384102115,5448.913548012764,46.9,0.019641483760279188
747,Company_747,Manufacturing,Oceania,2021,1691.5,13.4,1930.6,-1.9,45.8,16.0,73.6,47.9,552038.4,736051.2,9200640.1,326.3602719479752,435.1470292639669,5439.337924918711,45.833333333333336,-0.018566869741804437
747,Company_747,Manufacturing,Oceania,2022,1936.3,14.7,3063.2,14.5,46.1,15.9,74.9,47.6,632406.5,843208.6,10540108.0,326.6056396219594,435.47415173268604,5443.427154883025,46.13333333333333,0.1447236180904523
747,Company_747,Manufacturing,Oceania,2023,2062.1,12.1,2009.0,6.5,44.3,13.2,73.7,46.1,685248.7,913664.9,11420811.2,332.30624121041654,443.0749721158043,5538.437127200426,44.333333333333336,0.06496927129060581
747,Company_747,Manufacturing,Oceania,2024,1945.4,11.7,3355.5,-5.7,45.4,11.9,77.1,47.2,651581.7,868775.6,10859695.4,334.93456358589486,446.57941811452656,5582.242932044824,45.4,-0.05659279375394011
747,Company_747,Manufacturing,Oceania,2025,1771.6,11.6,3164.8,-8.9,44.3,12.6,75.2,45.1,590713.6,787618.1,9845226.2,333.43508692707155,444.58009708737865,5557.251185369158,44.300000000000004,-0.08933895342860088
748,Company_748,Healthcare,Middle East,2015,687.3,19.7,2419.0,6.3,35.6,70.6,24.2,11.9,48501.9,48501.9,97003.9,70.56874727193366,70.56874727193366,141.13764004073911,35.56666666666667,
748,Company_748,Healthcare,Middle East,2016,718.5,19.0,1417.4,4.5,37.4,72.6,25.1,14.4,49702.8,49702.8,99405.7,69.17578288100209,69.17578288100209,138.35170494084898,37.36666666666667,0.04539502400698381
748,Company_748,Healthcare,Middle East,2017,684.1,14.8,2410.1,-4.8,37.8,73.2,24.3,16.0,47051.2,47051.2,94102.5,68.77824879403596,68.77824879403596,137.55664376553136,37.833333333333336,-0.047877522616562196
748,Company_748,Healthcare,Middle East,2018,596.5,14.3,1168.4,-12.8,39.8,75.9,25.6,18.0,39888.7,39888.7,79777.4,66.87124895222128,66.87124895222128,133.74249790444256,39.833333333333336,-0.12805145446572141
748,Company_748,Healthcare,Middle East,2019,675.0,20.4,2865.2,13.2,39.4,73.9,25.9,18.4,46097.0,46097.0,92194.0,68.29185185185185,68.29185185185185,136.5837037037037,39.400000000000006,0.13160100586756074
748,Company_748,Healthcare,Middle East,2020,762.7,15.9,1521.7,13.0,41.0,77.0,26.1,19.8,50436.3,50436.3,100872.7,66.12862200078668,66.12862200078668,132.257375114724,40.96666666666666,0.129925925925926
748,Company_748,Healthcare,Middle East,2021,824.6,18.0,2723.3,8.1,40.7,76.2,27.8,18.0,54977.8,54977.8,109955.5,66.67208343439243,66.67208343439243,133.34404559786563,40.666666666666664,0.08115904025173726
748,Company_748,Healthcare,Middle East,2022,822.3,18.3,2769.2,-0.3,41.1,76.9,28.2,18.0,54414.8,54414.8,108829.7,66.1739024686854,66.1739024686854,132.34792654748875,41.03333333333334,-0.0027892311423721727
748,Company_748,Healthcare,Middle East,2023,895.4,23.6,3701.1,8.9,41.3,80.5,27.7,15.6,57008.1,57008.1,114016.2,63.66774625865535,63.66774625865535,127.3354925173107,41.266666666666666,0.08889699623008629
748,Company_748,Healthcare,Middle East,2024,906.2,19.3,1968.3,1.2,42.9,81.1,27.9,19.6,57284.3,57284.3,114568.6,63.213749724122714,63.213749724122714,126.42749944824543,42.86666666666667,0.012061648425284899
748,Company_748,Healthcare,Middle East,2025,1035.8,18.8,3094.7,14.3,44.0,82.9,29.0,20.2,64208.8,64208.8,128417.5,61.98957327669435,61.98957327669435,123.97905000965437,44.03333333333333,0.14301478702273207
749,Company_749,Retail,North America,2015,336.4,2.3,85.5,3.9000000000000004,70.1,89.7,41.3,79.3,19247.2,9623.6,38494.4,57.21521997621879,28.607609988109395,114.43043995243758,70.10000000000001,
749,Company_749,Retail,North America,2016,316.0,0.5,33.4,-6.1,69.7,89.8,40.7,78.5,18053.0,9026.5,36106.1,57.129746835443036,28.564873417721518,114.25981012658228,69.66666666666667,-0.06064209274673005
749,Company_749,Retail,North America,2017,325.1,-0.1,1521.6,2.9,71.2,92.7,41.1,79.9,17913.3,8956.6,35826.5,55.10089203322054,27.550292217779145,110.20147646877884,71.23333333333333,0.028797468354430533
749,Company_749,Retail,North America,2018,341.9,-0.7,1192.4,5.2,71.4,91.5,44.2,78.5,19128.3,9564.1,38256.5,55.94706054401872,27.973384030418252,111.89382860485523,71.39999999999999,0.05167640725930478
749,Company_749,Retail,North America,2019,331.5,-3.0,1257.2,-3.0,71.7,93.0,44.0,78.1,18197.3,9098.7,36394.6,54.893815987933635,27.447058823529414,109.78763197586727,71.7,-0.03041825095057027
749,Company_749,Retail,North America,2020,376.3,-1.7,1401.2,13.5,73.2,93.8,46.4,79.3,20463.5,10231.7,40927.0,54.38081318097262,27.190273717778368,108.76162636194525,73.16666666666667,0.13514328808446452
749,Company_749,Retail,North America,2021,353.9,-3.1,511.1,-6.0,74.0,95.4,47.0,79.6,18846.4,9423.2,37692.7,53.25346142978243,26.626730714891217,106.50664029386833,74.0,-0.059526973159713115
749,Company_749,Retail,North America,2022,378.7,-3.3,209.2,7.0,74.5,98.4,48.0,77.2,19368.9,9684.5,38737.9,51.14576181674149,25.57301293900185,102.29178769474518,74.53333333333335,0.0700762927380616
749,Company_749,Retail,North America,2023,387.6,-5.3,206.0,2.4,73.5,97.1,48.0,75.5,20159.7,10079.8,40319.4,52.01160990712074,26.00567595459236,104.02321981424149,73.53333333333333,0.02350145233694234
749,Company_749,Retail,North America,2024,406.6,-7.3,1880.9,4.9,73.9,95.1,50.8,75.7,21718.7,10859.4,43437.4,53.41539596655189,26.707820954254792,106.83079193310378,73.86666666666666,0.0490196078431373
749,Company_749,Retail,North America,2025,475.0,-7.7,1322.0,16.8,76.3,96.5,56.2,76.2,24898.0,12449.0,49796.0,52.41684210526316,26.20842105263158,104.83368421052631,76.3,0.16822429906542058
750,Company_750,Finance,Africa,2015,5669.6,19.3,11429.1,1.7999999999999998,67.5,76.7,71.6,54.0,75151.9,37576.0,187879.8,13.255238464794692,6.627628051361648,33.138104980951034,67.43333333333334,
750,Company_750,Finance,Africa,2016,6070.3,20.5,24515.1,7.1,68.8,74.8,73.4,58.0,82111.8,41055.9,205279.6,13.526810866019801,6.7634054330099005,33.8170436386999,68.73333333333333,0.07067517990687167
750,Company_750,Finance,Africa,2017,6671.9,22.6,28191.4,9.9,71.8,82.2,72.1,61.2,83312.5,41656.3,208281.4,12.487072647971344,6.24354381810279,31.21770410227971,71.83333333333333,0.0991054807834868
750,Company_750,Finance,Africa,2018,6475.6,23.7,26985.1,-2.9,69.8,78.0,71.6,59.8,84667.3,42333.6,211668.1,13.074819321761689,6.537401939588609,32.68702514052752,69.8,-0.029421903805512573
750,Company_750,Finance,Africa,2019,7325.4,23.9,22969.1,13.1,73.4,81.1,74.0,65.0,92642.1,46321.0,231605.2,12.64669506102056,6.323340704944441,31.61673082698556,73.36666666666666,0.13123108283402307
750,Company_750,Finance,Africa,2020,6676.5,23.1,22987.9,-8.9,73.6,82.2,74.6,64.0,83443.1,41721.6,208607.9,12.4980304051524,6.249022691529993,31.245098479742378,73.60000000000001,-0.08858219346383811
750,Company_750,Finance,Africa,2021,6925.3,25.7,22232.8,3.7,72.4,83.1,70.7,63.2,85612.7,42806.4,214031.8,12.362309214041268,6.181161826924465,30.905780255007002,72.33333333333333,0.0372650340747398
750,Company_750,Finance,Africa,2022,6316.1,25.1,23086.7,-8.8,72.5,83.1,72.7,61.6,78088.4,39044.2,195221.0,12.363388800050663,6.181694400025331,30.908472000126658,72.46666666666667,-0.08796730827545374
750,Company_750,Finance,Africa,2023,6200.4,24.6,26235.4,-1.8,74.4,86.6,73.7,62.8,73612.4,36806.2,184031.1,11.872201793432682,5.936100896716341,29.68052061157345,74.36666666666667,-0.018318266018587548
750,Company_750,Finance,Africa,2024,6341.4,24.0,21064.7,2.3,74.8,88.4,72.8,63.3,73681.1,36840.5,184202.7,11.619058882896523,5.80952155675403,29.047639322547074,74.83333333333333,0.02274046835688015
750,Company_750,Finance,Africa,2025,6425.2,22.0,22187.0,1.3,75.5,89.8,69.8,66.8,73409.1,36704.5,183522.7,11.425185208242546,5.712584822262342,28.562955238747435,75.46666666666665,0.013214747532090731
751,Company_751,Transportation,Asia,2015,303.9,-5.1,1301.3,-3.3,37.3,0.6,76.4,35.0,218079.8,36346.6,726932.7,717.6038170450806,119.60052648897664,2392.0128331688056,37.333333333333336,
751,Company_751,Transportation,Asia,2016,277.6,-2.3,557.4,-8.6,38.7,3.8,77.2,35.2,195504.9,32584.1,651682.8,704.268371757925,117.37788184438038,2347.5605187319884,38.733333333333334,-0.08654162553471523
751,Company_751,Transportation,Asia,2017,246.8,-0.4,718.9,-11.1,39.4,4.8,77.5,35.8,172783.6,28797.3,575945.4,700.0956239870341,116.68273905996757,2333.652350081037,39.36666666666667,-0.1109510086455332
751,Company_751,Transportation,Asia,2018,268.5,-4.3,953.1,8.8,41.0,6.2,79.9,37.0,186349.8,31058.3,621166.1,694.0402234636871,115.67337057728119,2313.4677839851024,41.03333333333334,0.08792544570502425
751,Company_751,Transportation,Asia,2019,230.3,-2.0,1094.1,-14.2,41.8,8.6,81.5,35.4,157503.2,26250.5,525010.8,683.9044724272688,113.98393399913157,2279.682153712549,41.833333333333336,-0.1422718808193668
751,Company_751,Transportation,Asia,2020,219.9,-4.5,251.2,-4.5,42.6,9.9,82.2,35.7,149160.2,24860.0,497200.8,678.3092314688495,113.05138699408822,2261.031377899045,42.6,-0.04515848892748586
751,Company_751,Transportation,Asia,2021,192.0,-4.4,295.7,-12.7,45.1,14.2,83.1,37.9,126722.3,21120.4,422407.5,660.0119791666667,110.00208333333335,2200.0390625,45.06666666666666,-0.1268758526603001
751,Company_751,Transportation,Asia,2022,187.9,-2.2,928.6,-2.1,46.2,14.4,85.4,38.9,123895.1,20649.2,412983.7,659.3672166045769,109.89462480042576,2197.8908994145822,46.23333333333334,-0.021354166666666674
751,Company_751,Transportation,Asia,2023,195.0,-2.7,348.5,3.8,47.6,15.2,85.7,41.9,127960.4,21326.7,426534.7,656.2071794871795,109.36769230769231,2187.357435897436,47.6,0.03778605641298549
751,Company_751,Transportation,Asia,2024,215.6,-1.5,421.6,10.6,49.7,16.2,87.4,45.4,140622.8,23437.1,468742.6,652.2393320964749,108.70640074211502,2174.1307977736546,49.666666666666664,0.10564102564102562
751,Company_751,Transportation,Asia,2025,223.8,-0.7,411.9,3.8,48.5,16.1,84.9,44.5,146074.1,24345.7,486913.5,652.6992850759607,108.78328865058087,2175.6635388739946,48.5,0.03803339517625237
752,Company_752,Healthcare,Latin America,2015,5902.0,9.5,12830.3,12.7,52.5,85.1,46.0,26.3,356762.6,356762.6,713525.3,60.44774652660115,60.44774652660115,120.89550999661132,52.46666666666667,
752,Company_752,Healthcare,Latin America,2016,7076.5,12.5,20287.7,19.9,53.0,86.0,44.0,29.0,422971.8,422971.8,845943.6,59.771327633717235,59.771327633717235,119.54265526743447,53.0,0.19900033886818025
752,Company_752,Healthcare,Latin America,2017,7956.3,14.2,26786.8,12.4,55.2,90.2,46.9,28.4,452595.0,452595.0,905190.0,56.88510991289921,56.88510991289921,113.77021982579842,55.166666666666664,0.12432699780965173
752,Company_752,Healthcare,Latin America,2018,9016.7,13.4,21705.9,13.3,54.1,91.5,45.2,25.7,504530.5,504530.5,1009061.0,55.95511661694411,55.95511661694411,111.91023323388822,54.133333333333326,0.1332780312456796
752,Company_752,Healthcare,Latin America,2019,10907.6,10.8,21897.0,21.0,54.2,92.2,46.5,23.9,604807.1,604807.1,1209614.2,55.448228757930245,55.448228757930245,110.89645751586049,54.199999999999996,0.20971086983042575
752,Company_752,Healthcare,Latin America,2020,12285.8,8.8,26497.2,12.6,55.6,93.7,47.6,25.5,668813.4,668813.4,1337626.8,54.437920200556746,54.437920200556746,108.87584040111349,55.6,0.1263522681433129
752,Company_752,Healthcare,Latin America,2021,13181.2,5.4,7985.0,7.3,53.8,93.2,45.5,22.8,721905.9,721905.9,1443811.8,54.767843595423784,54.767843595423784,109.53568719084757,53.833333333333336,0.07288088687753347
752,Company_752,Healthcare,Latin America,2022,12888.0,5.0,15801.8,-2.2,55.6,96.2,47.8,22.8,678837.2,678837.2,1357674.4,52.672036002482926,52.672036002482926,105.34407200496585,55.6,-0.02224380177829033
752,Company_752,Healthcare,Latin America,2023,14543.1,2.9,4902.3,12.8,57.2,95.7,50.2,25.8,770966.1,770966.1,1541932.2,53.01250077356272,53.01250077356272,106.02500154712544,57.23333333333334,0.1284217877094973
752,Company_752,Healthcare,Latin America,2024,16478.4,-1.2,22384.3,13.3,57.5,94.7,51.4,26.3,885440.9,885440.9,1770881.8,53.73342678900864,53.73342678900864,107.46685357801728,57.46666666666667,0.13307341625925706
752,Company_752,Healthcare,Latin America,2025,15349.4,-2.6,8201.5,-6.9,56.9,93.7,50.4,26.7,834661.7,834661.7,1669323.4,54.37748055298578,54.37748055298578,108.75496110597156,56.93333333333333,-0.06851393339159151
753,Company_753,Healthcare,Europe,2015,1296.7,20.4,6472.7,2.5,77.7,62.7,76.4,93.9,98698.9,98698.9,197397.9,76.11544690367856,76.11544690367856,152.23097092619727,77.66666666666667,
753,Company_753,Healthcare,Europe,2016,1375.7,22.1,3987.0,6.1,76.9,62.8,74.7,93.2,104632.3,104632.3,209264.5,76.05749800101766,76.05749800101766,152.11492331176854,76.89999999999999,0.06092388370478918
753,Company_753,Healthcare,Europe,2017,1275.9,26.1,4437.2,-7.3,78.8,65.0,79.4,92.0,95028.1,95028.1,190056.2,74.47926953523003,74.47926953523003,148.95853907046006,78.8,-0.07254488623973243
753,Company_753,Healthcare,Europe,2018,1372.7,23.2,7323.8,7.6,79.1,66.1,78.1,93.2,101229.2,101229.2,202458.3,73.74459095213811,73.74459095213811,147.48910905514677,79.13333333333333,0.07586801473469706
753,Company_753,Healthcare,Europe,2019,1310.2,21.1,3617.2,-4.6,78.1,65.2,77.0,92.2,97474.6,97474.6,194949.2,74.39673332315677,74.39673332315677,148.79346664631353,78.13333333333333,-0.045530705908064406
753,Company_753,Healthcare,Europe,2020,1340.2,21.3,4943.5,2.3,78.6,68.6,78.3,88.9,96486.8,96486.8,192973.6,71.99432920459633,71.99432920459633,143.98865840919265,78.6,0.022897267592733916
753,Company_753,Healthcare,Europe,2021,1340.1,23.0,6085.3,-0.0,79.6,67.6,80.8,90.3,97389.4,97389.4,194778.8,72.67323334079546,72.67323334079546,145.34646668159093,79.56666666666666,-7.461572899580826e-05
753,Company_753,Healthcare,Europe,2022,1376.2,28.1,8786.2,2.7,80.6,70.4,79.0,92.3,97352.7,97352.7,194705.4,70.74022671123383,70.74022671123383,141.48045342246766,80.56666666666666,0.0269382881874487
753,Company_753,Healthcare,Europe,2023,1428.7,34.4,9761.6,3.8,81.0,70.6,77.5,94.7,100839.0,100839.0,201678.0,70.58094771470567,70.58094771470567,141.16189542941135,80.93333333333334,0.03814852492370302
753,Company_753,Healthcare,Europe,2024,1246.7,33.8,4457.4,-12.7,82.5,73.5,78.6,95.3,85456.0,85456.0,170912.0,68.54576080853452,68.54576080853452,137.09152161706905,82.46666666666665,-0.1273885350318471
753,Company_753,Healthcare,Europe,2025,1327.0,35.7,6368.2,6.4,82.9,76.4,79.9,92.3,88230.1,88230.1,176460.2,66.48839487565938,66.48839487565938,132.97678975131876,82.86666666666667,0.06441004251223226
754,Company_754,Transportation,Asia,2015,1050.1,4.6,774.2,8.0,44.4,45.6,46.7,41.0,555138.8,92523.1,1850462.7,528.6532711170365,88.10884677649749,1762.1776021331302,44.43333333333334,
754,Company_754,Transportation,Asia,2016,1074.7,-0.1,1670.8,2.3,44.7,43.2,47.7,43.3,578725.3,96454.2,1929084.3,538.4993951800502,89.7498836884712,1794.997952917093,44.73333333333333,0.02342634034853841
754,Company_754,Transportation,Asia,2017,1119.6,5.6,616.9,4.2,46.9,47.0,46.5,47.3,584995.7,97499.3,1949985.8,522.5041979278313,87.08404787424081,1741.6807788495894,46.93333333333334,0.041779101144505226
754,Company_754,Transportation,Asia,2018,1195.4,6.5,1471.7,6.8,49.8,48.2,49.9,51.5,618868.6,103144.8,2062895.2,517.7083821315041,86.28475823991968,1725.6944955663375,49.86666666666667,0.0677027509824939
754,Company_754,Transportation,Asia,2019,1288.6,11.2,2643.3,7.8,52.4,50.1,53.7,53.6,656773.8,109462.3,2189246.1,509.68011795747327,84.94668632624554,1698.9338041285118,52.46666666666667,0.07796553454910482
754,Company_754,Transportation,Asia,2020,1394.2,10.2,2203.5,8.2,54.0,53.7,54.3,54.1,689603.4,114933.9,2298677.9,494.6230096112466,82.43716826854109,1648.743293645101,54.03333333333333,0.081949402452274
754,Company_754,Transportation,Asia,2021,1390.5,7.3,1826.8,-0.3,53.3,53.1,52.1,54.7,691097.1,115182.9,2303657.0,497.0133764832794,82.83559870550161,1656.7112549442647,53.300000000000004,-0.0026538516712093507
754,Company_754,Transportation,Asia,2022,1607.4,5.4,1443.1,15.6,53.9,50.8,55.8,55.1,814469.1,135744.8,2714896.9,506.69970138111233,84.44991912405125,1688.9989423914394,53.9,0.15598705501618126
754,Company_754,Transportation,Asia,2023,1860.7,8.3,2024.4,15.8,55.0,51.8,57.6,55.7,934910.4,155818.4,3116368.2,502.4509055731714,83.74181759552856,1674.8364593970011,55.03333333333334,0.15758367550080865
754,Company_754,Transportation,Asia,2024,2091.3,7.1,2720.1,12.4,55.6,51.5,55.5,59.8,1053362.6,175560.4,3511208.6,503.68794529718355,83.94797494381484,1678.9597857791803,55.6,0.12393185360348258
754,Company_754,Transportation,Asia,2025,2340.5,10.0,4312.7,11.9,56.4,52.6,56.4,60.3,1167764.1,194627.4,3892547.1,498.9378765221107,83.15633411664174,1663.1262977996155,56.43333333333334,0.11916033089465872
755,Company_755,Finance,North America,2015,4630.3,17.6,6523.5,6.800000000000001,70.8,57.9,73.0,81.6,73592.6,36796.3,183981.5,15.893700192212169,7.946850096106084,39.73425048053042,70.83333333333333,
755,Company_755,Finance,North America,2016,4675.9,15.6,12179.9,1.0,70.7,60.8,70.7,80.4,72411.8,36205.9,181029.6,15.486173784725937,7.743086892362968,38.71545584807203,70.63333333333334,0.00984817398440696
755,Company_755,Finance,North America,2017,5074.8,15.4,14713.6,8.5,70.3,62.9,70.3,77.8,77133.5,38566.8,192833.9,15.199318199732009,7.599668952471034,37.99832505714511,70.33333333333333,0.08530977993541367
755,Company_755,Finance,North America,2018,5415.6,12.8,11606.3,6.7,70.7,59.9,73.3,79.1,84570.5,42285.2,211426.1,15.616090553216633,7.808036044020976,39.04019868527956,70.76666666666667,0.06715535587609378
755,Company_755,Finance,North America,2019,6204.0,11.5,12509.7,14.6,71.1,60.5,72.6,80.3,96309.1,48154.5,240772.7,15.523710509348808,7.761847195357833,38.80926821405545,71.13333333333333,0.1455794371814756
755,Company_755,Finance,North America,2020,6778.1,9.0,5582.5,9.3,70.6,60.9,71.6,79.2,104888.3,52444.1,262220.7,15.474587273719774,7.737286260161402,38.68646080760095,70.56666666666666,0.09253707285622181
755,Company_755,Finance,North America,2021,6632.4,8.1,5237.5,-2.2,70.4,61.0,73.4,77.0,102582.5,51291.3,256456.3,15.46687473614378,7.733444906821061,38.66719437910862,70.46666666666667,-0.021495699384783462
755,Company_755,Finance,North America,2022,7088.7,4.5,2890.4,6.9,71.3,61.8,73.8,78.2,108779.2,54389.6,271947.9,15.345437104123464,7.672718552061732,38.3635786533497,71.26666666666667,0.06879862493215128
755,Company_755,Finance,North America,2023,6870.3,3.6,3460.9,-3.1,70.6,60.0,76.3,75.5,107194.4,53597.2,267986.0,15.602579217792526,7.801289608896263,39.00644804448132,70.60000000000001,-0.03080959837487829
755,Company_755,Finance,North America,2024,7165.8,6.6,4103.2,4.3,70.0,61.3,71.8,76.9,110516.3,55258.2,276290.8,15.422744145803678,7.711379050489826,38.55686734209718,70.0,0.043011222217370415
755,Company_755,Finance,North America,2025,7730.0,3.3,3216.7,7.9,70.3,62.7,68.8,79.4,117686.3,58843.2,294215.8,15.224618369987065,7.612315653298835,38.06155239327296,70.3,0.0787351028496468
756,Company_756,Technology,Middle East,2015,9861.9,27.6,69036.2,8.05,72.0,84.1,85.8,46.0,301508.1,180904.9,603016.2,30.573023453898333,18.34381812835255,61.146046907796666,71.96666666666665,
756,Company_756,Technology,Middle East,2016,10824.1,29.0,81582.8,9.8,73.2,86.7,87.8,44.9,320970.7,192582.4,641941.5,29.653338383791723,17.792001182546354,59.30668600622684,73.13333333333334,0.09756740587513568
756,Company_756,Technology,Middle East,2017,11851.5,29.5,89203.0,9.5,73.0,87.1,88.6,43.4,349772.2,209863.3,699544.4,29.5129055393832,17.70774163607982,59.0258110787664,73.03333333333333,0.0949178222669782
756,Company_756,Technology,Middle East,2018,12058.1,26.6,108211.0,1.7,73.9,84.9,90.8,46.1,365151.4,219090.8,730302.8,30.282664764763936,18.16959554158615,60.56532952952787,73.93333333333332,0.017432392524153073
756,Company_756,Technology,Middle East,2019,11696.0,24.5,49770.5,-3.0,72.8,83.1,90.8,44.4,361714.3,217028.6,723428.7,30.926325239398082,18.55579685362517,61.852659028727764,72.76666666666667,-0.030029606654448093
756,Company_756,Technology,Middle East,2020,12471.2,23.6,44475.3,6.6,74.2,83.8,92.0,46.7,382375.8,229425.5,764751.6,30.660706267239718,18.396425364038745,61.321412534479435,74.16666666666667,0.06627906976744202
756,Company_756,Technology,Middle East,2021,13900.3,30.1,123489.6,11.5,75.5,85.2,92.7,48.8,419646.2,251787.7,839292.5,30.189722523974304,18.113832075566716,60.37945224203794,75.56666666666666,0.1145920200141124
756,Company_756,Technology,Middle East,2022,14516.0,27.5,125656.2,4.4,74.8,82.2,93.3,48.9,453525.3,272115.2,907050.6,31.24313171672637,18.745880407825847,62.48626343345274,74.8,0.044294008042991884
756,Company_756,Technology,Middle East,2023,16301.3,29.8,111498.4,12.3,75.4,81.8,96.8,47.7,511146.0,306687.6,1022291.9,31.35614950954832,18.81368970572899,62.712292884616566,75.43333333333334,0.12298842656379172
756,Company_756,Technology,Middle East,2024,17932.0,30.9,86264.3,10.0,75.3,81.8,97.3,46.9,562673.7,337604.2,1125347.4,31.378189828240014,18.826912781619452,62.75637965648003,75.33333333333333,0.10003496653641131
756,Company_756,Technology,Middle East,2025,18906.3,28.7,124839.8,5.4,73.4,79.1,98.2,42.8,610643.1,366385.8,1221286.1,32.2983925992923,19.379032386030055,64.5967799093424,73.36666666666667,0.054333035913450844
757,Company_757,Transportation,North America,2015,651.8,1.1,78.4,-0.8999999999999999,49.5,12.1,51.3,85.2,436048.9,72674.8,1453496.3,668.9918686713717,111.49861920834613,2229.972844430807,49.53333333333333,
757,Company_757,Transportation,North America,2016,649.1,-2.9,1056.8,-0.4,51.3,12.8,54.9,86.3,432513.6,72085.6,1441712.0,666.3281466646125,111.05469111076876,2221.093822215375,51.333333333333336,-0.0041423749616446015
757,Company_757,Transportation,North America,2017,577.6,-6.3,1018.9,-11.0,51.9,16.8,54.8,84.0,375183.1,62530.5,1250610.3,649.5552285318558,108.259175900277,2165.1840373961218,51.86666666666667,-0.11015251887228472
757,Company_757,Transportation,North America,2018,569.3,-2.7,2285.9,-1.4,52.6,17.9,55.2,84.6,367040.7,61173.5,1223469.1,644.7228174951696,107.45389074301775,2149.0762339715443,52.56666666666666,-0.014369806094182924
757,Company_757,Transportation,North America,2019,589.5,-4.0,2801.2,3.6,53.2,17.9,54.4,87.1,380090.3,63348.4,1266967.5,644.7672603901611,107.46123833757422,2149.2239185750636,53.133333333333326,0.03548217108730034
757,Company_757,Transportation,North America,2020,599.1,-2.4,1257.3,1.6,53.3,18.3,54.7,86.9,385295.1,64215.8,1284316.9,643.1231847771656,107.18711400433985,2143.7437823401765,53.300000000000004,0.016284987277353835
757,Company_757,Transportation,North America,2021,559.7,-3.2,940.1,-6.6,54.6,18.7,54.4,90.7,358945.3,59824.2,1196484.3,641.3173128461675,106.8861890298374,2137.7243165981777,54.6,-0.06576531463862456
757,Company_757,Transportation,North America,2022,568.6,-2.6,287.8,1.6,54.5,21.5,52.1,89.9,358105.2,59684.2,1193683.9,629.8016180091453,104.96693633485754,2099.3385508265915,54.5,0.0159013757370019
757,Company_757,Transportation,North America,2023,544.7,-4.8,2550.5,-4.2,56.0,23.6,52.7,91.5,338126.2,56354.4,1127087.2,620.7567468331191,103.4595190012851,2069.188911327336,55.93333333333334,-0.04203306366514237
757,Company_757,Transportation,North America,2024,478.3,-4.0,759.9,-12.2,57.9,26.3,52.6,94.8,291461.9,48577.0,971539.6,609.370478779009,101.56178130880201,2031.2347898808277,57.9,-0.12190196438406464
757,Company_757,Transportation,North America,2025,551.5,-2.4,1030.7,15.3,60.7,31.8,52.9,97.4,323289.5,53881.6,1077631.7,586.2003626473255,97.70009066183137,1954.0012692656392,60.70000000000001,0.15304202383441345
758,Company_758,Healthcare,Latin America,2015,13993.1,12.5,30572.2,11.55,45.1,70.3,43.8,21.2,990778.6,990778.6,1981557.1,70.80479664977739,70.80479664977739,141.60958615317548,45.099999999999994,
758,Company_758,Healthcare,Latin America,2016,17437.2,10.9,41824.1,24.6,43.9,70.5,40.5,20.6,1232323.9,1232323.9,2464647.7,70.67212052393732,70.67212052393732,141.34423531300897,43.86666666666667,0.24612844902130337
758,Company_758,Healthcare,Latin America,2017,18574.6,9.5,26937.6,6.5,43.5,72.7,37.0,20.8,1283337.4,1283337.4,2566674.7,69.0909844626533,69.0909844626533,138.1819635416106,43.5,0.06522836235175355
758,Company_758,Healthcare,Latin America,2018,20657.4,10.4,27344.6,11.2,44.2,73.2,36.2,23.1,1420307.3,1420307.3,2840614.5,68.75537579753502,68.75537579753502,137.51074675418977,44.166666666666664,0.11213162060017456
758,Company_758,Healthcare,Latin America,2019,22843.3,10.0,35095.2,10.6,43.7,72.7,32.6,25.8,1577946.8,1577946.8,3155893.6,69.07700726252337,69.07700726252337,138.15401452504673,43.70000000000001,0.10581680172722607
758,Company_758,Healthcare,Latin America,2020,26343.0,8.6,35280.7,15.3,44.5,76.4,31.8,25.4,1753194.9,1753194.9,3506389.9,66.55259082109099,66.55259082109099,133.10518543825683,44.53333333333333,0.1532046595719534
758,Company_758,Healthcare,Latin America,2021,25307.6,8.6,30589.1,-3.9,45.1,78.3,33.0,23.9,1649709.8,1649709.8,3299419.7,65.18633928148067,65.18633928148067,130.37268251434352,45.06666666666666,-0.039304559085905244
758,Company_758,Healthcare,Latin America,2022,24735.7,8.4,50676.4,-2.3,45.7,78.0,35.1,24.0,1618049.4,1618049.4,3236098.9,65.41352781607151,65.41352781607151,130.82705967488286,45.699999999999996,-0.0225979547645766
758,Company_758,Healthcare,Latin America,2023,27688.8,11.3,64614.8,11.9,46.4,78.2,35.0,26.2,1807754.1,1807754.1,3615508.2,65.28827901534194,65.28827901534194,130.57655803068388,46.46666666666667,0.11938615038183675
758,Company_758,Healthcare,Latin America,2024,32062.6,11.3,43829.9,15.8,48.3,80.0,35.7,29.4,2051908.3,2051908.3,4103816.6,63.996940360419934,63.996940360419934,127.99388072083987,48.36666666666667,0.15796278639738803
758,Company_758,Healthcare,Latin America,2025,36695.2,7.2,59636.1,14.4,50.1,81.2,36.2,33.0,2317414.9,2317414.9,4634829.9,63.15307996686215,63.15307996686215,126.30616265887639,50.13333333333333,0.14448609906869692
759,Company_759,Energy,Oceania,2015,27491.3,24.4,118029.2,19.2,59.1,23.4,65.7,88.1,28491531.5,8547459.5,284915315.4,1036.3835649823764,310.9150713134701,10363.835664373819,59.06666666666666,
759,Company_759,Energy,Oceania,2016,33816.8,27.2,133518.9,23.0,58.6,25.0,64.7,86.0,34672947.5,10401884.2,346729474.6,1025.3172239833455,307.5951657164486,10253.172228005014,58.56666666666666,0.23009097423548552
759,Company_759,Energy,Oceania,2017,45202.1,18.5,147402.1,33.7,59.3,26.6,67.5,83.8,45816931.1,13745079.3,458169311.5,1013.6018260213575,304.0805471427213,10136.018271275007,59.29999999999999,0.3366758534219676
759,Company_759,Energy,Oceania,2018,50391.6,17.6,98281.5,11.5,59.1,27.0,66.9,83.6,50945236.3,15283570.9,509452363.3,1010.986678335278,303.2960036990292,10109.866789306156,59.166666666666664,0.1148066129670966
759,Company_759,Energy,Oceania,2019,61154.9,9.0,109209.6,21.4,59.3,26.5,66.0,85.4,62039950.8,18611985.3,620399508.5,1014.4722794085183,304.34168480367066,10144.722802261143,59.300000000000004,0.2135931385389629
759,Company_759,Energy,Oceania,2020,77534.2,3.8,33458.2,26.8,59.3,25.9,68.1,83.9,79006503.9,23701951.2,790065038.6,1018.9890899757786,305.69672737965954,10189.890894598771,59.300000000000004,0.26783299457606824
759,Company_759,Energy,Oceania,2021,89482.7,3.4,36947.9,15.4,59.8,25.4,69.7,84.5,91499671.4,27449901.4,914996714.2,1022.5403502576477,306.7621048537874,10225.403504811546,59.86666666666667,0.15410618797898223
759,Company_759,Energy,Oceania,2022,114683.1,-4.2,107708.0,28.2,59.8,26.7,70.6,82.3,116218891.1,34865667.3,1162188911.1,1013.3916078306219,304.01748208759614,10133.916079178187,59.86666666666667,0.28162315173771035
759,Company_759,Energy,Oceania,2023,134141.9,-12.8,667399.7,17.0,58.1,26.4,65.7,82.1,136181429.6,40854428.9,1361814295.8,1015.2042695086323,304.56128100168553,10152.042693595364,58.06666666666666,0.1696745204829655
759,Company_759,Energy,Oceania,2024,151162.4,-16.0,559625.3,12.7,57.0,23.1,67.2,80.8,156960283.7,47088085.1,1569602836.9,1038.3553297645446,311.5065988632094,10383.553296983908,57.03333333333334,0.1268842919326474
759,Company_759,Energy,Oceania,2025,168988.9,-15.4,398218.7,11.8,57.9,24.2,67.0,82.4,174104721.4,52231416.4,1741047214.3,1030.2731208972898,309.08193615083593,10302.731210748161,57.866666666666674,0.11792945864844695
760,Company_760,Manufacturing,Europe,2015,2479.5,4.5,1685.9,0.4,74.1,55.8,98.6,67.9,602280.6,803040.7,10038009.3,242.90405323653962,323.872030651341,4048.400604960678,74.1,
760,Company_760,Manufacturing,Europe,2016,2524.3,2.6,944.0,1.8,74.6,54.3,99.6,69.8,620787.7,827717.0,10346462.3,245.92469199382003,327.89961573505525,4098.745117458306,74.56666666666666,0.018068158903004727
760,Company_760,Manufacturing,Europe,2017,2342.4,-1.3,8908.6,-7.2,74.6,56.9,97.1,69.9,563479.0,751305.3,9391316.1,240.55626707650273,320.74167520491807,4009.27087602459,74.63333333333334,-0.07205958087390563
760,Company_760,Manufacturing,Europe,2018,2439.8,0.5,152.8,4.2,76.4,58.2,99.1,72.0,580294.5,773726.0,9671575.2,237.8451102549389,317.1268136732519,3964.0852528895807,76.43333333333334,0.04158128415300544
760,Company_760,Manufacturing,Europe,2019,2523.8,3.8,1087.9,3.4,77.6,56.8,100.0,76.0,607758.3,810344.4,10129304.8,240.8108011728346,321.08106823044614,4013.5132736349947,77.60000000000001,0.034429051561603474
760,Company_760,Manufacturing,Europe,2020,2416.0,1.4,367.5,-4.3,78.1,61.1,97.0,76.3,559863.7,746485.0,9331062.0,231.73166390728474,308.9755794701987,3862.194536423841,78.13333333333333,-0.042713368729693335
760,Company_760,Manufacturing,Europe,2021,2263.3,-1.5,8324.5,-6.3,77.4,57.4,97.4,77.4,541975.4,722633.9,9032923.3,239.46246631025494,319.2833031414306,3991.0410904431583,77.4,-0.06320364238410592
760,Company_760,Manufacturing,Europe,2022,2319.6,-8.3,9707.4,2.5,77.6,58.0,98.9,75.9,552372.6,736496.8,9206210.1,238.13269529229177,317.5102603897224,3968.878297982411,77.60000000000001,0.02487518225599783
760,Company_760,Manufacturing,Europe,2023,2297.3,-6.3,4406.3,-1.0,78.8,59.4,100.0,77.1,540499.8,720666.4,9008329.6,235.27610673399207,313.7014756453228,3921.268271449092,78.83333333333333,-0.009613726504569597
760,Company_760,Manufacturing,Europe,2024,2372.3,-9.4,5348.1,3.3,79.5,60.2,99.2,79.0,554235.5,738980.7,9237259.1,233.62791383889052,311.5038991695822,3893.798887155924,79.46666666666667,0.03264702041527001
760,Company_760,Manufacturing,Europe,2025,2198.5,-7.4,5685.1,-7.3,80.3,61.0,98.0,81.8,509854.7,679806.3,8497578.9,231.9102569934046,309.2136911530589,3865.171207641574,80.26666666666667,-0.07326223496185147
761,Company_761,Technology,Africa,2015,37993.3,20.1,243096.3,10.15,53.9,92.8,15.3,53.6,1045646.3,627387.8,2091292.7,27.52186043328692,16.513116786380756,55.043723498616856,53.9,
761,Company_761,Technology,Africa,2016,40038.7,18.1,238464.8,5.4,55.5,92.1,19.9,54.4,1112190.4,667314.3,2224380.9,27.777884896362767,16.666732436367816,55.55577229030913,55.46666666666667,0.05383580789244413
761,Company_761,Technology,Africa,2017,45980.5,18.7,138083.9,14.8,56.3,95.7,19.6,53.5,1218747.9,731248.7,2437495.7,26.5057557007862,15.903452550537727,53.011509226737424,56.26666666666667,0.14840142162457837
761,Company_761,Technology,Africa,2018,52828.5,19.5,359196.5,14.9,57.4,98.5,22.5,51.2,1349157.1,809494.3,2698314.3,25.53843285347871,15.323060469254285,51.076867599875065,57.4,0.14893269973140777
761,Company_761,Technology,Africa,2019,63197.1,17.1,218252.7,19.6,58.7,100.0,22.6,53.4,1579928.1,947956.9,3159856.2,25.000009494106536,15.000006329404357,50.00001898821307,58.666666666666664,0.1962690593145744
761,Company_761,Technology,Africa,2020,60158.4,17.0,295670.4,-4.8,60.3,100.0,23.7,57.2,1503959.9,902375.9,3007919.8,24.999998337721745,14.999998337721747,49.99999667544349,60.300000000000004,-0.04808290253824932
761,Company_761,Technology,Africa,2021,68992.2,15.8,284916.4,14.7,59.3,100.0,20.4,57.6,1724805.8,1034883.5,3449611.6,25.000011595513698,15.000007247196061,50.000023191027395,59.333333333333336,0.14684233623234655
761,Company_761,Technology,Africa,2022,65581.2,16.3,272139.8,-4.9,60.3,98.9,21.4,60.7,1664689.3,998813.6,3329378.5,25.383635859057172,15.23018182039975,50.7672701932871,60.333333333333336,-0.04944037152025882
761,Company_761,Technology,Africa,2023,65248.1,10.3,182080.6,-0.5,57.9,97.3,19.5,56.9,1692515.2,1015509.1,3385030.4,25.939685600040463,15.563811053501942,51.879371200080925,57.9,-0.005079199526693556
761,Company_761,Technology,Africa,2024,71377.7,8.5,211430.5,9.4,58.6,96.8,20.8,58.3,1865114.9,1119068.9,3730229.8,26.13021854164536,15.678130564588098,52.26043708329072,58.633333333333326,0.09394296538903046
761,Company_761,Technology,Africa,2025,79180.5,8.2,105795.3,10.9,58.0,97.1,20.2,56.7,2060956.2,1236573.7,4121912.4,26.028582795006347,15.617149424416365,52.057165590012694,58.0,0.10931705560700333
762,Company_762,Technology,North America,2015,7801.0,22.4,58045.4,7.0,78.2,99.0,62.7,72.8,197741.7,118645.0,395483.4,25.348250224330215,15.208947570824254,50.69650044866043,78.16666666666667,
762,Company_762,Technology,North America,2016,8396.8,20.8,27352.6,7.6,79.2,100.0,62.7,74.9,209921.0,125952.6,419841.9,25.000119092987806,15.000071455792686,50.000226276676834,79.2,0.07637482374054594
762,Company_762,Technology,North America,2017,9955.2,20.5,57498.4,18.6,78.2,100.0,59.2,75.3,248881.1,149328.7,497762.2,25.00011049501768,15.00007031501125,50.00022099003536,78.16666666666667,0.18559451219512213
762,Company_762,Technology,North America,2018,10431.8,24.3,78449.3,4.8,78.1,100.0,57.7,76.5,260794.0,156476.4,521588.0,24.999904139266476,14.999942483559884,49.99980827853295,78.06666666666666,0.04787447765991626
762,Company_762,Technology,North America,2019,9925.6,21.4,63088.2,-4.9,78.1,100.0,57.4,76.8,248138.9,148883.3,496277.8,24.999889175465462,14.999929475296202,49.999778350930924,78.06666666666666,-0.04852470331102965
762,Company_762,Technology,North America,2020,10033.1,21.0,62284.2,1.1,77.1,100.0,58.3,73.1,250826.7,150496.0,501653.3,24.999920263926406,14.999950164954003,49.999830560843606,77.13333333333334,0.010830579511565963
762,Company_762,Technology,North America,2021,11457.3,22.4,81718.2,14.2,76.5,100.0,57.4,72.1,286432.9,171859.7,572865.8,25.00003491223936,15.00001745611968,50.00006982447872,76.5,0.14195014501998382
762,Company_762,Technology,North America,2022,11802.7,20.9,77806.0,3.0,76.2,100.0,58.8,70.0,295066.5,177039.9,590133.1,24.99991527362383,14.999949164174298,49.99983901988528,76.26666666666667,0.030146718685903462
762,Company_762,Technology,North America,2023,12604.1,21.2,70529.0,6.8,77.4,100.0,60.2,72.0,315103.1,189061.8,630206.1,25.00004760355757,15.000023801778784,50.00008727318888,77.39999999999999,0.06789971786116733
762,Company_762,Technology,North America,2024,13782.2,19.3,60482.8,9.3,76.2,100.0,59.7,68.9,344554.5,206732.7,689109.0,24.999963721321702,14.999978232793023,49.999927442643404,76.2,0.09346958529367422
762,Company_762,Technology,North America,2025,14771.9,16.3,78860.0,7.2,75.3,98.8,61.3,65.8,375670.0,225402.0,751340.1,25.431393388799005,15.258836033279403,50.86279354720787,75.3,0.07181001581750368
763,Company_763,Technology,Oceania,2015,1503.4,25.7,13525.0,7.35,60.5,86.7,28.3,66.5,44564.1,26738.4,89128.1,29.642210988426232,17.78528668351736,59.28435546095517,60.5,
763,Company_763,Technology,Oceania,2016,1603.6,25.8,12295.0,6.7,61.0,84.0,30.3,68.6,49093.0,29455.8,98185.9,30.614242953354953,18.368545772012972,61.228423547019204,60.96666666666666,0.06664892909405329
763,Company_763,Technology,Oceania,2017,1732.4,23.8,9692.1,8.0,61.2,86.8,29.7,66.9,51307.6,30784.6,102615.2,29.616485800046178,17.769914569383513,59.232971600092355,61.13333333333333,0.08031928161636337
763,Company_763,Technology,Oceania,2018,1784.6,21.9,8152.6,3.0,61.2,88.6,28.0,67.1,51715.8,31029.5,103431.6,28.978930852852184,17.387369718704473,57.95786170570437,61.23333333333333,0.030131609328099662
763,Company_763,Technology,Oceania,2019,2012.6,18.5,9720.6,12.8,61.4,89.4,28.7,66.0,57762.5,34657.5,115524.9,28.70043724535427,17.22026234721256,57.40082480373646,61.366666666666674,0.1277597220665696
763,Company_763,Technology,Oceania,2020,2235.7,17.9,11905.7,11.1,61.1,90.5,30.5,62.2,63326.7,37996.0,126653.5,28.32522252538355,16.99512456948607,56.650489779487415,61.06666666666666,0.11085163470138126
763,Company_763,Technology,Oceania,2021,2500.9,19.3,14822.9,11.9,61.3,89.4,31.9,62.4,71794.4,43076.7,143588.8,28.70742532688232,17.224479187492502,57.41485065376464,61.23333333333334,0.11862056626559925
763,Company_763,Technology,Oceania,2022,2881.0,19.7,16760.7,15.2,59.9,89.4,33.4,56.7,82716.8,49630.1,165433.5,28.711141964595626,17.22669212079139,57.422249219021175,59.833333333333336,0.15198528529729294
763,Company_763,Technology,Oceania,2023,2741.0,20.5,12635.2,-4.9,59.9,89.4,34.0,56.2,78658.3,47195.0,157316.6,28.696935425027362,17.218168551623496,57.393870850054725,59.866666666666674,-0.048594238111766774
763,Company_763,Technology,Oceania,2024,2686.2,21.4,18670.0,-2.0,61.6,89.8,34.8,60.2,76782.3,46069.4,153564.5,28.58398481125754,17.150398332216515,57.16793239520513,61.6,-0.019992703392922362
763,Company_763,Technology,Oceania,2025,2831.6,21.4,20995.7,5.4,62.2,91.9,32.5,62.2,78804.6,47282.8,157609.2,27.830413900268404,16.698262466450064,55.66082780053681,62.20000000000001,0.05412850867396335
764,Company_764,Energy,Africa,2015,7478.8,14.4,9896.3,23.45,61.3,34.4,56.1,93.4,7172837.9,2151851.4,71728379.3,959.0894127400118,287.7268278333422,9590.894167513505,61.300000000000004,
764,Company_764,Energy,Africa,2016,8705.8,14.3,23822.3,16.4,60.8,37.5,53.9,91.1,8162061.0,2448618.3,81620610.5,937.542902432861,281.26287072985826,9375.429081761586,60.833333333333336,0.16406375354334912
764,Company_764,Energy,Africa,2017,9928.9,11.3,17327.4,14.0,61.4,41.7,52.5,89.8,9014666.6,2704400.0,90146665.9,907.9219853155938,272.376597609,9079.219843084331,61.333333333333336,0.14049254519975185
764,Company_764,Energy,Africa,2018,11675.3,6.6,6739.9,17.6,62.6,43.3,49.5,94.9,10468243.5,3140473.1,104682435.1,896.6145195412538,268.98436014492137,8966.145203977629,62.56666666666666,0.17589058203829233
764,Company_764,Energy,Africa,2019,14189.8,0.2,210.3,21.5,63.2,47.2,49.0,93.2,12340141.5,3702042.5,123401415.4,869.6487265500572,260.894621488675,8696.487293689834,63.13333333333333,0.21536919822188727
764,Company_764,Energy,Africa,2020,19332.8,5.6,20672.2,36.2,62.7,46.9,48.9,92.2,16855858.9,5056757.7,168558588.6,871.8788225192419,261.56364830753955,8718.788204502192,62.666666666666664,0.3624434452916885
764,Company_764,Energy,Africa,2021,23665.0,6.6,29685.9,22.4,61.4,45.4,48.3,90.4,20875495.7,6262648.7,208754957.4,882.1253200929642,264.63759560532435,8821.253217832242,61.36666666666667,0.22408549201357286
764,Company_764,Energy,Africa,2022,29837.5,6.2,31105.9,26.1,59.1,44.0,47.1,86.2,26618651.4,7985595.4,266186514.3,892.1207004608294,267.6362094679514,8921.207014662758,59.1,0.2608282273399536
764,Company_764,Energy,Africa,2023,37151.9,9.6,29928.0,24.5,60.4,49.5,45.2,86.4,31699227.8,9509768.3,316992278.1,853.2330190380573,255.96990463475623,8532.330193072225,60.366666666666674,0.2451411813992459
764,Company_764,Energy,Africa,2024,49368.5,16.5,138989.7,32.9,63.0,52.6,48.0,88.5,41078719.5,12323615.9,410787195.0,832.0836059430609,249.62508279570983,8320.836059430609,63.03333333333333,0.32882840446921957
764,Company_764,Energy,Africa,2025,62170.9,18.8,199393.2,25.9,63.7,53.9,48.9,88.3,51147462.4,15344238.7,511474624.1,822.6913620359364,246.807408289087,8226.913621967835,63.699999999999996,0.2593232526813656
765,Company_765,Transportation,Asia,2015,556.9,2.2,246.0,10.55,36.9,1.4,54.4,54.8,397756.3,66292.7,1325854.4,714.2328963907345,119.03878613754713,2380.7764410127493,36.86666666666667,
765,Company_765,Transportation,Asia,2016,602.6,3.7,235.0,8.2,37.9,4.2,55.4,54.0,423129.8,70521.6,1410432.7,702.1735811483571,117.02887487553933,2340.5786591437104,37.86666666666667,0.08206141138444978
765,Company_765,Transportation,Asia,2017,677.7,2.6,157.2,12.5,38.0,0.1,57.4,56.4,487654.5,81275.7,1625515.0,719.5728198317839,119.92872952633907,2398.576066105946,37.96666666666667,0.12462661798871566
765,Company_765,Transportation,Asia,2018,781.9,5.2,806.4,15.4,40.1,3.5,59.5,57.4,551498.8,91916.5,1838329.5,705.331628085433,117.55531397876966,2351.1056401074306,40.13333333333333,0.1537553489744723
765,Company_765,Transportation,Asia,2019,863.4,3.2,550.6,10.4,40.1,6.3,58.7,55.1,598632.9,99772.2,1995443.0,693.3436414176512,115.55733148019458,2311.1454713921707,40.03333333333333,0.10423327791277659
765,Company_765,Transportation,Asia,2020,975.0,5.1,990.1,12.9,42.8,9.6,62.1,56.6,662673.2,110445.5,2208910.5,679.6648205128205,113.2774358974359,2265.5492307692307,42.76666666666667,0.1292564280750521
765,Company_765,Transportation,Asia,2021,1079.4,5.2,631.2,10.7,44.3,12.2,63.9,56.9,721851.4,120308.6,2406171.2,668.7524550676301,111.45877339262553,2229.1747267000187,44.333333333333336,0.10707692307692307
765,Company_765,Transportation,Asia,2022,1178.7,4.8,618.8,9.2,46.2,17.1,64.1,57.4,764088.2,127348.0,2546960.7,648.2465428013913,108.04106218715533,2160.8218376177147,46.199999999999996,0.09199555308504714
765,Company_765,Transportation,Asia,2023,1226.3,4.8,878.8,4.0,47.5,20.0,64.3,58.1,779965.9,129994.3,2599886.3,636.0318845307022,106.0053004974313,2120.106254586969,47.46666666666667,0.040383473318062135
765,Company_765,Transportation,Asia,2024,1360.0,5.1,555.2,10.9,47.4,18.3,63.6,60.2,874771.6,145795.3,2915905.5,643.2144117647059,107.20242647058822,2144.048161764706,47.366666666666674,0.10902715485607106
765,Company_765,Transportation,Asia,2025,1440.4,4.6,1068.6,5.9,47.8,17.8,63.6,61.8,929230.9,154871.8,3097436.5,645.120036101083,107.51999444598721,2150.400236045543,47.73333333333333,0.0591176470588235
766,Company_766,Finance,Asia,2015,2439.4,16.9,5754.4,5.15,64.0,99.9,58.3,33.7,24411.4,12205.7,61028.6,10.007132901533165,5.0035664507665825,25.01787324751988,63.96666666666666,
766,Company_766,Finance,Asia,2016,2640.2,16.7,6255.2,8.2,63.6,100.0,58.1,32.7,26401.7,13200.9,66004.3,9.999886372244529,4.9999621240815095,24.999734868570567,63.6,0.0823153234401901
766,Company_766,Finance,Asia,2017,2608.4,16.8,6555.2,-1.2,65.9,100.0,61.3,36.2,26084.3,13042.1,65210.7,10.00011501303481,5.00003833767827,25.00026836374789,65.83333333333333,-0.012044542080145382
766,Company_766,Finance,Asia,2018,2775.1,16.2,5045.4,6.4,65.8,97.0,59.4,40.9,28897.8,14448.9,72244.4,10.413246369500198,5.206623184750099,26.033079889013006,65.76666666666667,0.06390890967642981
766,Company_766,Finance,Asia,2019,2882.6,14.1,4624.6,3.9,67.4,98.1,61.7,42.5,29575.5,14787.7,73938.7,10.26000832581697,5.129986817456463,25.650003469090404,67.43333333333334,0.03873734279845764
766,Company_766,Finance,Asia,2020,3167.0,16.4,5210.0,9.9,67.2,99.4,60.5,41.7,31937.8,15968.9,79844.5,10.08455952005052,5.04227976002526,25.211398800126304,67.2,0.09866093110386465
766,Company_766,Finance,Asia,2021,3242.0,17.2,9767.0,2.4,67.4,98.7,59.3,44.2,33000.5,16500.3,82501.3,10.179056138186304,5.089543491671807,25.447655768044417,67.39999999999999,0.0236817177139248
766,Company_766,Finance,Asia,2022,3331.1,16.6,8909.0,2.7,67.5,98.8,56.7,47.1,33878.6,16939.3,84696.6,10.17039416408994,5.08519708204497,25.426015430338328,67.53333333333333,0.027483035163479386
766,Company_766,Finance,Asia,2023,3310.2,18.3,8681.2,-0.6,68.5,100.0,57.1,48.5,33102.0,16551.0,82755.1,10.0,5.0,25.00003020965501,68.53333333333333,-0.006274203716490123
766,Company_766,Finance,Asia,2024,3591.5,20.0,11912.9,8.5,69.6,99.5,58.5,50.7,36179.8,18089.9,90449.4,10.073729639426425,5.036864819713212,25.184296255046636,69.56666666666666,0.08497975953114612
766,Company_766,Finance,Asia,2025,4173.9,22.5,18634.9,16.2,69.2,98.6,60.1,48.8,42575.4,21287.7,106438.6,10.200388126212896,5.100194063106448,25.500994273940442,69.16666666666667,0.16216065710705818
767,Company_767,Finance,North America,2015,8519.1,11.6,18719.2,9.25,49.8,70.7,57.3,21.3,120180.8,60090.4,300452.1,14.107217898604313,7.0536089493021565,35.268056484839946,49.76666666666667,
767,Company_767,Finance,North America,2016,7871.7,11.8,8677.2,-7.6,50.4,67.2,58.1,25.8,114881.8,57440.9,287204.4,14.594280777976804,7.297140388988402,36.48568924120584,50.366666666666674,-0.07599394302215023
767,Company_767,Finance,North America,2017,10092.8,10.7,12380.4,28.2,48.5,66.2,57.7,21.7,148639.0,74319.5,371597.4,14.727231293595436,7.363615646797718,36.81806832593532,48.53333333333333,0.2821626840453777
767,Company_767,Finance,North America,2018,11701.3,9.6,9262.6,15.9,48.1,66.5,57.0,20.7,171890.2,85945.1,429725.6,14.689837881261058,7.344918940630529,36.724603249211626,48.06666666666666,0.1593710367786938
767,Company_767,Finance,North America,2019,11771.1,9.4,19666.3,0.6,49.7,72.1,56.5,20.5,163703.7,81851.9,409259.3,13.907255906414864,6.953632200898811,34.76814401372854,49.699999999999996,0.005965149171459627
767,Company_767,Finance,North America,2020,12072.1,6.2,8938.6,2.6,51.5,74.8,57.9,21.8,163233.2,81616.6,408083.1,13.521524838263435,6.7607624191317175,33.803820379221506,51.5,0.02557110210600544
767,Company_767,Finance,North America,2021,14475.4,6.3,15384.3,19.9,52.1,76.0,57.1,23.0,193348.1,96674.1,483370.3,13.357012586871521,6.678509747571743,33.392534921314784,52.03333333333333,0.19907886780261919
767,Company_767,Finance,North America,2022,18348.1,5.3,8495.7,26.8,54.7,78.8,60.3,25.1,238051.6,119025.8,595129.1,12.9741826129136,6.4870913064568,32.4354619824396,54.73333333333333,0.26753664838277347
767,Company_767,Finance,North America,2023,21697.9,7.3,23311.6,18.3,56.6,83.4,61.0,25.4,267322.5,133661.3,668306.3,12.320201494153812,6.160103051447374,30.800506039755,56.6,0.18256931235386786
767,Company_767,Finance,North America,2024,22137.4,10.3,23570.4,2.0,57.1,84.3,63.5,23.4,270090.7,135045.3,675226.7,12.200651386341665,6.100323434549675,30.501626207233006,57.06666666666667,0.020255416422787498
767,Company_767,Finance,North America,2025,22188.9,8.9,30443.2,0.2,56.2,82.4,64.3,21.9,276606.0,138303.0,691515.1,12.465962711085272,6.232981355542636,31.16491128447106,56.199999999999996,0.0023263797916648343
768,Company_768,Healthcare,Middle East,2015,1634.8,14.6,4374.6,20.5,33.4,44.2,42.1,13.9,145647.4,145647.4,291294.8,89.09187668216295,89.09187668216295,178.1837533643259,33.400000000000006,
768,Company_768,Healthcare,Middle East,2016,2045.5,15.3,5672.3,25.1,33.9,45.5,40.3,15.8,180239.9,180239.9,360479.8,88.11532632608164,88.11532632608164,176.2306526521633,33.86666666666667,0.25122339124051885
768,Company_768,Healthcare,Middle East,2017,2381.5,14.1,3977.1,16.4,35.7,46.7,43.6,16.6,207877.0,207877.0,415754.1,87.28826369934914,87.28826369934914,174.57656938904051,35.63333333333333,0.16426301637741392
768,Company_768,Healthcare,Middle East,2018,2815.4,11.9,5642.1,18.2,35.9,46.4,43.7,17.7,246465.6,246465.6,492931.2,87.54194785820843,87.54194785820843,175.08389571641686,35.93333333333333,0.18219609489817357
768,Company_768,Healthcare,Middle East,2019,3403.4,11.1,4787.9,20.9,36.8,47.5,42.8,20.1,295316.8,295316.8,590633.6,86.77111124169947,86.77111124169947,173.54222248339894,36.800000000000004,0.2088513177523621
768,Company_768,Healthcare,Middle East,2020,4038.1,7.6,6113.4,18.6,37.0,46.8,43.8,20.5,352243.5,352243.5,704487.0,87.23000916272504,87.23000916272504,174.46001832545008,37.03333333333333,0.18648998060762767
768,Company_768,Healthcare,Middle East,2021,4995.5,12.5,11076.0,23.7,36.0,46.8,42.3,18.8,435661.1,435661.1,871322.3,87.2107096386748,87.2107096386748,174.42143929536584,35.96666666666666,0.2370917015428049
768,Company_768,Healthcare,Middle East,2022,6300.5,14.9,15702.1,26.1,35.7,45.6,42.0,19.4,555122.6,555122.6,1110245.2,88.10770573763986,88.10770573763986,176.21541147527972,35.666666666666664,0.26123511160044033
768,Company_768,Healthcare,Middle East,2023,7103.6,14.1,23467.7,12.7,36.1,42.3,44.7,21.3,642266.1,642266.1,1284532.1,90.4141702798581,90.4141702798581,180.828326482347,36.1,0.12746607412110156
768,Company_768,Healthcare,Middle East,2024,8534.8,12.8,18168.0,20.1,36.0,38.7,44.7,24.7,793144.4,793144.4,1586288.9,92.93063692177908,92.93063692177908,185.86128556029433,36.03333333333334,0.20147530829438587
768,Company_768,Healthcare,Middle East,2025,10405.1,10.3,12241.5,21.9,36.0,37.9,46.3,23.7,972567.0,972567.0,1945134.0,93.47022133376902,93.47022133376902,186.94044266753804,35.96666666666666,0.21913811688616036
769,Company_769,Manufacturing,North America,2015,1208.5,6.1,1360.4,5.9,24.9,19.5,17.0,38.3,385700.6,514267.5,6428343.7,319.1564749689698,425.5419942076955,5319.27488622259,24.933333333333334,
769,Company_769,Manufacturing,North America,2016,1193.6,2.3,345.7,-1.2,27.3,23.5,18.2,40.3,370773.1,494364.2,6179552.3,310.6342995978552,414.17912198391423,5177.238857238606,27.333333333333332,-0.012329333884981475
769,Company_769,Manufacturing,North America,2017,1375.2,6.0,750.0,15.2,27.5,24.3,17.4,40.9,424934.2,566579.0,7082237.2,308.9981093659104,411.9975276323444,5149.968877254218,27.53333333333333,0.1521447721179625
769,Company_769,Manufacturing,North America,2018,1579.4,3.7,893.6,14.8,28.8,26.9,19.9,39.4,479248.5,638998.0,7987475.0,303.43706470811696,404.58275294415597,5057.28441180195,28.73333333333333,0.1484874927283304
769,Company_769,Manufacturing,North America,2019,1584.9,-2.1,2542.3,0.3,27.7,26.3,19.3,37.6,483129.4,644172.6,8052157.2,304.8327339264307,406.44368729888316,5080.545901949649,27.733333333333334,0.0034823350639483497
769,Company_769,Manufacturing,North America,2020,1737.6,-1.6,3017.7,9.6,27.1,23.8,19.4,38.2,538631.6,718175.4,8977193.1,309.9859576427256,413.31457182320446,5166.432493093923,27.133333333333336,0.09634677266704506
769,Company_769,Manufacturing,North America,2021,2005.0,-1.5,8849.9,15.4,26.5,23.1,19.3,37.1,624557.5,832743.3,10409291.6,311.5,415.33331670822946,5191.666633416458,26.5,0.15389042357274407
769,Company_769,Manufacturing,North America,2022,2050.1,-0.8,8867.5,2.2,29.2,27.3,22.9,37.5,620409.3,827212.4,10340154.7,302.62392078435204,403.49856104580266,5043.731866738208,29.233333333333334,0.022493765586034886
769,Company_769,Manufacturing,North America,2023,2386.8,-4.9,8060.8,16.4,30.3,29.8,24.7,36.5,709974.8,946633.0,11832912.9,297.45885704709235,396.6117814647226,4957.647435897436,30.333333333333332,0.16423589093214974
769,Company_769,Manufacturing,North America,2024,2272.4,-3.2,3904.6,-4.8,31.0,29.2,27.7,36.1,678686.5,904915.3,11311441.0,298.6650677697588,398.2200756908995,4977.750836120401,31.0,-0.04793028322440096
769,Company_769,Manufacturing,North America,2025,2204.1,-5.6,7560.7,-3.0,30.1,28.3,24.6,37.3,662592.4,883456.5,11043206.4,300.6181207749195,400.8241459098952,5010.301891928679,30.066666666666666,-0.030056328111248143
770,Company_770,Retail,North America,2015,1140.1,7.0,1126.5,-2.85,40.8,32.2,56.3,33.8,111094.9,55547.4,222189.8,97.44311902464696,48.72151565652136,194.88623804929392,40.766666666666666,
770,Company_770,Retail,North America,2016,1302.3,8.7,2197.7,14.2,43.8,34.8,60.5,36.2,124573.5,62286.8,249147.0,95.65653075328265,47.82830377025263,191.3130615065653,43.833333333333336,0.14226822208578205
770,Company_770,Retail,North America,2017,1410.0,9.4,1949.2,8.3,45.2,36.5,63.5,35.5,133131.2,66565.6,266262.5,94.41929078014185,47.209645390070925,188.8386524822695,45.166666666666664,0.08269983874683251
770,Company_770,Retail,North America,2018,1348.0,8.5,1923.9,-4.4,45.4,36.3,66.0,33.9,127471.6,63735.8,254943.2,94.56350148367953,47.281750741839765,189.12700296735906,45.4,-0.04397163120567371
770,Company_770,Retail,North America,2019,1277.5,9.3,1626.4,-5.2,45.4,34.7,66.1,35.5,122267.1,61133.5,244534.1,95.70810176125245,47.854011741682974,191.4161252446184,45.43333333333334,-0.05229970326409494
770,Company_770,Retail,North America,2020,1074.8,10.9,2872.6,-15.9,45.4,39.0,62.7,34.7,99655.6,49827.8,199311.3,92.7201339784146,46.3600669892073,185.44036099739486,45.46666666666667,-0.15866927592954994
770,Company_770,Retail,North America,2021,1145.2,10.9,2271.5,6.5,44.4,39.0,62.5,31.6,106180.7,53090.3,212361.4,92.71804051694026,46.358976597974156,185.43608103388053,44.36666666666667,0.06550055824339429
770,Company_770,Retail,North America,2022,1201.6,11.0,2509.9,4.9,44.0,39.2,63.0,30.0,111245.7,55622.8,222491.3,92.58130825565912,46.29061251664448,185.16253328894808,44.06666666666666,0.04924903946908832
770,Company_770,Retail,North America,2023,1098.1,13.2,3144.3,-8.6,44.8,39.9,62.5,32.1,101082.7,50541.4,202165.5,92.05236317275295,46.02622711957017,184.1048174118933,44.833333333333336,-0.08613515312916109
770,Company_770,Retail,North America,2024,1041.7,12.6,3002.2,-5.1,44.7,39.7,63.4,30.9,96057.2,48028.6,192114.4,92.21196121724104,46.10598060862052,184.42392243448208,44.666666666666664,-0.05136144249157626
770,Company_770,Retail,North America,2025,1028.2,9.6,1688.0,-1.3,43.8,40.6,62.3,28.6,94146.2,47073.1,188292.5,91.56409258899046,45.78204629449523,183.12828243532385,43.833333333333336,-0.01295958529327057
771,Company_771,Transportation,Middle East,2015,485.9,12.1,876.8,-6.35,27.3,21.8,11.0,49.1,305429.4,50904.9,1018098.0,628.5848940111134,104.76414900185225,2095.2829800370446,27.3,
771,Company_771,Transportation,Middle East,2016,430.4,17.0,750.1,-11.4,27.0,20.4,12.3,48.3,273001.2,45500.2,910004.1,634.296468401487,105.71607806691449,2114.3217936802976,27.0,-0.1142210331343898
771,Company_771,Transportation,Middle East,2017,396.6,21.8,1212.5,-7.9,27.1,19.6,10.4,51.2,252814.0,42135.7,842713.4,637.4533535047907,106.2423096318709,2124.844679778114,27.066666666666666,-0.07853159851301106
771,Company_771,Transportation,Middle East,2018,347.7,26.0,1365.3,-12.3,27.0,21.5,7.0,52.6,219020.9,36503.5,730069.8,629.9134311187805,104.98561978717285,2099.7118205349443,27.03333333333333,-0.12329803328290478
771,Company_771,Transportation,Middle East,2019,359.7,25.4,1363.1,3.5,28.1,21.1,7.6,55.6,227091.4,37848.6,756971.4,631.3355574089519,105.22268557130943,2104.4520433694747,28.100000000000005,0.0345125107851596
771,Company_771,Transportation,Middle East,2020,378.8,24.0,1053.1,5.3,29.4,22.7,10.3,55.2,236652.5,39442.1,788841.7,624.7426082365364,104.12381203801478,2082.4754487856385,29.400000000000002,0.05309980539338355
771,Company_771,Transportation,Middle East,2021,360.5,24.7,1305.6,-4.8,30.3,24.1,10.1,56.8,223128.6,37188.1,743762.1,618.9420249653259,103.15700416088765,2063.1403606102635,30.333333333333332,-0.048310454065469965
771,Company_771,Transportation,Middle East,2022,323.4,27.6,1644.8,-10.3,31.6,24.6,10.8,59.4,199438.4,33239.7,664794.8,616.6926406926407,102.78200371057514,2055.6425479282625,31.600000000000005,-0.10291262135922341
771,Company_771,Transportation,Middle East,2023,326.9,30.4,1016.8,1.1,32.0,26.4,11.1,58.4,199048.8,33174.8,663496.0,608.8981339859284,101.48302233098809,2029.6604466197616,31.96666666666667,0.010822510822510845
771,Company_771,Transportation,Middle East,2024,336.9,28.0,1125.4,3.1,32.5,25.7,11.4,60.4,206174.5,34362.4,687248.3,611.9753636093797,101.99584446423272,2039.9177797566047,32.5,0.030590394616090588
771,Company_771,Transportation,Middle East,2025,284.6,26.3,1399.3,-15.5,33.6,26.5,12.4,61.8,173208.8,28868.1,577362.6,608.6043569922698,101.43394237526351,2028.6809557273364,33.56666666666666,-0.15523894330661903
772,Company_772,Transportation,Asia,2015,867.7,2.0,205.8,1.15,32.4,22.4,14.1,60.8,543209.7,90534.9,1810698.9,626.0339979255502,104.33894203065574,2086.7798778379624,32.43333333333333,
772,Company_772,Transportation,Asia,2016,768.7,-2.0,791.1,-11.4,34.8,26.6,14.4,63.3,467624.7,77937.4,1558749.0,608.331858982698,101.38857811890203,2027.77286327566,34.766666666666666,-0.11409473320271979
772,Company_772,Transportation,Asia,2017,772.1,2.0,296.0,0.4,36.6,28.8,17.3,63.7,462475.5,77079.3,1541585.1,598.9839399041575,99.83072140914389,1996.6132625307603,36.6,0.004423051905815045
772,Company_772,Transportation,Asia,2018,835.2,0.8,124.1,8.2,37.0,27.0,17.9,66.0,506559.2,84426.5,1688530.8,606.5124521072797,101.08536877394636,2021.7083333333333,36.96666666666667,0.08172516513405004
772,Company_772,Transportation,Asia,2019,888.5,1.5,138.5,6.4,39.8,29.7,20.4,69.4,528728.4,88121.4,1762428.1,595.0797974113675,99.17996623522791,1983.5994372537987,39.833333333333336,0.06381704980842917
772,Company_772,Transportation,Asia,2020,838.6,0.2,29.2,-5.6,39.8,30.0,19.8,69.7,498032.4,83005.4,1660107.9,593.8855234915335,98.98092058192225,1979.618292392082,39.833333333333336,-0.05616207090602132
772,Company_772,Transportation,Asia,2021,976.1,0.1,10.3,16.4,40.5,30.8,19.5,71.1,576367.5,96061.2,1921224.9,590.4799713144145,98.4132773281426,1968.2664685995287,40.46666666666666,0.16396374910565226
772,Company_772,Transportation,Asia,2022,961.6,-0.8,526.6,-1.5,39.2,28.2,20.1,69.5,578607.4,96434.6,1928691.2,601.7131863560733,100.28556572379368,2005.710482529118,39.266666666666666,-0.014855035344739309
772,Company_772,Transportation,Asia,2023,973.7,-2.0,2753.6,1.3,40.7,30.1,22.2,69.8,578132.6,96355.4,1927108.7,593.7481770565882,98.95799527575227,1979.1606244223065,40.699999999999996,0.01258319467554081
772,Company_772,Transportation,Asia,2024,983.2,2.0,192.5,1.0,42.5,31.9,24.1,71.6,576350.2,96058.4,1921167.5,586.1983319772172,97.69975589910496,1953.9946094385677,42.53333333333333,0.009756598541645234
772,Company_772,Transportation,Asia,2025,1055.4,1.0,205.4,7.3,42.6,30.1,24.8,72.7,626373.1,104395.5,2087910.5,593.493556945234,98.91557703240477,1978.3120144021223,42.53333333333334,0.07343368592351518
773,Company_773,Manufacturing,Europe,2015,504.7,0.1,4.4,-0.4,58.9,19.8,97.8,59.0,160715.9,214287.8,2678597.5,318.43847830394293,424.58450564691896,5307.306320586487,58.86666666666667,
773,Company_773,Manufacturing,Europe,2016,471.1,-0.5,467.8,-6.7,60.4,21.8,100.0,59.5,148017.5,197356.7,2466959.2,314.1954998938654,418.92740394820635,5236.593504563787,60.43333333333334,-0.06657420249653256
773,Company_773,Manufacturing,Europe,2017,463.0,-5.1,984.8,-1.7,60.3,24.7,100.0,56.3,142669.0,190225.3,2377815.9,308.1403887688985,410.8537796976242,5135.671490280777,60.333333333333336,-0.01719380174060714
773,Company_773,Manufacturing,Europe,2018,431.6,-0.8,2054.5,-6.8,59.5,22.7,100.0,55.9,134812.1,179749.5,2246868.4,312.35426320667284,416.4724281742354,5205.90454124189,59.53333333333333,-0.06781857451403883
773,Company_773,Manufacturing,Europe,2019,463.0,1.2,112.3,7.3,59.4,23.7,100.0,54.4,143674.8,191566.4,2394580.1,310.31274298056155,413.75032397408205,5171.8792656587475,59.36666666666667,0.0727525486561631
773,Company_773,Manufacturing,Europe,2020,460.1,4.0,179.7,-0.6,57.3,21.5,98.1,52.3,144858.6,193144.8,2414309.8,314.8415561834384,419.7887415779178,5247.358835035861,57.29999999999999,-0.006263498920086374
773,Company_773,Manufacturing,Europe,2021,459.1,7.4,536.1,-0.2,57.4,20.6,96.3,55.4,145462.5,193949.9,2424374.2,316.8427357874101,422.4567632324112,5280.710520583751,57.43333333333334,-0.0021734405564007853
773,Company_773,Manufacturing,Europe,2022,446.3,4.5,324.2,-2.8,58.2,19.2,96.9,58.4,142669.7,190226.3,2377828.1,319.6721935917544,426.2296661438494,5327.869370378669,58.166666666666664,-0.02788063602700941
773,Company_773,Manufacturing,Europe,2023,488.7,4.1,174.3,9.5,57.4,18.5,95.9,57.9,156961.1,209281.5,2616019.0,321.18088807039084,428.24125230202577,5353.016165336608,57.43333333333334,0.0950033609679588
773,Company_773,Manufacturing,Europe,2024,496.3,1.0,94.6,1.6,56.6,21.1,94.2,54.5,156698.5,208931.3,2611641.2,315.73342736248236,420.9778359862986,5262.222849083216,56.6,0.015551463065275328
773,Company_773,Manufacturing,Europe,2025,502.1,-1.5,1314.6,1.2,55.3,22.2,92.6,51.2,157317.2,209756.3,2621953.2,313.31846245767775,417.75801633140804,5221.9741087432785,55.333333333333336,0.01168647995164207
774,Company_774,Utilities,Africa,2015,1288.1,7.4,1381.2,-3.3000000000000003,24.0,9.9,33.5,28.6,1165016.8,728135.5,11650167.6,904.4459281111716,565.2787050694823,9044.45897057682,24.0,
774,Company_774,Utilities,Africa,2016,1434.4,10.6,1347.5,11.4,25.3,12.6,36.0,27.5,1276136.0,797585.0,12761360.5,889.665365309537,556.0408533184607,8896.654001673172,25.366666666666664,0.11357813834329655
774,Company_774,Utilities,Africa,2017,1497.1,10.8,1839.9,4.4,26.5,13.4,38.5,27.6,1325015.3,828134.6,13250152.8,885.0546389686729,553.1591744038475,8850.546256095118,26.5,0.043711656441717706
774,Company_774,Utilities,Africa,2018,1625.6,10.0,1800.2,8.6,26.6,11.4,41.7,26.8,1456918.8,910574.2,14569187.8,896.2344980314962,560.1465305118111,8962.344857283466,26.633333333333336,0.08583260971211004
774,Company_774,Utilities,Africa,2019,1553.9,9.5,1303.2,-4.4,25.9,9.1,42.3,26.2,1412920.4,883075.2,14129203.7,909.2736984361927,568.2960293455177,9092.73679129931,25.866666666666664,-0.04410679133858253
774,Company_774,Utilities,Africa,2020,1276.7,9.6,1121.5,-17.8,27.6,11.2,42.7,28.7,1145245.3,715778.3,11452453.4,897.0355604292316,560.6472154774027,8970.355917600062,27.533333333333335,-0.17838985777720573
774,Company_774,Utilities,Africa,2021,1112.3,7.8,988.3,-12.9,27.1,12.7,46.0,22.4,988554.0,617846.3,9885540.5,888.7476400251732,555.4673199676347,8887.476849770746,27.03333333333333,-0.1287694838254877
774,Company_774,Utilities,Africa,2022,1021.2,6.6,727.5,-8.2,27.4,14.0,48.1,20.1,900443.0,562776.9,9004430.3,881.749902075989,551.0937132784959,8817.499314531924,27.400000000000002,-0.08190236447001698
774,Company_774,Utilities,Africa,2023,1018.3,6.9,1044.5,-0.3,27.4,16.1,47.8,18.4,885621.7,553513.6,8856216.8,869.7060787587155,543.5663360502799,8697.060591181382,27.433333333333334,-0.0028397963180573083
774,Company_774,Utilities,Africa,2024,918.6,5.0,381.4,-9.8,29.9,21.7,49.9,18.0,770237.6,481398.5,7702376.4,838.4907467885913,524.0567167428695,8384.907903331155,29.866666666666664,-0.0979082785033879
774,Company_774,Utilities,Africa,2025,898.2,4.6,353.1,-2.2,30.7,20.2,51.5,20.4,760699.5,475437.2,7606994.7,846.9154976619906,529.3221999554664,8469.15464261857,30.7,-0.022207707380796804
775,Company_775,Manufacturing,Europe,2015,189.6,8.1,276.1,11.850000000000001,52.4,31.8,62.8,62.5,55577.1,74102.7,926284.3,293.128164556962,390.8370253164557,4885.4657172995785,52.36666666666667,
775,Company_775,Manufacturing,Europe,2016,201.9,9.3,222.4,6.5,54.1,33.1,66.7,62.6,58632.2,78176.3,977203.4,290.4021792966815,387.20307082714214,4840.036651807825,54.13333333333333,0.06487341772151911
775,Company_775,Manufacturing,Europe,2017,229.8,12.2,414.0,13.8,53.7,34.5,65.9,60.6,66087.1,88116.2,1101452.0,287.5852915578764,383.4473455178416,4793.089643167972,53.666666666666664,0.138187221396731
775,Company_775,Manufacturing,Europe,2018,266.1,12.2,482.7,15.8,53.0,33.7,67.5,57.6,76949.2,102598.9,1282485.8,289.17399473881994,385.5652010522359,4819.563322059376,52.93333333333334,0.15796344647519578
775,Company_775,Manufacturing,Europe,2019,301.7,12.7,722.1,13.4,52.7,33.7,69.0,55.3,87249.7,116332.9,1454161.3,289.193569771296,385.59131587669873,4819.891614186278,52.666666666666664,0.13378429161969163
775,Company_775,Manufacturing,Europe,2020,321.5,12.8,489.4,6.6,52.3,32.0,70.9,54.0,94164.2,125552.2,1569402.6,292.89020217729393,390.52006220839814,4881.501088646967,52.300000000000004,0.06562810739144842
775,Company_775,Manufacturing,Europe,2021,354.8,14.2,540.7,10.3,53.3,33.0,74.9,52.0,103124.6,137499.5,1718743.4,290.6555806087937,387.54086809470124,4844.259864712513,53.300000000000004,0.10357698289269046
775,Company_775,Manufacturing,Europe,2022,425.9,13.0,632.3,20.0,56.2,37.2,77.9,53.5,120070.1,160093.5,2001169.0,281.92087344447054,375.8945761915943,4698.6827893871805,56.20000000000001,0.20039458850056358
775,Company_775,Manufacturing,Europe,2023,510.4,13.5,876.3,19.9,59.0,40.5,81.5,55.1,140312.1,187082.8,2338535.1,274.9061520376176,366.5415360501567,4581.769396551725,59.03333333333333,0.1984033810753698
775,Company_775,Manufacturing,Europe,2024,523.8,15.3,1066.6,2.6,60.2,44.0,77.6,58.9,140210.1,186946.9,2336835.8,267.67869415807564,356.9051164566629,4461.313096601756,60.166666666666664,0.02625391849529768
775,Company_775,Manufacturing,Europe,2025,514.8,19.3,1635.9,-1.7,61.7,42.7,78.0,64.5,139122.5,185496.7,2318708.4,270.2457264957265,360.3277000777001,4504.095571095571,61.73333333333333,-0.01718213058419249
776,Company_776,Consumer Goods,Asia,2015,2070.7,10.7,5150.9,-5.85,39.7,31.3,76.5,11.3,406176.9,507721.1,2030884.4,196.15439223451008,245.19297821992564,980.7719128797025,39.699999999999996,
776,Company_776,Consumer Goods,Asia,2016,2110.7,13.0,3442.6,1.9,40.5,29.7,77.9,13.9,418937.0,523671.2,2094684.9,198.48249395935,248.1030937603639,992.4124224191027,40.50000000000001,0.01931713913169464
776,Company_776,Consumer Goods,Asia,2017,2020.8,12.4,4602.3,-4.3,41.1,28.9,79.1,15.3,403277.2,504096.5,2016386.1,199.56314330958037,249.45392913697546,997.8157660332542,41.1,-0.0425925048562088
776,Company_776,Consumer Goods,Asia,2018,1961.3,6.9,3058.5,-2.9,42.5,30.0,81.7,15.8,388204.8,485256.0,1941024.2,197.9323917809616,247.41548972620203,989.6620608779891,42.5,-0.029443784639746617
776,Company_776,Consumer Goods,Asia,2019,1683.3,7.2,2627.8,-14.2,43.6,32.4,82.2,16.2,327592.4,409490.5,1637961.9,194.61320026139134,243.26650032673916,973.0659418998396,43.599999999999994,-0.14174272166420232
776,Company_776,Consumer Goods,Asia,2020,1544.2,12.1,3763.6,-8.3,42.7,33.5,79.3,15.3,298220.6,372775.8,1491103.2,193.1230410568579,241.40383370029787,965.6153348011915,42.699999999999996,-0.08263529970890504
776,Company_776,Consumer Goods,Asia,2021,1291.1,15.1,4619.1,-16.4,44.4,34.5,82.5,16.4,247552.4,309440.5,1237762.2,191.73758810316784,239.67198512895982,958.688095422508,44.46666666666667,-0.163903639424945
776,Company_776,Consumer Goods,Asia,2022,1274.6,13.7,3252.8,-1.3,44.4,34.1,85.1,14.2,245089.9,306362.4,1225449.5,192.28769810136515,240.359642240703,961.4384905068257,44.46666666666666,-0.01277980017039737
776,Company_776,Consumer Goods,Asia,2023,1104.0,12.8,1826.0,-13.4,44.7,34.0,86.4,13.6,212371.8,265464.8,1061859.2,192.3657608695652,240.45724637681158,961.8289855072463,44.666666666666664,-0.13384591244311939
776,Company_776,Consumer Goods,Asia,2024,1183.3,16.7,3978.4,7.2,46.2,37.6,85.2,15.8,221748.7,277185.8,1108743.4,187.39854643792785,234.24811966534267,936.9926476802164,46.20000000000001,0.07182971014492745
776,Company_776,Consumer Goods,Asia,2025,1096.0,19.0,2254.1,-7.4,46.8,39.4,83.4,17.7,202564.7,253205.9,1012823.7,184.82180656934307,231.0272810218978,924.1092153284671,46.833333333333336,-0.07377672610496067
777,Company_777,Utilities,Middle East,2015,1907.3,10.6,2177.7,1.6,44.5,51.7,49.2,32.4,1278533.8,799083.6,12785338.1,670.3370209196246,418.9606249672312,6703.370261626383,44.43333333333334,
777,Company_777,Utilities,Middle East,2016,1851.0,10.1,2745.5,-2.9,46.1,56.2,48.8,33.3,1193966.9,746229.3,11939669.1,645.0388438681794,403.1492706645057,6450.388492706645,46.1,-0.029518167042415944
777,Company_777,Utilities,Middle East,2017,1914.7,10.2,1853.3,3.4,46.2,56.1,50.4,32.2,1236506.8,772816.8,12365068.0,645.796626103306,403.62291742831775,6457.96626103306,46.23333333333333,0.034413830361966546
777,Company_777,Utilities,Middle East,2018,1935.0,11.9,1920.2,1.1,46.2,55.8,53.0,29.7,1253309.1,783318.2,12533091.2,647.7049612403101,404.81560723514207,6477.049715762273,46.166666666666664,0.010602183109625463
777,Company_777,Utilities,Middle East,2019,1898.6,11.1,2043.6,-1.9,45.3,53.3,53.9,28.9,1256365.5,785228.5,12563655.2,661.7325924365322,413.58290319182555,6617.326029706099,45.36666666666667,-0.01881136950904394
777,Company_777,Utilities,Middle East,2020,2004.4,11.3,2140.2,5.6,44.5,53.5,51.6,28.3,1323639.7,827274.8,13236397.0,660.3670425064856,412.7293953302734,6603.670425064857,44.46666666666667,0.05572527125250204
777,Company_777,Utilities,Middle East,2021,2003.5,12.2,2722.9,-0.0,45.7,54.1,51.8,31.0,1316458.0,822786.3,13164580.4,657.0791115547792,410.6744696780634,6570.791315198403,45.63333333333333,-0.00044901217321891007
777,Company_777,Utilities,Middle East,2022,2045.6,14.0,2353.6,2.1,45.3,53.8,51.3,30.8,1347104.1,841940.0,13471040.7,658.5373973406337,411.58584278451315,6585.373826750098,45.300000000000004,0.021013226853007216
777,Company_777,Utilities,Middle East,2023,2223.6,13.7,3223.1,8.7,45.8,56.5,52.2,28.6,1430544.2,894090.1,14305442.2,643.3460154704084,402.0912484259759,6433.460244648318,45.76666666666667,0.08701603441533057
777,Company_777,Utilities,Middle East,2024,2020.9,13.3,3549.5,-9.1,46.8,56.2,53.7,30.6,1304169.0,815105.7,13041690.4,645.3406897916769,403.3379682319758,6453.407095848384,46.833333333333336,-0.09115848174132035
777,Company_777,Utilities,Middle East,2025,2069.6,13.3,3553.2,2.4,47.3,56.5,53.7,31.7,1331940.7,832462.9,13319406.7,643.5739756474682,402.2337166602242,6435.739611519134,47.300000000000004,0.024098174080855017
778,Company_778,Finance,Oceania,2015,1120.0,18.9,4114.9,1.7,74.7,80.1,98.1,45.8,14325.0,7162.5,35812.5,12.790178571428571,6.395089285714286,31.975446428571427,74.66666666666667,
778,Company_778,Finance,Oceania,2016,1088.5,19.7,3202.3,-2.8,77.1,81.7,99.4,50.3,13671.2,6835.6,34178.1,12.559669269637116,6.279834634818558,31.39926504363803,77.13333333333334,-0.028124999999999956
778,Company_778,Finance,Oceania,2017,1129.1,19.3,4357.7,3.7,76.6,83.1,100.0,46.6,13954.1,6977.1,34885.3,12.358604198033834,6.179346382074219,30.896554778141887,76.56666666666666,0.03729903536977486
778,Company_778,Finance,Oceania,2018,1134.3,21.4,2043.4,0.5,77.7,84.9,100.0,48.1,13734.9,6867.4,34337.1,12.10870140174557,6.054306620823415,30.271621264215817,77.66666666666667,0.004605437959436687
778,Company_778,Finance,Oceania,2019,1181.0,22.5,2494.2,4.1,77.8,86.1,99.7,47.8,14111.1,7055.6,35277.9,11.948433530906012,5.974259102455546,29.871210838272653,77.86666666666667,0.04117076611125814
778,Company_778,Finance,Oceania,2020,1127.8,24.7,5237.8,-4.5,79.6,88.1,100.0,50.8,13161.2,6580.6,32903.0,11.669799609859906,5.834899804929953,29.174499024649762,79.63333333333333,-0.045046570702794275
778,Company_778,Finance,Oceania,2021,1166.1,23.9,3801.9,3.4,78.4,83.8,100.0,51.5,14309.0,7154.5,35772.4,12.270817254094847,6.135408627047424,30.67695737929852,78.43333333333334,0.03395992197198083
778,Company_778,Finance,Oceania,2022,1126.8,24.1,4790.5,-3.4,77.5,85.8,97.7,49.0,13515.7,6757.8,33789.2,11.994763933262337,5.9973375931842385,29.98686545970891,77.5,-0.03370208386930795
778,Company_778,Finance,Oceania,2023,1148.8,25.3,3611.8,2.0,79.4,87.1,100.0,51.2,13565.8,6782.9,33914.4,11.80866991643454,5.90433495821727,29.521587743732592,79.43333333333334,0.019524316648917184
778,Company_778,Finance,Oceania,2024,1164.8,28.1,3895.9,1.4,80.5,90.1,98.9,52.4,13254.8,6627.4,33137.1,11.379464285714285,5.689732142857142,28.448746565934066,80.46666666666667,0.013927576601671321
778,Company_778,Finance,Oceania,2025,1223.4,29.2,3830.3,5.0,81.3,93.1,97.3,53.6,13418.2,6709.1,33545.5,10.96795814941965,5.483979074709825,27.419895373549124,81.33333333333333,0.050309065934066144
779,Company_779,Retail,Europe,2015,1275.4,6.6,1883.0,7.199999999999999,72.2,56.2,87.8,72.7,102916.1,51458.0,205832.1,80.69319429198683,40.34655794260624,161.3863101771993,72.23333333333333,
779,Company_779,Retail,Europe,2016,1518.3,6.5,1010.3,19.0,72.7,55.8,88.4,73.9,122876.6,61438.3,245753.2,80.9303826648225,40.46519133241125,161.860765329645,72.7,0.19045005488474187
779,Company_779,Retail,Europe,2017,1636.0,5.8,2046.7,7.7,74.5,55.8,91.7,75.9,132440.3,66220.2,264880.7,80.95372860635696,40.47689486552567,161.90751833740833,74.46666666666667,0.07752091154580776
779,Company_779,Retail,Europe,2018,1746.8,5.4,2073.1,6.8,73.7,56.1,90.2,74.6,140987.2,70493.6,281974.4,80.71170139683994,40.35585069841997,161.42340279367988,73.63333333333334,0.06772616136919307
779,Company_779,Retail,Europe,2019,1844.3,3.7,1128.2,5.6,75.4,57.8,92.5,75.8,146671.1,73335.5,293342.2,79.52670389849808,39.763324838692185,159.05340779699617,75.36666666666667,0.05581634989695439
779,Company_779,Retail,Europe,2020,1896.8,2.1,618.8,2.8,74.3,54.8,93.1,74.9,154790.8,77395.4,309581.5,81.60628426824124,40.80314213412062,163.21251581611136,74.26666666666667,0.028466084693379523
779,Company_779,Retail,Europe,2021,1963.1,1.0,452.7,3.5,75.0,57.5,95.1,72.3,156592.1,78296.1,313184.2,79.76776526921707,39.88390810452856,159.53553053843413,74.96666666666665,0.03495360607338682
779,Company_779,Retail,Europe,2022,2112.4,0.9,424.3,7.6,74.5,58.9,95.8,68.8,166387.9,83193.9,332775.7,78.76723158492709,39.38359212270403,157.53441583033515,74.5,0.07605318119301119
779,Company_779,Retail,Europe,2023,2317.9,-1.6,5339.5,9.7,75.2,57.6,96.7,71.2,184718.3,92359.2,369436.6,79.6920919798093,39.84606756115449,159.3841839596186,75.16666666666667,0.09728271160765001
779,Company_779,Retail,Europe,2024,2461.0,-0.1,12192.6,6.2,75.4,57.0,96.2,72.8,197048.5,98524.3,394097.1,80.0684681023974,40.03425436814303,160.13697683868347,75.33333333333333,0.06173691703697304
779,Company_779,Retail,Europe,2025,2834.1,1.2,569.0,15.2,74.7,53.5,98.5,72.1,233941.9,116971.0,467883.8,82.545393599379,41.27271444197453,165.090787198758,74.7,0.1516050386021941
780,Company_780,Transportation,Africa,2015,798.9,12.6,1931.1,-4.1,29.1,30.8,41.8,14.6,471910.7,78651.8,1573035.6,590.7005883089248,98.45011891350607,1969.001877581675,29.066666666666663,
780,Company_780,Transportation,Africa,2016,695.0,15.7,947.1,-13.0,28.8,30.1,39.1,17.2,412627.8,68771.3,1375425.9,593.7090647482014,98.95151079136691,1979.0300719424458,28.8,-0.13005382400801102
780,Company_780,Transportation,Africa,2017,724.9,15.1,1302.0,4.3,29.2,30.9,37.5,19.2,427696.9,71282.8,1425656.3,590.0081390536626,98.33466685060009,1966.693750862188,29.200000000000003,0.04302158273381296
780,Company_780,Transportation,Africa,2018,640.8,15.7,1624.4,-11.6,30.3,31.3,36.0,23.7,377241.1,62873.5,1257470.2,588.7033395755305,98.11719725343322,1962.344257178527,30.333333333333332,-0.11601600220720099
780,Company_780,Transportation,Africa,2019,555.5,15.7,983.3,-13.3,31.1,32.0,38.2,23.1,325255.4,54209.2,1084184.6,585.5182718271827,97.58631863186318,1951.7274527452746,31.100000000000005,-0.13311485642946308
780,Company_780,Transportation,Africa,2020,521.0,16.5,784.2,-6.2,31.7,34.0,36.7,24.5,300765.7,50127.6,1002552.3,577.2854126679463,96.21420345489443,1924.2846449136277,31.733333333333334,-0.06210621062106214
780,Company_780,Transportation,Africa,2021,511.3,18.1,768.1,-1.9,30.4,31.3,35.1,24.7,300971.8,50162.0,1003239.2,588.6403285742225,98.10678662233522,1962.1341678075491,30.36666666666667,-0.018618042226487552
780,Company_780,Transportation,Africa,2022,501.1,20.1,1699.1,-2.0,32.3,35.7,35.6,25.6,285781.1,47630.2,952603.6,570.3075234484135,95.05128716822989,1901.0249451207342,32.300000000000004,-0.019949149227459384
780,Company_780,Transportation,Africa,2023,477.6,20.0,1505.8,-4.7,34.0,38.4,36.7,26.8,266832.5,44472.1,889441.7,558.694514237856,93.11578726968173,1862.315117252931,33.96666666666666,-0.04689682698064257
780,Company_780,Transportation,Africa,2024,460.8,19.7,941.7,-3.5,35.0,40.1,37.9,27.1,254144.5,42357.4,847148.4,551.5288628472222,91.92144097222223,1838.4296875,35.03333333333333,-0.035175879396984966
780,Company_780,Transportation,Africa,2025,451.6,16.5,672.0,-2.0,38.2,42.1,40.4,32.1,245300.9,40883.5,817669.7,543.1817980513729,90.53033658104516,1810.6060673162087,38.199999999999996,-0.01996527777777779
781,Company_781,Technology,Asia,2015,7364.1,18.0,24418.7,0.35,58.0,98.9,30.0,45.2,186932.2,112159.3,373864.5,25.384256053013946,15.230550915929983,50.7685256854198,58.03333333333334,
781,Company_781,Technology,Asia,2016,7376.5,20.3,31274.3,0.2,58.4,100.0,30.6,44.4,184412.2,110647.3,368824.5,24.999959330305703,14.999972886870468,49.999932217176166,58.333333333333336,0.001683844597438977
781,Company_781,Technology,Asia,2017,7702.0,22.8,47014.2,4.4,58.6,99.0,33.3,43.4,195180.3,117108.2,390360.7,25.34150869903921,15.204907816151648,50.683030381719036,58.56666666666667,0.04412661831491893
781,Company_781,Technology,Asia,2018,7739.5,23.9,32895.9,0.5,59.0,100.0,33.2,43.8,193488.4,116093.0,386976.7,25.000116286581818,15.000064603656567,50.00021965243233,59.0,0.004868865229810337
781,Company_781,Technology,Asia,2019,7788.2,27.4,43800.3,0.6,59.7,100.0,32.6,46.6,194703.8,116822.3,389407.6,24.999845920751905,14.999910120438614,49.99969184150381,59.73333333333333,0.006292396149621959
781,Company_781,Technology,Asia,2020,7506.9,27.6,41002.2,-3.6,61.0,100.0,34.9,48.0,187673.2,112603.9,375346.4,25.000093247545593,15.000053284311766,50.000186495091185,60.96666666666667,-0.03611874374053059
781,Company_781,Technology,Asia,2021,8554.1,24.3,41621.7,13.9,60.7,98.5,35.0,48.6,218306.4,130983.8,436612.8,25.52067429653616,15.312399901801475,51.04134859307232,60.699999999999996,0.1394983282047184
781,Company_781,Technology,Asia,2022,8305.7,26.2,41528.6,-2.9,62.7,99.8,36.8,51.6,208161.1,124896.7,416322.2,25.062439047882776,15.037468244699422,50.12487809576555,62.73333333333333,-0.02903870658514629
781,Company_781,Technology,Asia,2023,8059.5,27.4,52910.5,-3.0,62.7,100.0,35.3,52.9,201486.6,120892.0,402973.2,24.999888330541598,14.999937961411998,49.999776661083196,62.73333333333334,-0.02964229384639472
781,Company_781,Technology,Asia,2024,8261.9,27.2,64960.3,2.5,63.0,98.7,37.1,53.0,210204.6,126122.8,420409.2,25.442646364637675,15.265592660283955,50.88529272927535,62.93333333333334,0.025113220423103044
781,Company_781,Technology,Asia,2025,8059.4,33.1,59708.3,-2.5,62.1,100.0,36.4,49.9,201484.0,120890.4,402967.9,24.999875921284463,14.999925552770678,49.999739434697375,62.1,-0.024510100582190497
782,Company_782,Finance,Middle East,2015,5568.0,15.6,7538.5,9.25,52.0,94.6,33.3,28.1,59880.4,29940.2,149701.1,10.754382183908046,5.377191091954023,26.885973419540232,52.0,
782,Company_782,Finance,Middle East,2016,6393.4,14.5,8436.7,14.8,52.9,95.1,32.9,30.8,68345.7,34172.9,170864.3,10.690039728469985,5.34502768479995,26.72510714173992,52.93333333333334,0.1482399425287355
782,Company_782,Finance,Middle East,2017,6717.8,11.9,13177.4,5.1,53.1,94.5,32.3,32.4,72366.9,36183.5,180917.3,10.77241061061657,5.386212748221143,26.931033969454283,53.06666666666666,0.05073982544499023
782,Company_782,Finance,Middle East,2018,7421.7,13.3,16894.7,10.5,55.3,100.0,33.4,32.6,74217.0,37108.5,185542.6,10.0,5.0,25.000013474001914,55.333333333333336,0.10478132722022093
782,Company_782,Finance,Middle East,2019,8015.3,14.5,17102.6,8.0,56.2,100.0,33.3,35.2,80152.6,40076.3,200381.4,9.999950095442466,4.999975047721233,24.99986276246678,56.166666666666664,0.07998167535739786
782,Company_782,Finance,Middle East,2020,7906.2,10.6,14015.5,-1.4,56.6,99.4,34.3,36.2,79772.6,39886.3,199431.4,10.08987882927323,5.044939414636615,25.224684424881737,56.633333333333326,-0.013611468067321275
782,Company_782,Finance,Middle East,2021,9545.3,9.7,17281.5,20.7,58.3,100.0,36.6,38.2,95452.6,47726.3,238631.5,9.999958094559627,4.999979047279814,24.999895236399066,58.26666666666667,0.20731830715134958
782,Company_782,Finance,Middle East,2022,10106.7,11.3,21682.5,5.9,59.8,99.7,38.9,41.0,101502.0,50751.0,253754.9,10.043040755142627,5.0215203775713135,25.1075919934301,59.86666666666667,0.05881428556462365
782,Company_782,Finance,Middle East,2023,11737.1,12.6,13005.2,16.1,61.2,100.0,43.8,39.8,117371.3,58685.6,293428.2,10.000025559976486,5.000008519992162,25.000059639945132,61.20000000000001,0.16131872915986412
782,Company_782,Finance,Middle East,2024,13559.2,12.5,23720.8,15.5,61.0,100.0,44.2,38.9,135592.3,67796.1,338980.7,10.000022125199125,5.000007375066375,25.00005162546463,61.03333333333333,0.15524277717664492
782,Company_782,Finance,Middle East,2025,13768.4,13.1,34017.3,1.5,60.4,100.0,45.9,35.3,137684.0,68842.0,344210.0,10.0,5.0,25.0,60.4,0.015428638857749588
783,Company_783,Manufacturing,Middle East,2015,2143.5,8.6,2706.4,11.85,28.8,6.2,55.8,24.6,743792.9,991723.9,12396548.6,346.9992535572662,462.6656869605785,5783.321017028225,28.866666666666664,
783,Company_783,Manufacturing,Middle East,2016,2402.7,6.8,2218.3,12.1,29.0,4.5,54.5,27.9,842338.0,1123117.3,14038966.2,350.57976443168104,467.43967203562664,5842.99587963541,28.96666666666667,0.12092372288313502
783,Company_783,Manufacturing,Middle East,2017,2521.6,6.5,2813.4,4.9,30.0,6.8,54.6,28.7,871898.3,1162531.1,14531639.1,345.7718512055838,461.0291481598985,5762.864490799492,30.03333333333333,0.04948599492237893
783,Company_783,Manufacturing,Middle East,2018,2946.1,7.7,2171.5,16.8,33.6,8.6,57.3,34.9,1007417.3,1343223.0,16790287.8,341.9494586062931,455.93258884627136,5699.157462407929,33.599999999999994,0.16834549492385786
783,Company_783,Manufacturing,Middle East,2019,3291.6,5.6,3900.3,11.7,35.2,11.7,59.2,34.6,1104302.1,1472402.8,18405034.4,335.49097703244627,447.3213027099283,5591.51610159193,35.166666666666664,0.11727368385322978
783,Company_783,Manufacturing,Middle East,2020,3326.8,9.1,4441.1,1.1,36.2,12.5,60.9,35.2,1110526.3,1480701.7,18508771.3,333.8121618372009,445.08287242996266,5563.535920403991,36.2,0.010693887471138641
783,Company_783,Manufacturing,Middle East,2021,3442.1,10.0,7196.1,3.5,37.1,11.6,62.1,37.5,1155431.6,1540575.5,19257193.2,335.6763603614073,447.5684901658871,5594.605967287412,37.06666666666667,0.034657929541902055
783,Company_783,Manufacturing,Middle East,2022,3855.9,8.5,6411.1,12.0,37.5,12.0,64.8,35.7,1291094.6,1721459.4,21518242.7,334.83612126870514,446.44814440208506,5580.601856894628,37.5,0.12021730920077855
783,Company_783,Manufacturing,Middle East,2023,4043.4,10.4,3945.7,4.9,38.7,14.7,65.4,36.1,1330786.4,1774381.8,22179772.7,329.12558737695997,438.834100014839,5485.4262996488105,38.73333333333334,0.048626779740138515
783,Company_783,Manufacturing,Middle East,2024,4860.5,9.8,4377.7,20.2,41.1,17.7,69.0,36.7,1569547.3,2092729.7,26159121.0,322.91889723279496,430.5585227857216,5381.981483386483,41.13333333333333,0.202082405896028
783,Company_783,Manufacturing,Middle East,2025,5708.4,8.6,10714.6,17.4,44.2,22.0,72.6,38.0,1791361.0,2388481.4,29856017.4,313.81140074276504,418.41521266904914,5230.19014084507,44.199999999999996,0.17444707334636345
784,Company_784,Manufacturing,Africa,2015,256.9,8.5,313.7,16.8,25.4,16.5,24.4,35.4,83554.9,111406.6,1392582.1,325.24289606850914,433.65745426235895,5420.716621253407,25.433333333333334,
784,Company_784,Manufacturing,Africa,2016,339.6,12.3,708.9,32.2,25.0,17.6,24.2,33.1,109709.0,146278.6,1828483.1,323.05359246171963,430.7379269729093,5384.225853945819,24.96666666666667,0.3219151420786299
784,Company_784,Manufacturing,Africa,2017,303.6,14.5,498.3,-10.6,24.3,17.1,21.5,34.3,98409.8,131213.1,1640163.2,324.1429512516469,432.19071146245057,5402.382081686429,24.3,-0.10600706713780916
784,Company_784,Manufacturing,Africa,2018,370.6,14.0,519.4,22.1,23.6,14.8,21.2,34.9,121927.7,162570.3,2032129.1,329.00080949811115,438.6678359417161,5483.348893685915,23.633333333333336,0.22068511198945973
784,Company_784,Manufacturing,Africa,2019,431.7,11.8,605.9,16.5,25.4,18.2,21.1,36.9,138945.4,185260.6,2315757.2,321.8563817465833,429.1419967570072,5364.274264535557,25.399999999999995,0.16486778197517538
784,Company_784,Manufacturing,Africa,2020,439.7,13.1,746.9,1.9,24.7,18.4,19.7,35.8,141306.2,188408.3,2355103.5,321.36957016147375,428.49283602456217,5356.159881737549,24.63333333333333,0.01853138753764183
784,Company_784,Manufacturing,Africa,2021,531.4,13.7,997.3,20.9,23.8,18.4,17.2,35.8,170772.1,227696.1,2846201.0,321.36262702295824,428.48343996989087,5356.042529168235,23.799999999999997,0.20855128496702302
784,Company_784,Manufacturing,Africa,2022,622.5,10.5,1137.1,17.1,26.0,21.8,18.1,38.2,195639.2,260852.3,3260654.0,314.27983935742975,419.0398393574297,5237.998393574298,26.033333333333335,0.17143394806172374
784,Company_784,Manufacturing,Africa,2023,699.5,11.9,1801.9,12.4,27.6,24.5,21.2,37.0,215762.0,287682.6,3596032.9,308.4517512508935,411.2689063616869,5140.861901358113,27.566666666666666,0.12369477911646576
784,Company_784,Manufacturing,Africa,2024,735.2,10.9,1019.1,5.1,29.2,24.3,24.4,38.8,227110.4,302813.9,3785173.2,308.90968443960827,411.8796245919478,5148.494559303591,29.166666666666668,0.051036454610436044
784,Company_784,Manufacturing,Africa,2025,910.6,12.4,1544.2,23.9,30.9,27.6,24.2,40.9,274958.6,366611.4,4582642.7,301.9532176586865,402.60421699978036,5032.55293213266,30.899999999999995,0.23857453754080526
785,Company_785,Retail,Asia,2015,560.7,3.9,478.0,3.15,42.1,12.6,35.0,78.5,62320.2,31160.1,124640.4,111.14713750668805,55.57356875334403,222.2942750133761,42.03333333333333,
785,Company_785,Retail,Asia,2016,593.5,3.1,368.9,5.8,42.4,13.9,35.4,78.0,65431.8,32715.9,130863.6,110.24734625105307,55.12367312552654,220.49469250210615,42.43333333333333,0.05849830568931691
785,Company_785,Retail,Asia,2017,646.8,1.6,206.3,9.0,43.2,13.8,34.2,81.6,71352.7,35676.3,142705.4,110.31648113790972,55.15816326530613,220.63296227581944,43.199999999999996,0.08980623420387523
785,Company_785,Retail,Asia,2018,747.9,3.4,398.1,15.6,45.6,16.3,36.8,83.6,81212.6,40606.3,162425.2,108.58751169942506,54.29375584971253,217.17502339885013,45.56666666666666,0.15630797773654925
785,Company_785,Retail,Asia,2019,880.6,4.5,397.9,17.7,47.1,17.7,37.8,85.9,94749.3,47374.6,189498.6,107.59629797865092,53.79809220985691,215.19259595730185,47.13333333333333,0.17743013771894645
785,Company_785,Retail,Asia,2020,875.5,4.7,540.8,-0.6,47.4,21.9,34.3,85.9,91637.3,45818.7,183274.7,104.66853226727585,52.334323243860645,209.33717875499715,47.36666666666667,-0.00579150579150578
785,Company_785,Retail,Asia,2021,840.9,7.5,1254.6,-4.0,47.3,21.5,33.8,86.5,88278.3,44139.1,176556.5,104.98073492686407,52.490308003329766,209.96135093352362,47.26666666666667,-0.03952027412906911
785,Company_785,Retail,Asia,2022,847.6,7.1,1399.1,0.8,48.1,23.2,33.6,87.5,87972.4,43986.2,175944.8,103.78999528079282,51.89499764039641,207.57999056158565,48.1,0.007967653704364475
785,Company_785,Retail,Asia,2023,784.9,4.9,667.8,-7.4,49.5,25.3,37.2,86.1,80269.3,40134.6,160538.5,102.26691298254555,51.133392788890305,204.53369856032617,49.53333333333333,-0.07397357243983016
785,Company_785,Retail,Asia,2024,690.2,4.7,769.7,-12.1,50.3,28.2,38.1,84.4,69174.7,34587.3,138349.3,100.22413793103448,50.11199652274703,200.44813097652852,50.23333333333333,-0.12065231239648355
785,Company_785,Retail,Asia,2025,728.5,5.0,809.9,5.5,50.6,29.5,36.3,86.0,72398.1,36199.1,144796.3,99.37968428277283,49.68991077556623,198.75950583390528,50.6,0.05549116198203419
786,Company_786,Energy,North America,2015,893.4,6.3,997.1,2.05,56.9,49.0,48.6,73.1,765603.7,229681.1,7656037.4,856.9551152899037,257.0865233937766,8569.551600626819,56.9,
786,Company_786,Energy,North America,2016,989.1,18.6,2821.1,10.7,55.8,46.1,50.5,70.8,868083.8,260425.2,8680838.4,877.6501870387222,263.2951167728238,8776.502274795268,55.79999999999999,0.10711887172599055
786,Company_786,Energy,North America,2017,1003.8,23.0,3585.5,1.5,56.6,46.4,53.9,69.6,878398.6,263519.6,8783986.1,875.0733213787607,262.5220163379159,8750.733313409046,56.633333333333326,0.014861995753715496
786,Company_786,Energy,North America,2018,840.5,18.9,2914.7,-16.3,56.4,48.3,51.1,69.8,724497.8,217349.3,7244978.2,861.9842950624628,258.595240928019,8619.843188578228,56.4,-0.1626818091253237
786,Company_786,Energy,North America,2019,791.9,13.2,1170.1,-5.8,56.4,49.5,46.8,73.0,675905.1,202771.5,6759051.4,853.5232983962621,256.0569516353075,8535.233489076905,56.43333333333334,-0.05782272456870918
786,Company_786,Energy,North America,2020,821.6,7.6,880.5,3.7,57.4,48.6,47.2,76.4,706627.4,211988.2,7066273.7,860.0625608568647,258.0187439143135,8600.62524342746,57.400000000000006,0.03750473544639488
786,Company_786,Energy,North America,2021,852.5,4.0,436.6,3.8,56.6,48.2,45.0,76.4,735355.8,220606.8,7353558.4,862.5874486803519,258.7763049853372,8625.87495601173,56.53333333333334,0.03760954235637781
786,Company_786,Energy,North America,2022,809.1,12.6,1963.7,-5.1,55.2,46.3,44.9,74.4,708738.3,212621.5,7087383.1,875.9588431590656,262.78766530713136,8759.588555184773,55.199999999999996,-0.050909090909090904
786,Company_786,Energy,North America,2023,940.5,23.5,3514.6,16.2,55.3,48.9,42.6,74.2,806818.1,242045.4,8068181.3,857.8608187134503,257.3582137161084,8578.60850611377,55.23333333333333,0.1624026696329255
786,Company_786,Energy,North America,2024,965.3,22.9,2827.9,2.6,57.2,52.4,43.5,75.5,804147.4,241244.2,8041474.0,833.0543872371284,249.91629545219106,8330.543872371283,57.13333333333333,0.026368952684742153
786,Company_786,Energy,North America,2025,938.1,25.9,2553.9,-2.8,58.7,57.7,43.5,74.7,746543.3,223963.0,7465433.5,795.8035390683297,238.74107238034324,7958.035923675514,58.63333333333333,-0.02817776856935661
787,Company_787,Utilities,North America,2015,897.5,9.6,846.9,1.85,45.4,54.0,64.5,17.7,590300.1,368937.6,5903000.8,657.7159888579387,411.0725348189415,6577.1596657381615,45.4,
787,Company_787,Utilities,North America,2016,935.3,10.8,1180.7,4.2,43.5,51.8,61.9,16.7,626451.6,391532.2,6264515.7,669.786806372287,418.6167005238961,6697.86774297017,43.46666666666666,0.04211699164345406
787,Company_787,Utilities,North America,2017,926.9,10.5,1233.2,-0.9,44.0,51.8,64.2,16.0,620961.0,388100.6,6209609.5,669.9331103678929,418.70816700830727,6699.330564246413,44.0,-0.008981075590719478
787,Company_787,Utilities,North America,2018,1050.2,8.4,977.5,13.3,42.9,49.5,64.7,14.5,717247.3,448279.6,7172473.3,682.9625785564655,426.85164730527515,6829.6260712245285,42.9,0.13302405869025802
787,Company_787,Utilities,North America,2019,1070.7,7.0,965.4,2.0,42.6,46.2,68.5,13.0,750998.9,469374.3,7509988.8,701.4092649668441,438.38077892967215,7014.092462874754,42.56666666666667,0.019520091411159735
787,Company_787,Utilities,North America,2020,812.6,8.1,836.6,-24.1,44.4,47.5,69.2,16.6,563877.1,352423.2,5638771.5,693.9171794240708,433.69825252276644,6939.172409549594,44.43333333333334,-0.2410572522648735
787,Company_787,Utilities,North America,2021,732.1,11.5,1182.7,-9.9,47.2,51.6,71.4,18.6,491475.7,307172.3,4914756.9,671.3231798934572,419.57697035924053,6713.231662341211,47.199999999999996,-0.09906473049470832
787,Company_787,Utilities,North America,2022,772.8,14.5,1505.8,5.6,48.2,52.8,70.2,21.5,513246.7,320779.2,5132466.7,664.1391045548655,415.0869565217392,6641.390657349897,48.166666666666664,0.055593498155989574
787,Company_787,Utilities,North America,2023,783.1,13.7,973.5,1.3,48.7,51.7,72.7,21.7,525186.0,328241.3,5251860.1,670.6499808453582,419.1563018771549,6706.499936151194,48.699999999999996,0.013328157349896674
787,Company_787,Utilities,North America,2024,867.7,15.0,1123.7,10.8,50.0,55.1,72.9,22.0,565230.3,353268.9,5652303.0,651.4121240059928,407.13253428604355,6514.121240059928,50.0,0.10803217979823776
787,Company_787,Utilities,North America,2025,882.6,14.3,1629.6,1.7,50.1,55.4,72.4,22.4,573500.3,358437.7,5735002.8,649.7850668479492,406.11568094266937,6497.850441876274,50.06666666666667,0.017171833583035534
788,Company_788,Finance,North America,2015,7524.8,10.8,13688.1,-8.4,73.9,99.8,43.7,78.1,75448.5,37724.3,188621.4,10.026645226451201,5.013329257920477,25.06663300021263,73.86666666666666,
788,Company_788,Finance,North America,2016,6236.5,12.2,11069.0,-17.1,74.7,100.0,44.8,79.3,62364.8,31182.4,155912.0,9.999967930730378,4.999983965365189,24.999919826825945,74.7,-0.17120720816500112
788,Company_788,Finance,North America,2017,5230.4,11.1,9406.2,-16.1,74.7,98.8,44.4,80.7,53184.5,26592.3,132961.3,10.168342765371674,5.084180942184155,25.4208664729275,74.63333333333333,-0.16132446083540453
788,Company_788,Finance,North America,2018,5119.6,10.0,5030.5,-2.1,75.0,100.0,43.1,81.9,51195.9,25598.0,127989.8,9.999980467224,5.0,24.999960934448,75.0,-0.021183848271642547
788,Company_788,Finance,North America,2019,4667.3,4.2,1867.1,-8.8,76.1,99.9,45.1,83.1,46716.0,23358.0,116789.9,10.00921303537377,5.004606517686885,25.023011162770764,76.03333333333333,-0.08834674583951874
788,Company_788,Finance,North America,2020,4039.7,6.5,4277.0,-13.4,75.4,100.0,45.7,80.5,40397.0,20198.5,100992.5,10.0,5.0,25.0,75.39999999999999,-0.1344674651297325
788,Company_788,Finance,North America,2021,3714.7,5.9,3218.7,-8.0,73.9,99.9,42.1,79.6,37188.1,18594.0,92970.1,10.011064150537056,5.005518615231378,25.02761999623119,73.86666666666666,-0.08045151867712952
788,Company_788,Finance,North America,2022,3168.0,1.4,739.8,-14.7,75.7,100.0,44.9,82.2,31680.5,15840.2,79201.2,10.000157828282829,5.000063131313132,25.000378787878788,75.7,-0.14717204619484747
788,Company_788,Finance,North America,2023,3095.5,1.8,706.7,-2.3,76.1,97.6,44.0,86.7,31995.5,15997.8,79988.8,10.336133096430302,5.168082700694557,25.840348893555163,76.10000000000001,-0.022885101010100994
788,Company_788,Finance,North America,2024,3037.6,3.7,1910.7,-1.9,77.1,99.3,45.2,86.8,30664.9,15332.5,76662.4,10.0951079799842,5.047570450355544,25.23781933105083,77.10000000000001,-0.01870457115167179
788,Company_788,Finance,North America,2025,2848.3,3.8,1097.7,-6.2,78.4,100.0,48.3,87.1,28483.1,14241.5,71207.7,10.000035108661306,5.0,25.000070217322612,78.46666666666667,-0.062318936002106806
789,Company_789,Utilities,Asia,2015,911.1,10.0,1235.3,6.1,44.2,50.6,37.0,45.0,616668.7,385417.9,6166687.0,676.8397541433432,423.02480518055097,6768.397541433432,44.199999999999996,
789,Company_789,Utilities,Asia,2016,946.5,10.9,1200.3,3.9,44.1,51.3,37.0,43.9,636593.6,397871.0,6365936.4,672.5764395139989,420.36027469624935,6725.764817749604,44.06666666666666,0.03885413236746782
789,Company_789,Utilities,Asia,2017,999.4,12.6,1129.1,5.6,43.5,51.3,38.0,41.3,672147.8,420092.4,6721477.8,672.5513307984792,420.3446067640585,6725.513107864719,43.53333333333333,0.05589012150026407
789,Company_789,Utilities,Asia,2018,1004.1,11.0,1649.3,0.5,45.0,56.0,39.3,39.5,649002.3,405626.4,6490023.1,646.3522557514192,403.9701224977592,6463.522657105866,44.93333333333334,0.004702821693015835
789,Company_789,Utilities,Asia,2019,1084.7,10.5,981.7,8.0,45.1,56.3,41.3,37.6,699036.8,436898.0,6990367.7,644.4517378076888,402.78233612980546,6444.51710150272,45.06666666666666,0.08027088935365012
789,Company_789,Utilities,Asia,2020,1319.9,11.2,1212.1,21.7,45.3,57.8,40.8,37.3,839781.6,524863.5,8397816.0,636.2463823016894,397.6539889385559,6362.463823016895,45.29999999999999,0.21683414769060572
789,Company_789,Utilities,Asia,2021,1463.0,10.4,1657.6,10.8,45.7,57.0,38.9,41.3,937200.4,585750.2,9372004.0,640.6017771701983,400.3760765550239,6406.017771701982,45.73333333333333,0.10841730434123797
789,Company_789,Utilities,Asia,2022,1483.8,11.7,1611.0,1.4,45.5,57.6,36.1,42.7,945945.0,591215.7,9459450.5,637.515163768702,398.44702790133437,6375.151974659658,45.46666666666667,0.014217361585782573
789,Company_789,Utilities,Asia,2023,1567.7,11.2,2412.4,5.7,45.8,59.5,32.2,45.5,982323.6,613952.3,9823236.1,626.6017732984627,391.62614020539644,6266.017796772341,45.73333333333333,0.056544008626499664
789,Company_789,Utilities,Asia,2024,1668.8,9.9,2260.2,6.5,43.8,55.9,29.4,46.0,1079388.0,674617.5,10793879.7,646.8048897411313,404.25305608820713,6468.048717641419,43.76666666666667,0.06448937934553789
789,Company_789,Utilities,Asia,2025,1933.8,9.2,1637.3,15.9,46.4,58.2,33.5,47.7,1225888.8,766180.5,12258887.8,633.9273968352467,396.2046230220292,6339.273864929156,46.46666666666667,0.15879674017257916
790,Company_790,Finance,Latin America,2015,7927.4,20.8,19090.7,0.8,50.3,76.9,35.1,39.0,104867.5,52433.8,262168.8,13.228486010545703,6.614249312511038,33.071221333602445,50.333333333333336,
790,Company_790,Finance,Latin America,2016,7408.3,20.0,25964.3,-6.5,52.6,79.9,35.0,42.8,94880.8,47440.4,237202.0,12.807364712552138,6.403682356276069,32.018411781380344,52.56666666666666,-0.06548174685268804
790,Company_790,Finance,Latin America,2017,7374.4,23.4,14987.5,-0.5,53.1,80.8,33.9,44.8,93604.6,46802.3,234011.5,12.69318181818182,6.34659090909091,31.732954545454547,53.166666666666664,-0.004575948598193991
790,Company_790,Finance,Latin America,2018,8539.3,21.2,17680.1,15.8,55.5,85.1,36.3,45.2,103223.0,51611.5,258057.5,12.087993161031935,6.043996580515968,30.21998290257984,55.53333333333333,0.1579653937947494
790,Company_790,Finance,Latin America,2019,9044.7,24.9,40894.6,5.9,56.5,86.7,37.8,45.1,107297.7,53648.8,268244.2,11.863046867226108,5.931517905513726,29.657611639965946,56.53333333333333,0.05918517911304222
790,Company_790,Finance,Latin America,2020,9076.6,28.2,40852.0,0.4,57.2,85.4,39.6,46.6,109275.5,54637.7,273188.7,12.039254787034793,6.019621884846749,30.098131458916335,57.199999999999996,0.0035269273718310234
790,Company_790,Finance,Latin America,2021,9082.1,31.6,36524.5,0.1,57.7,87.4,40.2,45.5,106838.8,53419.4,267097.0,11.763666993316523,5.8818334966582615,29.40916748329131,57.70000000000001,0.0006059537712359564
790,Company_790,Finance,Latin America,2022,9189.4,28.2,26160.9,1.2,60.5,88.3,44.5,48.8,107003.2,53501.6,267507.9,11.644198750734542,5.822099375367271,29.110485994733065,60.53333333333334,0.011814448200305971
790,Company_790,Finance,Latin America,2023,8394.4,26.5,38903.8,-8.7,59.6,90.0,39.3,49.5,95749.8,47874.9,239374.4,11.406389974268562,5.703194987134281,28.515963022967693,59.6,-0.08651272117874942
790,Company_790,Finance,Latin America,2024,9172.0,24.5,20409.0,9.3,60.1,90.1,41.3,48.9,104382.1,52191.0,260955.1,11.38051679023114,5.6902529437418226,28.451275621456606,60.099999999999994,0.09263318402744702
790,Company_790,Finance,Latin America,2025,9388.8,29.5,33375.4,2.4,62.2,93.9,40.7,52.0,101947.6,50973.8,254869.1,10.858427062031359,5.429213531015679,27.146078306066805,62.20000000000001,0.023637156563453887
791,Company_791,Retail,Europe,2015,2198.7,8.6,2313.1,-0.45000000000000007,44.4,4.3,42.6,86.4,257285.7,128642.8,514571.4,117.01719197707737,58.50857324782827,234.03438395415475,44.43333333333334,
791,Company_791,Retail,Europe,2016,1996.8,8.2,3553.2,-9.2,44.2,1.8,43.3,87.5,237162.2,118581.1,474324.5,118.77113381410257,59.385566907051285,237.54231770833334,44.199999999999996,-0.09182698867512618
791,Company_791,Retail,Europe,2017,2010.9,9.5,2295.6,0.7,45.7,3.7,45.0,88.4,236046.0,118023.0,472092.1,117.38326122631656,58.69163061315828,234.7665721816102,45.70000000000001,0.007061298076923128
791,Company_791,Retail,Europe,2018,1836.6,6.8,1806.4,-8.7,46.9,4.0,46.2,90.5,215297.3,107648.7,430594.6,117.2260154633562,58.613034955896765,234.4520309267124,46.9,-0.0866776070416232
791,Company_791,Retail,Europe,2019,1684.4,7.8,2116.0,-8.3,50.0,7.0,52.1,91.0,193932.4,96966.2,387864.8,115.13440987888862,57.56720493944431,230.26881975777724,50.03333333333333,-0.08287052161602948
791,Company_791,Retail,Europe,2020,1656.8,9.8,1927.5,-1.6,50.4,9.0,50.9,91.5,188432.6,94216.3,376865.1,113.73285852245293,56.866429261226465,227.46565668759052,50.46666666666667,-0.016385656613631006
791,Company_791,Retail,Europe,2021,1695.8,11.7,3846.7,2.4,49.2,3.6,51.2,92.9,199268.3,99634.1,398536.6,117.50695836773204,58.75344969925699,235.01391673546408,49.23333333333334,0.023539352969579985
791,Company_791,Retail,Europe,2022,1973.8,11.1,3311.2,16.4,49.0,1.9,50.3,94.6,234168.3,117084.1,468336.6,118.6383118857027,59.31913061100416,237.2766237714054,48.93333333333333,0.16393442622950816
791,Company_791,Retail,Europe,2023,2148.6,11.5,5583.6,8.9,47.9,1.1,49.9,92.6,256219.2,128109.6,512438.4,119.24937168388719,59.624685841943595,238.49874336777438,47.86666666666667,0.08856013780524874
791,Company_791,Retail,Europe,2024,1951.8,10.6,3656.2,-9.2,49.1,2.2,51.6,93.4,231243.2,115621.6,462486.4,118.47689312429553,59.238446562147764,236.95378624859106,49.06666666666667,-0.0915945266685283
791,Company_791,Retail,Europe,2025,2005.8,8.6,4274.0,2.8,50.6,5.4,52.8,93.6,233138.3,116569.1,466276.5,116.23207697676737,58.11601356067405,232.46410409811548,50.599999999999994,0.027666769136182046
792,Company_792,Finance,Africa,2015,1301.5,17.9,3610.0,6.65,47.5,72.6,27.2,42.5,18004.8,9002.4,45012.1,13.83388398002305,6.916941990011525,34.58478678447945,47.43333333333334,
792,Company_792,Finance,Africa,2016,1550.1,14.3,3822.1,19.1,47.7,73.2,27.4,42.6,21326.1,10663.1,53315.3,13.757886587962068,6.878975549964519,34.394748725888654,47.73333333333333,0.19101037264694587
792,Company_792,Finance,Africa,2017,1589.6,14.2,2414.0,2.5,49.9,74.8,29.2,45.7,21499.6,10749.8,53749.0,13.525163563160543,6.762581781580272,33.81290890790136,49.9,0.025482226953099874
792,Company_792,Finance,Africa,2018,1730.1,16.1,3332.8,8.8,50.2,74.1,30.4,46.1,23581.8,11790.9,58954.5,13.63031038668285,6.815155193341425,34.07577596670713,50.199999999999996,0.08838701560140927
792,Company_792,Finance,Africa,2019,1792.3,18.4,6212.9,3.6,52.3,75.7,32.5,48.6,24026.1,12013.1,60065.3,13.405177704625341,6.70261674942811,33.51297215867879,52.26666666666667,0.03595167909369401
792,Company_792,Finance,Africa,2020,1820.5,17.0,4526.0,1.6,51.8,75.8,32.3,47.3,24371.9,12185.9,60929.7,13.387475968140622,6.693710519088162,33.468662455369405,51.79999999999999,0.015733973107180832
792,Company_792,Finance,Africa,2021,1733.5,17.8,3990.9,-4.8,52.4,75.1,31.9,50.3,23376.2,11688.1,58440.4,13.484972598788579,6.742486299394289,33.71237381021056,52.43333333333334,-0.04778906893710522
792,Company_792,Finance,Africa,2022,2052.8,19.2,7547.9,18.4,54.6,76.3,35.6,51.8,27335.4,13667.7,68338.5,13.316153546375682,6.658076773187841,33.290383865939205,54.56666666666666,0.18419382751658508
792,Company_792,Finance,Africa,2023,2144.1,19.5,7574.5,4.5,55.3,79.3,34.8,51.9,27647.6,13823.8,69119.1,12.894734387388647,6.4473671936943235,32.23688260808731,55.333333333333336,0.04447583787996878
792,Company_792,Finance,Africa,2024,2385.3,18.5,5020.5,11.2,58.4,84.8,35.8,54.5,28922.5,14461.3,72306.3,12.125309185427408,6.062675554437596,30.313293925292417,58.36666666666667,0.11249475304323497
792,Company_792,Finance,Africa,2025,2691.9,21.6,5236.2,12.9,58.1,84.2,37.1,52.9,32869.4,16434.7,82173.5,12.210483301757124,6.105241650878562,30.526208254392806,58.06666666666667,0.1285372909068041
793,Company_793,Manufacturing,Africa,2015,1671.0,8.9,3264.1,-1.3,35.9,18.3,64.3,25.2,537452.4,716603.1,8957539.2,321.63518850987435,428.84685816876123,5360.585996409335,35.93333333333333,
793,Company_793,Manufacturing,Africa,2016,1737.8,9.1,2193.1,4.0,35.9,16.6,64.4,26.8,565020.1,753360.2,9417002.0,325.13528599378526,433.5137530210611,5418.921625043158,35.93333333333333,0.03997606223818062
793,Company_793,Manufacturing,Africa,2017,1453.2,11.3,3275.6,-16.4,35.6,15.3,65.7,25.6,476327.2,635102.9,7938786.3,327.77814478392514,437.03750344068266,5462.968827415359,35.53333333333333,-0.16377028426746454
793,Company_793,Manufacturing,Africa,2018,1334.4,8.7,1630.5,-8.2,36.5,16.8,68.3,24.4,433329.5,577772.7,7222158.3,324.73733513189444,432.98313848920856,5412.288893884892,36.5,-0.08175061932287364
793,Company_793,Manufacturing,Africa,2019,1398.6,8.7,2199.1,4.8,35.7,15.7,69.2,22.2,457401.5,609868.7,7623358.2,327.04239954239955,436.05655655655653,5450.706563706564,35.7,0.048111510791366774
793,Company_793,Manufacturing,Africa,2020,1433.9,10.8,2290.0,2.5,37.3,20.1,71.2,20.6,455685.2,607580.3,7594753.2,317.79426738266267,423.72571309017366,5296.571030057884,37.300000000000004,0.02523952523952544
793,Company_793,Manufacturing,Africa,2021,1320.1,10.7,2483.7,-7.9,39.1,19.9,73.4,24.0,420174.6,560232.8,7002909.8,318.2899780319673,424.3866373759564,5304.8328156957805,39.1,-0.07936397238301152
793,Company_793,Manufacturing,Africa,2022,1286.0,10.1,2746.9,-2.6,39.1,20.4,72.6,24.4,407887.4,543849.9,6798123.7,317.1752721617419,422.90038880248835,5286.254821150856,39.13333333333333,-0.02583137641087785
793,Company_793,Manufacturing,Africa,2023,1189.1,13.2,2790.9,-7.5,41.3,21.1,74.6,28.2,375484.4,500645.9,6258073.6,315.7719283491717,421.029265831301,5262.865696745438,41.3,-0.07534992223950243
793,Company_793,Manufacturing,Africa,2024,1317.5,12.1,1832.1,10.8,44.4,24.1,78.4,30.8,407752.7,543670.3,6795878.3,309.489715370019,412.65297912713476,5158.161897533207,44.43333333333334,0.10798082583466506
793,Company_793,Manufacturing,Africa,2025,1317.7,15.8,3515.9,0.0,46.1,27.2,80.8,30.3,399149.1,532198.9,6652485.7,302.91348561888134,403.88472338164985,5048.5586248766795,46.1,0.00015180265654657354
794,Company_794,Technology,North America,2015,7828.9,19.3,34185.9,5.550000000000001,69.0,80.5,63.9,62.6,249087.6,149452.5,498175.1,31.816423763236216,19.089846594029815,63.632834753285906,69.0,
794,Company_794,Technology,North America,2016,8278.7,19.7,28142.4,5.7,68.7,79.0,63.1,64.0,267925.1,160755.1,535850.2,32.36318504112964,19.417915856354256,64.72637008225928,68.7,0.05745379299773923
794,Company_794,Technology,North America,2017,8725.8,18.1,52302.4,5.4,69.6,77.4,63.9,67.5,287131.2,172278.7,574262.4,32.90600288798735,19.74359944073896,65.8120057759747,69.60000000000001,0.05400606375397077
794,Company_794,Technology,North America,2018,8579.3,21.9,65104.6,-1.7,71.5,78.8,65.9,69.8,278283.5,166970.1,556566.9,32.436620703320784,19.461972421992474,64.87322975067897,71.5,-0.016789291526278394
794,Company_794,Technology,North America,2019,9638.4,22.9,44131.2,12.3,72.8,82.2,68.6,67.8,301114.7,180668.8,602229.5,31.241149983399737,18.74468791500664,62.48231034196547,72.86666666666667,0.12344829997785367
794,Company_794,Technology,North America,2020,9844.0,26.5,85499.0,2.1,73.6,86.4,67.4,67.1,293008.2,175804.9,586016.3,29.765156440471355,17.85909183258838,59.530302722470545,73.63333333333334,0.02133134130146086
794,Company_794,Technology,North America,2021,9946.3,25.2,39649.0,1.0,74.5,87.5,69.5,66.5,292199.8,175319.9,584399.7,29.37773845550607,17.626645084101625,58.75548696500206,74.5,0.010392117025599168
794,Company_794,Technology,North America,2022,11029.5,24.6,79404.7,10.9,76.7,90.7,72.4,67.1,311622.2,186973.3,623244.5,28.253520105172495,16.952110249784667,56.50704927693912,76.73333333333333,0.10890481887737158
794,Company_794,Technology,North America,2023,12131.9,22.9,90326.3,10.0,78.3,95.8,72.6,66.7,321042.6,192625.6,642085.2,26.462681031000916,15.877611915693338,52.92536206200183,78.36666666666666,0.09995013373226347
794,Company_794,Technology,North America,2024,12593.4,19.0,58993.3,3.8,78.4,96.4,73.2,65.7,330909.3,198545.6,661818.5,26.276406689218163,15.765845601664365,52.55280543776899,78.43333333333334,0.038040208046554946
794,Company_794,Technology,North America,2025,13767.0,15.6,59934.9,9.3,78.8,95.4,74.5,66.4,366537.3,219922.4,733074.6,26.624340814992372,15.974605941744752,53.248681629984745,78.76666666666667,0.09319167182810051
795,Company_795,Technology,Europe,2015,21687.9,9.7,44829.3,6.95,77.6,95.1,63.2,74.4,579612.8,347767.7,1159225.5,26.72516933405263,16.03510252260477,53.45033405723929,77.56666666666668,
795,Company_795,Technology,Europe,2016,25754.1,9.3,80883.4,18.7,76.7,93.7,65.1,71.4,701052.4,420631.4,1402104.7,27.221001704582964,16.332599469599018,54.44199952628902,76.73333333333333,0.18748703193946836
795,Company_795,Technology,Europe,2017,31495.5,11.4,98737.0,22.3,77.0,93.2,64.2,73.6,862761.8,517657.1,1725523.6,27.393176803035356,16.435906716832562,54.78635360607071,77.0,0.2229314944028331
795,Company_795,Technology,Europe,2018,34817.2,12.2,114763.4,10.5,77.0,94.3,63.3,73.5,940035.0,564021.0,1880069.9,26.99915558976598,16.199493353859587,53.99830830738831,77.03333333333333,0.10546586020225113
795,Company_795,Technology,Europe,2019,37476.1,10.6,105530.7,7.6,78.3,97.9,65.2,71.8,964907.8,578944.7,1929815.7,25.747284269174223,15.448371095177993,51.49457120671575,78.30000000000001,0.07636742759325865
795,Company_795,Technology,Europe,2020,39210.6,9.0,94036.8,4.6,78.9,99.5,64.4,72.8,986656.0,591993.6,1973312.0,25.16299164001571,15.097794984009425,50.32598328003142,78.89999999999999,0.04628283092424246
795,Company_795,Technology,Europe,2021,40670.0,12.1,97698.4,3.7,77.4,96.5,63.2,72.4,1066009.2,639605.5,2132018.4,26.21119252520285,15.726715023358741,52.4223850504057,77.36666666666666,0.03721952737270029
795,Company_795,Technology,Europe,2022,43312.5,6.7,55262.9,6.5,76.4,94.9,60.1,74.2,1159614.7,695768.8,2319229.5,26.773210966810964,16.06392611832612,53.546424242424244,76.39999999999999,0.06497418244406195
795,Company_795,Technology,Europe,2023,45161.5,10.4,95297.8,4.3,79.1,98.8,59.9,78.6,1148495.9,689097.5,2296991.8,25.430862570995203,15.25851665688695,50.861725141990405,79.1,0.042689754689754666
795,Company_795,Technology,Europe,2024,44840.3,11.2,174621.1,-0.7,80.2,98.0,62.1,80.6,1152348.9,691409.3,2304697.8,25.698956072996832,15.41937275174341,51.397912145993665,80.23333333333333,-0.007112252693112442
795,Company_795,Technology,Europe,2025,48165.3,9.3,70102.2,7.4,78.5,98.6,59.2,77.8,1228201.5,736920.9,2456403.0,25.49971660095546,15.299829960573275,50.99943320191092,78.53333333333335,0.07415204626195626
796,Company_796,Healthcare,Europe,2015,6464.5,17.0,16255.9,7.3,74.7,68.0,71.3,84.8,468242.1,468242.1,936484.1,72.43284090030164,72.43284090030164,144.8656663315028,74.7,
796,Company_796,Healthcare,Europe,2016,7164.7,17.5,28371.7,10.8,73.9,68.9,67.9,84.9,514165.3,514165.3,1028330.6,71.76368864013845,71.76368864013845,143.5273772802769,73.9,0.10831464150359649
796,Company_796,Healthcare,Europe,2017,7704.5,15.5,18415.5,7.5,74.3,69.3,70.8,82.8,550752.6,550752.6,1101505.2,71.48453501200596,71.48453501200596,142.96907002401193,74.3,0.07534160537077628
796,Company_796,Healthcare,Europe,2018,8255.2,15.2,28316.7,7.1,75.0,71.6,70.6,82.8,576967.8,576967.8,1153935.7,69.89143812384921,69.89143812384921,139.7828883612753,75.0,0.0714777078330846
796,Company_796,Healthcare,Europe,2019,9528.5,19.2,30402.8,15.4,73.9,71.5,67.7,82.4,666518.5,666518.5,1333037.0,69.94999212887653,69.94999212887653,139.89998425775306,73.86666666666666,0.15424217462932455
796,Company_796,Healthcare,Europe,2020,9885.0,16.3,35163.6,3.7,75.1,72.4,69.8,83.0,685105.5,685105.5,1370211.0,69.30758725341427,69.30758725341427,138.61517450682854,75.06666666666666,0.03741407356876736
796,Company_796,Healthcare,Europe,2021,9607.5,17.8,26135.6,-2.8,74.6,71.4,69.2,83.4,673046.6,673046.6,1346093.2,70.0542909185532,70.0542909185532,140.1085818371064,74.66666666666667,-0.028072837632776904
796,Company_796,Healthcare,Europe,2022,9669.3,16.7,21373.5,0.6,74.1,71.8,66.4,84.1,674007.0,674007.0,1348014.0,69.705873227638,69.705873227638,139.411746455276,74.1,0.006432474629195939
796,Company_796,Healthcare,Europe,2023,10813.2,13.3,29297.0,11.8,74.1,72.5,63.6,86.2,748788.6,748788.6,1497577.3,69.24764177116856,69.24764177116856,138.49529279029335,74.10000000000001,0.11830225559244223
796,Company_796,Healthcare,Europe,2024,12393.4,12.8,33160.8,14.6,73.7,72.3,63.2,85.6,859925.4,859925.4,1719850.7,69.38575370761858,69.38575370761858,138.7714993464263,73.7,0.14613620389893822
796,Company_796,Healthcare,Europe,2025,12278.1,15.0,27298.0,-0.9,76.2,76.6,64.0,88.1,814958.0,814958.0,1629915.9,66.37492771682915,66.37492771682915,132.74984728907566,76.23333333333333,-0.009303338873916656
797,Company_797,Manufacturing,North America,2015,1494.9,9.4,2724.2,-1.85,58.7,46.4,50.8,78.7,392458.2,523277.7,6540970.7,262.5314067830624,350.0419426048565,4375.5239146431195,58.633333333333326,
797,Company_797,Manufacturing,North America,2016,1684.2,11.5,2046.2,12.7,60.2,48.2,50.5,82.0,435871.2,581161.7,7264520.8,258.8001425008906,345.0669160432252,4313.336183351145,60.23333333333333,0.1266305438490869
797,Company_797,Manufacturing,North America,2017,1629.9,12.6,1820.1,-3.2,62.0,50.1,52.4,83.5,415273.8,553698.4,6921229.7,254.7848334253635,339.71311123381804,4246.413706362353,62.0,-0.032240826505165576
797,Company_797,Manufacturing,North America,2018,1389.2,13.4,3183.8,-14.8,60.2,46.6,51.9,82.1,364289.3,485719.1,6071488.6,262.2295565793262,349.63943276706016,4370.492801612439,60.199999999999996,-0.14767777164243212
797,Company_797,Manufacturing,North America,2019,1382.1,17.9,4033.9,-0.5,62.5,52.9,51.3,83.3,343882.9,458510.5,5731381.3,248.81188047174592,331.7491498444396,4146.8644092323275,62.5,-0.005110855168442341
797,Company_797,Manufacturing,North America,2020,1439.4,16.3,3000.6,4.1,64.3,55.8,50.8,86.3,349657.3,466209.7,5827621.2,242.91878560511321,323.89169098235374,4048.646102542726,64.3,0.04145864988061665
797,Company_797,Manufacturing,North America,2021,1329.9,12.1,2030.6,-7.6,65.3,57.3,51.0,87.7,318781.6,425042.2,5313027.4,239.7034363485976,319.60463192721255,3995.0578238965336,65.33333333333333,-0.07607336390162567
797,Company_797,Manufacturing,North America,2022,1407.1,13.0,1642.2,5.8,68.5,60.7,53.0,91.9,327225.1,436300.1,5453751.7,232.55283917276668,310.0704285409708,3875.88067656883,68.53333333333335,0.058049477404315875
797,Company_797,Manufacturing,North America,2023,1267.1,11.8,2668.3,-9.9,68.1,59.9,51.5,93.0,296835.5,395780.6,4947257.7,234.26367295398944,312.35151132507303,3904.3940494041517,68.13333333333334,-0.09949541610404378
797,Company_797,Manufacturing,North America,2024,1338.3,11.0,1723.5,5.6,70.4,63.8,52.7,94.9,302588.1,403450.8,5043134.4,226.0988567585743,301.46514234476575,3768.3138309796013,70.46666666666667,0.05619130297529806
797,Company_797,Manufacturing,North America,2025,1185.3,14.9,2593.5,-11.4,71.8,64.2,55.5,95.8,266988.1,355984.1,4449800.9,225.2493883405045,300.3324896650637,3754.155825529402,71.83333333333333,-0.11432414256893075
798,Company_798,Transportation,Oceania,2015,138.9,13.9,183.6,4.75,54.9,25.0,65.4,74.3,85376.5,14229.4,284588.3,614.6616270698344,102.44348452123829,2048.8718502519796,54.9,
798,Company_798,Transportation,Oceania,2016,140.6,13.5,362.6,1.3,55.1,26.7,63.9,74.7,85515.2,14252.5,285050.5,608.2162162162163,101.36913229018492,2027.3862019914652,55.1,0.01223902087832962
798,Company_798,Transportation,Oceania,2017,138.8,11.0,209.8,-1.3,56.3,29.1,64.1,75.9,82979.1,13829.8,276596.9,597.8321325648415,99.63832853025936,1992.7730547550432,56.36666666666667,-0.012802275960170584
798,Company_798,Transportation,Oceania,2018,149.3,8.2,186.3,7.6,56.5,31.3,64.2,74.0,87905.2,14650.9,293017.4,588.7823174815807,98.13060951105156,1962.6081714668453,56.5,0.07564841498559072
798,Company_798,Transportation,Oceania,2019,176.0,7.2,229.3,17.9,55.9,31.8,64.6,71.2,103210.4,17201.7,344034.7,586.4227272727272,97.73693181818182,1954.7426136363638,55.86666666666667,0.17883456128600117
798,Company_798,Transportation,Oceania,2020,182.0,7.3,128.2,3.4,54.8,31.8,66.1,66.5,106702.0,17783.7,355673.4,586.2747252747253,97.71263736263737,1954.2494505494508,54.79999999999999,0.03409090909090917
798,Company_798,Transportation,Oceania,2021,180.3,5.8,85.7,-0.9,55.0,30.2,67.3,67.5,106954.1,17825.7,356513.8,593.2007764836384,98.86688851913478,1977.3366611203548,55.0,-0.009340659340659307
798,Company_798,Transportation,Oceania,2022,199.9,6.4,135.0,10.9,57.9,37.0,70.0,66.6,112847.5,18807.9,376158.3,564.5197598799399,94.08654327163582,1881.7323661830915,57.86666666666667,0.10870770937326668
798,Company_798,Transportation,Oceania,2023,212.0,5.4,131.7,6.1,56.7,38.2,66.8,65.3,118671.4,19778.6,395571.4,559.7707547169811,93.29528301886792,1865.9028301886794,56.76666666666667,0.06053026513256632
798,Company_798,Transportation,Oceania,2024,216.6,2.0,59.0,2.1,57.8,40.1,68.4,65.0,119489.4,19914.9,398298.0,551.6592797783933,91.9432132963989,1838.8642659279778,57.833333333333336,0.02169811320754711
798,Company_798,Transportation,Oceania,2025,237.4,1.2,35.0,9.6,59.2,41.7,66.3,69.7,129377.2,21562.9,431257.2,544.9755686604886,90.82940185341197,1816.5846672283067,59.23333333333333,0.09602954755309323
799,Company_799,Consumer Goods,Oceania,2015,2372.0,5.6,3159.4,5.55,72.5,49.4,88.1,79.9,405396.9,506746.1,2026984.4,170.9093170320405,213.63663575042156,854.5465430016862,72.46666666666667,
799,Company_799,Consumer Goods,Oceania,2016,2731.5,8.7,4328.9,15.2,73.4,51.7,89.8,78.9,457928.2,572410.2,2289640.9,167.64715357861982,209.5589236683141,838.2357312831778,73.46666666666667,0.15155986509274877
799,Company_799,Consumer Goods,Oceania,2017,2815.7,7.4,5015.8,3.1,72.4,50.9,89.1,77.1,475081.3,593851.6,2375406.3,168.7258230635366,210.90726995063395,843.6290442873885,72.36666666666666,0.030825553725059462
799,Company_799,Consumer Goods,Oceania,2018,2941.8,6.0,3128.9,4.5,74.0,53.8,90.0,78.0,484418.4,605523.0,2422091.9,164.66734652253723,205.83418315317152,823.3366986198924,73.93333333333334,0.04478460063216971
799,Company_799,Consumer Goods,Oceania,2019,3341.5,7.8,3779.6,13.6,74.9,56.0,90.5,78.2,539869.1,674836.4,2699345.5,161.56489600478827,201.95612748765524,807.8244800239413,74.89999999999999,0.13586919573050515
799,Company_799,Consumer Goods,Oceania,2020,3742.4,6.8,5689.7,12.0,73.0,57.3,88.3,73.4,597924.3,747405.4,2989621.7,159.7702811030355,199.7128580589996,798.8514589568192,73.0,0.11997605865629213
799,Company_799,Consumer Goods,Oceania,2021,3988.1,3.1,2242.3,6.6,73.7,58.9,88.0,74.3,628048.3,785060.4,3140241.6,157.48057972468095,196.8507309245004,787.4029236980016,73.73333333333333,0.0656530568619067
799,Company_799,Consumer Goods,Oceania,2022,4118.6,-1.3,2818.9,3.3,75.0,62.1,88.8,74.2,630464.4,788080.6,3152322.2,153.077356383237,191.34671975914142,765.3868304763754,75.03333333333335,0.032722348988240224
799,Company_799,Consumer Goods,Oceania,2023,4551.2,1.7,1065.8,10.5,74.7,63.7,84.8,75.7,686317.3,857896.6,3431586.5,150.79919581648798,188.49898927755316,753.9959790824398,74.73333333333333,0.10503569173991156
799,Company_799,Consumer Goods,Oceania,2024,4607.8,1.2,912.7,1.2,74.0,63.7,83.6,74.6,694789.7,868487.1,3473948.3,150.7855592690655,188.48194366074915,753.9277529406658,73.96666666666667,0.012436280541395783
799,Company_799,Consumer Goods,Oceania,2025,4349.1,1.7,1788.0,-5.6,76.2,66.1,86.7,75.9,641173.9,801467.3,3205869.3,147.42680094732242,184.2834839392058,737.1339587500861,76.23333333333333,-0.05614392985806671
800,Company_800,Transportation,Asia,2015,1446.9,11.0,2062.7,8.95,40.7,6.0,69.8,46.4,1005269.3,167544.9,3350897.6,694.7745524915337,115.79577026746837,2315.9151288962607,40.73333333333333,
800,Company_800,Transportation,Asia,2016,1542.4,12.3,2899.7,6.6,39.1,4.7,69.9,42.6,1079947.2,179991.2,3599824.0,700.1732365145227,116.69553941908714,2333.910788381743,39.06666666666667,0.06600317921072629
800,Company_800,Transportation,Asia,2017,1732.8,9.5,2139.9,12.3,40.8,9.5,70.4,42.5,1178524.9,196420.8,3928416.3,680.1274815327793,113.35457063711911,2267.091585872576,40.800000000000004,0.12344398340248963
800,Company_800,Transportation,Asia,2018,1808.7,10.0,2510.0,4.4,41.1,12.2,67.7,43.3,1209590.3,201598.4,4031967.5,668.7622601868745,111.46038591253385,2229.207441809034,41.06666666666667,0.04380193905817187
800,Company_800,Transportation,Asia,2019,2012.9,8.9,3108.2,11.3,40.7,10.4,66.9,44.8,1361399.5,226899.9,4537998.4,676.3373739380992,112.72288737642207,2254.4579462467086,40.7,0.11289876707027147
800,Company_800,Transportation,Asia,2020,2372.3,10.1,4003.1,17.9,41.7,10.8,67.1,47.1,1600478.2,266746.4,5334927.2,674.6525312987395,112.4421026008515,2248.8417147915525,41.666666666666664,0.17854836305827426
800,Company_800,Transportation,Asia,2021,2826.2,14.0,5922.5,19.1,42.1,8.5,67.3,50.5,1934564.5,322427.4,6448548.3,684.5108272592174,114.08513197933623,2281.7027457363247,42.1,0.19133330523121006
800,Company_800,Transportation,Asia,2022,3180.9,16.0,8814.1,12.6,41.5,8.0,66.6,50.0,2183473.2,363912.2,7278244.0,686.4325190983684,114.40541984972806,2288.108396994561,41.53333333333333,0.12550421060080685
800,Company_800,Transportation,Asia,2023,3238.6,15.6,8457.8,1.8,44.3,10.7,67.9,54.3,2185796.6,364299.4,7285988.7,674.9202124374731,112.48669178039894,2249.7340517507564,44.300000000000004,0.01813952026156107
800,Company_800,Transportation,Asia,2024,3190.3,15.7,8209.9,-1.5,45.8,12.9,68.1,56.5,2124664.8,354110.8,7082216.2,665.9764912390683,110.99608187317806,2219.9217001535903,45.833333333333336,-0.01491385166429926
800,Company_800,Transportation,Asia,2025,3081.5,15.1,8802.6,-3.4,44.9,11.7,69.6,53.2,2067061.3,344510.2,6890204.4,670.7971117962031,111.79951322407919,2235.990394288496,44.833333333333336,-0.034103375858069884
801,Company_801,Finance,Africa,2015,5437.8,16.0,12825.8,9.5,52.4,97.1,12.7,47.3,56605.3,28302.6,141513.2,10.40959579241605,5.2047887013130305,26.023980286145132,52.36666666666667,
801,Company_801,Finance,Africa,2016,5816.6,16.7,15637.5,7.0,53.1,99.8,14.2,45.2,58320.6,29160.3,145801.6,10.026579101193136,5.013289550596568,25.066464945156962,53.06666666666666,0.06966052447681048
801,Company_801,Finance,Africa,2017,5421.9,17.9,13655.2,-6.8,52.8,97.2,12.9,48.2,56307.5,28153.7,140768.7,10.385197071137425,5.192589313709217,25.96298345598407,52.76666666666667,-0.06785751126087414
801,Company_801,Finance,Africa,2018,6723.1,17.1,22541.0,24.0,52.3,98.4,13.9,44.7,68779.2,34389.6,171948.1,10.230280674093795,5.115140337046897,25.57571655932531,52.333333333333336,0.23998967151736483
801,Company_801,Finance,Africa,2019,7699.8,16.7,25726.2,14.5,52.3,99.6,13.9,43.3,77402.8,38701.4,193506.9,10.052572794098548,5.026286397049274,25.13141899789605,52.26666666666667,0.14527524505064626
801,Company_801,Finance,Africa,2020,8098.8,14.0,20609.0,5.2,52.7,98.9,13.6,45.5,82232.6,41116.3,205581.4,10.153677087963649,5.076838543981824,25.38418037240085,52.666666666666664,0.051819527779942254
801,Company_801,Finance,Africa,2021,9317.9,11.3,11040.3,15.1,51.8,97.6,14.0,43.8,96306.0,48153.0,240765.0,10.335590637375375,5.167795318687688,25.838976593438435,51.79999999999999,0.15052847335407704
801,Company_801,Finance,Africa,2022,9319.2,9.1,15999.5,0.0,51.3,100.0,11.3,42.7,93191.7,46595.9,232979.3,9.999967808395569,4.99998926946519,24.999924886256327,51.333333333333336,0.0001395164146429373
801,Company_801,Finance,Africa,2023,9151.5,7.5,8646.2,-1.8,50.7,100.0,10.4,41.6,91515.2,45757.6,228788.1,10.000021854340819,5.000010927170409,25.000065563022456,50.666666666666664,-0.01799510687612682
801,Company_801,Finance,Africa,2024,10700.3,7.0,9139.6,16.9,50.6,100.0,8.3,43.6,107003.1,53501.6,267507.8,10.00000934553237,5.000009345532368,25.000028036597104,50.63333333333333,0.16924001529803845
801,Company_801,Finance,Africa,2025,11988.7,6.8,11955.7,12.0,50.5,96.2,10.5,44.8,126348.1,63174.0,315870.2,10.538932494765904,5.269462076788976,26.347327066320783,50.5,0.1204078390325507
802,Company_802,Consumer Goods,Oceania,2015,1231.0,11.2,1906.2,14.7,71.1,31.9,83.9,97.5,240515.5,300644.4,1202577.7,195.38220958570267,244.2277822908205,976.9112103980503,71.10000000000001,
802,Company_802,Consumer Goods,Oceania,2016,1452.2,14.0,3252.7,18.0,72.3,32.2,84.8,99.9,283041.6,353802.0,1415208.1,194.90538493320477,243.63173116650597,974.5269935270625,72.3,0.1796913078797726
802,Company_802,Consumer Goods,Oceania,2017,1636.5,10.6,3072.7,12.7,72.4,33.4,84.5,99.1,316130.9,395163.7,1580654.7,193.1750076382524,241.4688053773297,965.8751604032997,72.33333333333333,0.12691089381627862
802,Company_802,Consumer Goods,Oceania,2018,1935.3,8.9,2213.3,18.3,72.1,35.1,82.8,98.5,369270.6,461588.3,1846353.2,190.8079367539916,238.50994677827728,954.0397871131091,72.13333333333334,0.18258478460128313
802,Company_802,Consumer Goods,Oceania,2019,2096.4,9.5,4748.6,8.3,73.5,37.5,83.8,99.1,393098.8,491373.5,1965494.1,187.51135279526807,234.38919099408508,937.5568116771608,73.46666666666665,0.08324290807626733
802,Company_802,Consumer Goods,Oceania,2020,2515.1,7.0,3337.2,20.0,73.5,38.6,81.9,100.0,467830.0,584787.5,2339150.2,186.00850860800765,232.51063576000956,930.0426225597392,73.5,0.1997233352413661
802,Company_802,Consumer Goods,Oceania,2021,2303.4,8.0,4553.1,-8.4,73.0,40.5,78.5,100.0,422101.3,527626.6,2110506.4,183.25141095771468,229.06425284362246,916.2570113744898,73.0,-0.08417160351477071
802,Company_802,Consumer Goods,Oceania,2022,2300.3,5.4,1862.6,-0.1,72.9,40.1,78.6,100.0,422834.2,528542.8,2114171.2,183.81698039386166,229.77124722862234,919.0849889144894,72.89999999999999,-0.0013458365893895818
802,Company_802,Consumer Goods,Oceania,2023,2745.0,3.8,1186.9,19.3,73.0,41.0,78.0,100.0,501318.6,626648.3,2506593.1,182.62972677595627,228.28717668488162,913.148670309654,73.0,0.1933226100943355
802,Company_802,Consumer Goods,Oceania,2024,3204.6,5.1,2736.2,16.7,75.2,44.4,81.2,100.0,570020.0,712525.0,2850100.0,177.8755538912813,222.3444423641016,889.3777694564064,75.2,0.16743169398907098
802,Company_802,Consumer Goods,Oceania,2025,3595.3,5.9,3647.7,12.2,74.8,48.6,77.2,98.8,618401.8,773002.3,3092009.1,172.00283703724307,215.00356020359914,860.014213000306,74.86666666666667,0.12191849216750938
803,Company_803,Consumer Goods,Africa,2015,1245.2,9.4,2759.3,3.8499999999999996,24.8,41.1,15.7,17.6,227246.9,284058.7,1136234.6,182.4983135239319,228.12295213620303,912.4916479280437,24.8,
803,Company_803,Consumer Goods,Africa,2016,1278.1,7.9,1809.2,2.6,25.8,43.0,18.4,15.9,229715.4,287144.3,1148577.1,179.73194585713168,224.6649714419842,898.6598075267977,25.766666666666666,0.026421458400256892
803,Company_803,Consumer Goods,Africa,2017,1592.2,9.3,1648.7,24.6,25.8,44.4,16.7,16.4,283229.3,354036.6,1416146.4,177.88550433362641,222.35686471548797,889.4274588619519,25.833333333333332,0.24575541819888902
803,Company_803,Consumer Goods,Africa,2018,1487.0,11.3,2034.4,-6.6,27.2,46.5,15.6,19.5,259983.0,324978.7,1299914.9,174.83725622057835,218.54653665097513,874.186213853396,27.2,-0.06607210149478715
803,Company_803,Consumer Goods,Africa,2019,1452.0,12.1,3122.1,-2.4,29.0,47.2,18.7,21.0,252579.1,315723.9,1262895.5,173.9525482093664,217.44070247933885,869.7627410468319,28.96666666666667,-0.02353732347007398
803,Company_803,Consumer Goods,Africa,2020,1409.6,11.1,3034.6,-2.9,28.7,47.4,19.0,19.5,244728.6,305910.8,1223643.1,173.61563564131671,217.0195800227015,868.0782491486948,28.633333333333336,-0.029201101928374773
803,Company_803,Consumer Goods,Africa,2021,1481.5,15.6,4742.5,5.1,28.6,49.1,20.0,16.6,253787.6,317234.5,1268937.8,171.30448869389133,214.13061086736417,856.5223084711441,28.566666666666663,0.05100737797956878
803,Company_803,Consumer Goods,Africa,2022,1616.8,10.8,2334.7,9.1,29.1,50.5,19.7,17.2,273755.7,342194.7,1368778.7,169.31945818901536,211.64936912419594,846.5974146462147,29.133333333333336,0.09132635842051973
803,Company_803,Consumer Goods,Africa,2023,1868.1,11.6,5399.2,15.5,29.2,51.2,19.9,16.5,314508.1,393135.1,1572540.5,168.35720785825168,210.4464964402334,841.7860392912586,29.2,0.1554304799604156
803,Company_803,Consumer Goods,Africa,2024,1976.7,13.3,6367.0,5.8,27.0,51.7,18.4,10.9,331344.7,414180.9,1656723.4,167.62518338645216,209.53149188040675,838.1258663428947,27.0,0.05813393287297264
803,Company_803,Consumer Goods,Africa,2025,1873.5,16.8,4676.4,-5.2,28.4,53.9,21.9,9.5,308266.4,385333.0,1541332.0,164.54037896984255,205.6754737123032,822.7018948492127,28.433333333333334,-0.05220822583093032
804,Company_804,Energy,Europe,2015,3830.0,33.8,20571.0,8.7,67.5,34.9,70.3,97.4,3660383.0,1098114.9,36603830.4,955.7135770234987,286.71407310704956,9557.13587467363,67.53333333333333,
804,Company_804,Energy,Europe,2016,4387.9,30.3,26472.4,14.6,67.2,36.1,71.4,94.1,4157494.9,1247248.5,41574949.1,947.4908042571618,284.24724811413205,9474.908065361564,67.2,0.1456657963446475
804,Company_804,Energy,Europe,2017,4839.4,28.3,12717.8,10.3,67.0,38.8,69.8,92.3,4491789.1,1347536.7,44917890.7,928.170661652271,278.4511922965657,9281.706554531555,66.96666666666665,0.10289660201918904
804,Company_804,Energy,Europe,2018,4955.7,31.0,18118.3,2.4,67.7,38.9,73.7,90.4,4597464.9,1379239.5,45974649.2,927.7125128639749,278.31375991282766,9277.125168997318,67.66666666666667,0.024031904781584457
804,Company_804,Energy,Europe,2019,5255.5,34.9,17732.4,6.1,68.4,39.4,75.9,90.0,4855311.5,1456593.5,48553115.3,923.8533916849016,277.1560270193131,9238.53397393207,68.43333333333334,0.060495994511370776
804,Company_804,Energy,Europe,2020,6287.7,32.5,18872.4,19.6,69.9,42.4,77.5,89.9,5680419.3,1704125.8,56804193.0,903.4176725988835,271.02530337007175,9034.176725988835,69.93333333333334,0.19640376748168586
804,Company_804,Energy,Europe,2021,7336.3,33.3,43496.5,16.7,70.3,45.1,76.7,89.1,6486899.4,1946069.8,64868993.7,884.2194839360441,265.26584245464335,8842.194798467892,70.3,0.16677004310002075
804,Company_804,Energy,Europe,2022,8257.8,39.6,52704.0,12.6,69.6,45.0,74.4,89.3,7306273.9,2191882.2,73062739.1,884.7724454455183,265.4317372665844,8847.724466564945,69.56666666666666,0.12560827665171814
804,Company_804,Energy,Europe,2023,8842.2,36.6,52945.3,7.1,71.3,45.1,77.8,91.0,7819603.2,2345881.0,78196032.4,884.3504105313157,265.3051276831558,8843.504150550767,71.3,0.07076945433408421
804,Company_804,Energy,Europe,2024,8834.1,39.9,49350.7,-0.1,71.8,45.0,76.9,93.5,7818770.4,2345631.1,78187704.2,885.0670017319252,265.5200982556231,8850.670039958795,71.8,-0.0009160616136255628
804,Company_804,Energy,Europe,2025,8288.1,40.6,32584.8,-6.2,74.3,45.7,79.0,98.1,7295292.4,2188587.7,72952923.5,880.2128835318107,264.06386264644493,8802.12877499065,74.26666666666667,-0.06180595646415599
805,Company_805,Healthcare,Middle East,2015,812.9,10.1,1862.6,-0.5,53.8,83.1,39.0,39.3,50266.2,50266.2,100532.4,61.83565014146881,61.83565014146881,123.67130028293762,53.79999999999999,
805,Company_805,Healthcare,Middle East,2016,812.2,7.3,1125.2,-0.1,53.6,82.5,40.0,38.4,50570.3,50570.3,101140.5,62.26335877862596,62.26335877862596,124.52659443486826,53.63333333333333,-0.0008611145282321209
805,Company_805,Healthcare,Middle East,2017,804.8,2.6,498.3,-0.9,53.2,81.0,40.1,38.3,50917.6,50917.6,101835.2,63.267395626242546,63.267395626242546,126.53479125248509,53.133333333333326,-0.00911105639005183
805,Company_805,Healthcare,Middle East,2018,774.6,-0.4,3440.7,-3.7,54.6,83.6,41.8,38.5,47635.6,47635.6,95271.2,61.49703072553576,61.49703072553576,122.99406145107152,54.633333333333326,-0.03752485089463209
805,Company_805,Healthcare,Middle East,2019,907.4,-0.5,3920.5,17.1,55.1,86.9,42.5,36.0,53663.9,53663.9,107327.8,59.140290941150546,59.140290941150546,118.28058188230109,55.13333333333333,0.17144332558739994
805,Company_805,Healthcare,Middle East,2020,856.5,-2.1,3191.9,-5.6,56.0,89.4,43.4,35.2,49163.7,49163.7,98327.4,57.40070052539404,57.40070052539404,114.80140105078809,56.0,-0.05609433546396292
805,Company_805,Healthcare,Middle East,2021,887.8,-0.4,2105.8,3.7,56.3,94.0,44.5,30.3,48145.4,48145.4,96290.7,54.2300067582789,54.2300067582789,108.45990087857626,56.26666666666667,0.0365440747227086
805,Company_805,Healthcare,Middle East,2022,929.2,4.1,541.4,4.7,56.0,95.5,41.7,30.8,49382.7,49382.7,98765.5,53.1453938872148,53.1453938872148,106.29089539388721,56.0,0.04663212435233177
805,Company_805,Healthcare,Middle East,2023,827.7,2.7,352.4,-10.9,59.3,100.0,43.6,34.1,41394.6,41394.6,82789.1,50.011598405219274,50.011598405219274,100.02307599371753,59.23333333333333,-0.10923374946190267
805,Company_805,Healthcare,Middle East,2024,782.0,3.2,507.7,-5.5,60.5,99.0,44.6,37.9,39663.8,39663.8,79327.6,50.72097186700768,50.72097186700768,101.44194373401535,60.5,-0.05521324151262541
805,Company_805,Healthcare,Middle East,2025,822.8,2.9,261.7,5.2,60.5,100.0,43.7,37.8,41140.6,41140.6,82281.1,50.000729217306755,50.000729217306755,100.00133689839573,60.5,0.05217391304347818
806,Company_806,Finance,North America,2015,682.4,10.0,758.4,1.6,82.8,99.6,61.4,87.5,6865.0,3432.5,17162.5,10.060082063305979,5.030041031652989,25.15020515826495,82.83333333333333,
806,Company_806,Finance,North America,2016,691.7,11.0,1303.3,1.4,82.9,99.6,61.4,87.7,6952.9,3476.4,17382.2,10.051901113199362,5.025878270926702,25.12968049732543,82.89999999999999,0.013628370457209993
806,Company_806,Finance,North America,2017,705.8,9.3,1078.4,2.0,82.0,99.4,61.4,85.1,7114.2,3557.1,17785.5,10.079625956361577,5.039812978180788,25.19906489090394,81.96666666666667,0.020384559780251443
806,Company_806,Finance,North America,2018,718.4,10.4,1142.8,1.8,80.7,99.2,61.1,81.8,7267.5,3633.7,18168.7,10.116230512249443,5.05804565701559,25.29050668151448,80.7,0.017852082742986664
806,Company_806,Finance,North America,2019,746.9,7.5,954.9,4.0,78.7,96.3,59.2,80.6,7857.3,3928.7,19643.3,10.519882179675994,5.260008033203909,26.299772392555898,78.7,0.03967149220489974
806,Company_806,Finance,North America,2020,712.0,4.7,303.3,-4.7,79.1,95.2,62.0,80.1,7598.2,3799.1,18995.6,10.671629213483145,5.335814606741573,26.679213483146064,79.1,-0.04672646940688174
806,Company_806,Finance,North America,2021,747.6,8.1,811.5,5.0,80.8,98.0,66.0,78.4,7683.9,3842.0,19209.8,10.278089887640448,5.139111824505083,25.69529159978598,80.8,0.050000000000000044
806,Company_806,Finance,North America,2022,708.3,9.8,715.2,-5.2,80.3,100.0,63.5,77.5,7088.0,3544.0,17720.0,10.007059155724976,5.003529577862488,25.01764788931244,80.33333333333333,-0.052568218298555514
806,Company_806,Finance,North America,2023,671.6,9.0,528.8,-5.2,80.6,100.0,66.8,75.0,6716.0,3358.0,16790.0,10.0,5.0,25.0,80.60000000000001,-0.05181420302131856
806,Company_806,Finance,North America,2024,684.1,4.7,454.0,1.9,82.0,100.0,68.8,77.2,6841.2,3420.6,17102.9,10.000292354918871,5.000146177459436,25.000584709837746,82.0,0.018612269207861853
806,Company_806,Finance,North America,2025,640.4,5.6,330.3,-6.4,80.4,98.7,65.8,76.6,6516.3,3258.2,16290.9,10.17535915053092,5.087757651467832,25.438632104934417,80.36666666666666,-0.06387954977342503
807,Company_807,Transportation,Asia,2015,1083.3,7.1,964.8,2.0,57.2,14.8,79.3,77.4,712431.8,118738.6,2374772.7,657.6495892181299,109.60823409951077,2192.1653281639437,57.166666666666664,
807,Company_807,Transportation,Asia,2016,1024.5,3.4,429.5,-5.4,59.2,17.0,80.7,79.8,664668.2,110778.0,2215560.7,648.7732552464616,108.12884333821377,2162.577550024402,59.166666666666664,-0.05427859318748263
807,Company_807,Transportation,Asia,2017,1055.0,7.2,958.7,3.0,59.4,16.1,81.7,80.3,688253.4,114708.9,2294178.0,652.3728909952607,108.72881516587677,2174.5763033175353,59.366666666666674,0.029770619814543764
807,Company_807,Transportation,Asia,2018,1087.0,9.1,1337.6,3.0,60.8,20.2,82.2,80.1,690208.0,115034.7,2300693.3,634.9659613615455,105.8276908923643,2116.553173873045,60.833333333333336,0.03033175355450246
807,Company_807,Transportation,Asia,2019,1071.1,9.3,1324.9,-1.5,62.0,20.9,83.9,81.2,677055.1,112842.5,2256850.3,632.1119409952386,105.3519746055457,2107.039772196807,62.0,-0.014627414903403912
807,Company_807,Transportation,Asia,2020,1027.0,7.6,1234.2,-4.1,64.8,23.0,86.8,84.6,640260.3,106710.0,2134200.9,623.4277507302825,103.904576436222,2078.092405063291,64.8,-0.041172626272056645
807,Company_807,Transportation,Asia,2021,979.9,7.5,1096.6,-4.6,64.5,21.8,87.7,84.0,615744.9,102624.1,2052482.9,628.3752423716707,104.72915603633025,2094.5840391876723,64.5,-0.045861733203505395
807,Company_807,Transportation,Asia,2022,1033.3,11.1,1047.9,5.5,63.6,21.3,86.0,83.5,651494.3,108582.4,2171647.6,630.4986935062423,105.08313171392625,2101.6622471692635,63.6,0.05449535666904781
807,Company_807,Transportation,Asia,2023,1090.9,8.7,1204.7,5.6,61.9,22.6,83.7,79.6,682111.3,113685.2,2273704.4,625.273902282519,104.2123017691814,2084.2464020533503,61.96666666666667,0.05574373366882823
807,Company_807,Transportation,Asia,2024,1101.5,9.2,1141.5,1.0,63.6,24.6,84.5,81.8,679395.4,113232.6,2264651.3,616.7911030413073,102.79854743531548,2055.97031320926,63.633333333333326,0.00971674763956365
807,Company_807,Transportation,Asia,2025,1169.9,9.2,1304.6,6.2,65.3,27.6,84.8,83.4,706733.7,117788.9,2355778.9,604.0975297033933,100.68287887853661,2013.6583468672534,65.26666666666667,0.062097140263277506
808,Company_808,Technology,North America,2015,3886.4,26.8,32312.7,13.65,62.3,77.2,54.1,55.6,128229.4,76937.6,256458.8,32.99439069575957,19.796624125154384,65.98878139151914,62.300000000000004,
808,Company_808,Technology,North America,2016,4354.6,21.8,22709.8,12.0,64.4,80.7,56.7,55.7,138235.0,82941.0,276470.0,31.744591925779634,19.04675515546778,63.48918385155927,64.36666666666667,0.12047138740222318
808,Company_808,Technology,North America,2017,5035.3,24.0,35669.3,15.6,63.6,78.8,56.5,55.5,163206.0,97923.6,326411.9,32.4123686771394,19.44742120628364,64.82471749448891,63.6,0.1563174574013686
808,Company_808,Technology,North America,2018,5176.3,21.9,34078.7,2.8,66.9,84.8,60.2,55.6,156973.8,94184.3,313947.7,30.325483453431985,18.195293935822885,60.65098622568244,66.86666666666666,0.02800230373562651
808,Company_808,Technology,North America,2019,6082.7,22.4,35021.4,17.5,68.8,85.0,63.1,58.4,184102.4,110461.4,368204.8,30.266559258224145,18.15992897890739,60.53311851644829,68.83333333333333,0.17510577053107435
808,Company_808,Technology,North America,2020,6434.5,20.1,19875.6,5.8,70.7,89.3,63.6,59.4,184944.1,110966.5,369888.3,28.74257518066672,17.24555132488927,57.48516590255653,70.76666666666667,0.05783615828497224
808,Company_808,Technology,North America,2021,6874.8,21.0,48994.5,6.8,71.0,88.4,62.4,62.3,199897.8,119938.7,399795.7,29.076889509513002,17.44613661488334,58.15379356490371,71.03333333333335,0.06842800528401582
808,Company_808,Technology,North America,2022,7856.4,19.9,40850.6,14.3,71.8,89.1,64.6,61.9,226500.4,135900.2,453000.8,28.83004938648745,17.298024540502013,57.6600987729749,71.86666666666666,0.14278233548612307
808,Company_808,Technology,North America,2023,8874.6,22.9,35341.3,13.0,73.2,89.8,64.2,65.7,253463.4,152078.1,506926.9,28.560543573794874,17.13633290514502,57.121098415703244,73.23333333333333,0.12960134412708113
808,Company_808,Technology,North America,2024,11296.1,24.0,55718.5,27.3,73.4,87.6,63.7,69.0,331604.3,198962.6,663208.6,29.35564486858296,17.61338869167235,58.71128973716592,73.43333333333334,0.27285736821941264
808,Company_808,Technology,North America,2025,12974.1,30.0,102146.7,14.9,73.6,88.7,63.9,68.3,375637.7,225382.6,751275.4,28.952890759281953,17.371732914036425,57.905781518563906,73.63333333333333,0.14854684360088877
809,Company_809,Utilities,Asia,2015,413.8,13.5,475.4,4.75,44.3,45.7,56.5,30.7,291273.3,182045.8,2912732.6,703.8987433542774,439.9366843885935,7038.986466892218,44.300000000000004,
809,Company_809,Utilities,Asia,2016,397.6,15.6,908.2,-3.9,45.3,47.4,54.8,33.7,276271.2,172669.5,2762711.8,694.8470824949698,434.2794265593561,6948.470321931589,45.29999999999999,-0.03914934751087484
809,Company_809,Utilities,Asia,2017,448.0,15.5,941.0,12.7,46.8,48.7,54.0,37.8,307820.7,192388.0,3078207.5,687.0997767857143,429.4375,6870.998883928572,46.833333333333336,0.12676056338028152
809,Company_809,Utilities,Asia,2018,431.9,14.4,816.4,-3.6,47.6,49.9,53.6,39.3,293882.8,183676.7,2938827.8,680.4417689279926,425.27598981245666,6804.417226209771,47.6,-0.03593750000000007
809,Company_809,Utilities,Asia,2019,471.2,15.2,854.3,9.1,48.3,51.9,53.9,38.9,315276.3,197047.7,3152762.6,669.0923174872665,418.1827249575552,6690.922325976231,48.23333333333333,0.09099328548275065
809,Company_809,Utilities,Asia,2020,522.8,16.1,702.0,11.0,48.1,52.3,53.4,38.5,348796.3,217997.7,3487962.7,667.1696633511859,416.9810635042082,6671.696059678654,48.06666666666666,0.10950764006791158
809,Company_809,Utilities,Asia,2021,558.5,13.2,960.0,6.8,52.4,56.2,58.1,42.8,360293.5,225183.4,3602934.9,645.1092211280214,403.1931960608773,6451.092032229185,52.366666666666674,0.06828615149196637
809,Company_809,Utilities,Asia,2022,541.8,17.5,1361.4,-3.0,54.4,58.8,59.1,45.4,341757.3,213598.3,3417573.1,630.781284606866,394.23827980804725,6307.813030638613,54.43333333333334,-0.029901521933751174
809,Company_809,Utilities,Asia,2023,592.7,18.3,907.5,9.4,55.3,60.4,60.8,44.5,368531.9,230332.5,3685319.5,621.7848827400034,388.6156571621393,6217.849670997131,55.23333333333333,0.09394610557401273
809,Company_809,Utilities,Asia,2024,608.7,17.6,900.7,2.7,55.9,61.8,62.3,43.5,373591.2,233494.5,3735911.9,613.7525874815179,383.5953671759487,6137.525710530638,55.86666666666667,0.02699510713683151
809,Company_809,Utilities,Asia,2025,591.4,18.2,1484.0,-2.8,56.7,64.0,62.8,43.2,355761.9,222351.2,3557619.3,601.5588434223877,375.974298275279,6015.588941494758,56.666666666666664,-0.02842122556267468
810,Company_810,Healthcare,Africa,2015,4491.9,12.1,8934.3,1.15,30.5,54.4,6.1,31.0,368032.9,368032.9,736065.7,81.93256751040764,81.93256751040764,163.8651127585209,30.5,
810,Company_810,Healthcare,Africa,2016,4394.5,11.0,9887.4,-2.2,31.5,56.7,7.1,30.5,352920.3,352920.3,705840.6,80.30954602343839,80.30954602343839,160.61909204687677,31.433333333333337,-0.021683474698902416
810,Company_810,Healthcare,Africa,2017,4417.5,10.5,10418.3,0.5,30.7,56.0,6.6,29.4,356914.8,356914.8,713829.6,80.79565365025466,80.79565365025466,161.59130730050933,30.666666666666668,0.005233814996017827
810,Company_810,Healthcare,Africa,2018,4537.8,12.5,7781.8,2.7,31.6,58.0,6.5,30.2,360321.3,360321.3,720642.7,79.4044030146767,79.4044030146767,158.80882806646392,31.566666666666666,0.02723259762309005
810,Company_810,Healthcare,Africa,2019,4877.6,12.4,10944.8,7.5,30.2,58.1,3.8,28.7,387050.3,387050.3,774100.6,79.3526119402985,79.3526119402985,158.705223880597,30.2,0.07488210145885676
810,Company_810,Healthcare,Africa,2020,4139.6,12.5,7118.2,-15.1,31.0,58.2,6.2,28.7,328076.2,328076.2,656152.4,79.25311624311527,79.25311624311527,158.50623248623054,31.033333333333335,-0.1513039199606364
810,Company_810,Healthcare,Africa,2021,4100.5,15.4,6832.0,-0.9,31.6,58.7,8.5,27.5,323456.5,323456.5,646912.9,78.88220948664797,78.88220948664797,157.7643945860261,31.566666666666666,-0.009445357039327584
810,Company_810,Healthcare,Africa,2022,4173.4,18.2,12234.5,1.8,31.8,61.7,7.0,26.6,320422.6,320422.6,640845.3,76.77735179949202,76.77735179949202,153.55472756026265,31.76666666666667,0.017778319717107527
810,Company_810,Healthcare,Africa,2023,3919.4,19.8,15940.6,-6.1,33.9,64.0,8.8,28.9,294803.7,294803.7,589607.4,75.21653824564984,75.21653824564984,150.4330764912997,33.9,-0.060861647577514666
810,Company_810,Healthcare,Africa,2024,4200.8,20.9,17252.5,7.2,34.1,69.3,8.0,25.1,300323.5,300323.5,600646.9,71.4919777185298,71.4919777185298,142.98393163207007,34.13333333333333,0.07179670357707812
810,Company_810,Healthcare,Africa,2025,4636.3,24.0,20993.7,10.4,34.2,70.2,8.3,24.0,328542.4,328542.4,657084.7,70.86305890473007,70.86305890473007,141.7260962405366,34.166666666666664,0.10367072938487909
811,Company_811,Finance,Asia,2015,24292.0,18.9,54888.9,0.25,44.1,48.2,62.4,21.8,419169.6,209584.8,1047924.0,17.255458587189196,8.627729293594598,43.138646467973,44.13333333333333,
811,Company_811,Finance,Asia,2016,23675.4,19.4,43288.5,-2.5,46.4,53.7,63.6,21.8,390146.9,195073.4,975367.2,16.478999298850283,8.239497537528404,41.19749613522897,46.366666666666674,-0.02538284208793007
811,Company_811,Finance,Asia,2017,23576.8,22.1,87876.5,-0.4,47.4,57.4,63.3,21.6,376421.2,188210.6,941052.9,15.965745987581013,7.982872993790506,39.91436072749483,47.43333333333333,-0.004164660364766926
811,Company_811,Finance,Asia,2018,23593.8,21.8,50262.4,0.1,48.0,58.0,62.5,23.5,374545.2,187272.6,936363.0,15.874729801897109,7.9373649009485545,39.68682450474277,48.0,0.0007210478097112727
811,Company_811,Finance,Asia,2019,27213.7,22.0,96727.5,15.3,48.8,59.5,64.5,22.3,426512.4,213256.2,1066281.0,15.672708966439698,7.836354483219849,39.18177241609924,48.76666666666667,0.15342590002458278
811,Company_811,Finance,Asia,2020,31151.2,22.4,62408.6,14.5,49.5,57.3,66.2,25.1,497862.5,248931.3,1244656.3,15.982129099360538,7.991066154754872,39.95532435347595,49.53333333333333,0.14468815339332752
811,Company_811,Finance,Asia,2021,32947.5,25.5,125244.1,5.8,51.9,61.0,67.6,27.0,509581.0,254790.5,1273952.5,15.466454207451248,7.733227103725624,38.66613551862812,51.86666666666667,0.057663910218547
811,Company_811,Finance,Asia,2022,31048.2,24.9,112022.6,-5.8,54.8,67.9,68.6,27.8,449915.0,224957.5,1124787.6,14.49085615269162,7.24542807634581,36.22714360252768,54.76666666666667,-0.05764625540632817
811,Company_811,Finance,Asia,2023,34886.6,24.8,126640.8,12.4,56.2,69.0,70.6,29.0,500504.7,250252.3,1251261.7,14.34661732585004,7.173307229709975,35.86654188141006,56.199999999999996,0.12362713458429142
811,Company_811,Finance,Asia,2024,35015.3,23.9,151424.3,0.4,58.1,72.5,69.2,32.6,484920.5,242460.2,1212301.2,13.848817516914034,6.924407330509806,34.62204236433787,58.099999999999994,0.003689095526649311
811,Company_811,Finance,Asia,2025,34940.7,24.5,89226.3,-0.2,59.6,75.6,69.9,33.4,468907.1,234453.5,1172267.7,13.420083169484299,6.710040153746204,33.5502064927148,59.63333333333333,-0.0021304972397782063
812,Company_812,Manufacturing,North America,2015,645.1,3.4,448.0,-1.85,40.4,3.9,39.9,77.6,226983.9,302645.1,3783064.3,351.8584715547977,469.1444737250038,5864.306774143543,40.46666666666666,
812,Company_812,Manufacturing,North America,2016,597.9,2.1,219.4,-7.3,40.0,2.4,42.3,75.4,212212.7,282950.2,3536877.8,354.9300886435859,473.240006690082,5915.500585382171,40.03333333333333,-0.07316695086033176
812,Company_812,Manufacturing,North America,2017,576.9,1.6,201.3,-3.5,38.0,3.5,40.7,69.7,203421.0,271228.1,3390350.7,352.6105044201768,470.1475125671693,5876.842953718149,37.96666666666667,-0.035122930255895635
812,Company_812,Manufacturing,North America,2018,611.4,5.0,295.8,6.0,38.6,3.9,40.3,71.7,215048.9,286731.8,3584147.9,351.7319267255479,468.97579326136736,5862.198070003271,38.63333333333333,0.05980239209568383
812,Company_812,Manufacturing,North America,2019,562.9,3.6,373.7,-7.9,39.4,4.6,39.6,74.0,197276.3,263035.1,3287939.0,350.46420323325634,467.2856635281577,5841.071238230592,39.4,-0.07932613673536149
812,Company_812,Manufacturing,North America,2020,561.8,7.3,748.7,-0.2,40.1,6.7,40.5,73.1,194292.4,259056.5,3238205.9,345.8390886436454,461.11872552509794,5763.983446066216,40.1,-0.001954165926452367
812,Company_812,Manufacturing,North America,2021,556.0,8.8,409.1,-1.0,41.9,8.8,38.9,78.0,189851.7,253135.7,3164195.7,341.45989208633097,455.280035971223,5690.999460431655,41.9,-0.010323958704165137
812,Company_812,Manufacturing,North America,2022,540.9,10.5,713.5,-2.7,44.0,10.8,42.2,78.9,182494.6,243326.2,3041577.1,337.3906452209281,449.8543168792753,5623.178221482714,43.96666666666667,-0.02715827338129495
812,Company_812,Manufacturing,North America,2023,542.0,13.1,689.9,0.2,43.0,10.1,39.7,79.1,183638.7,244851.6,3060645.3,338.8167896678967,451.75571955719556,5646.94704797048,42.96666666666667,0.002033647624329893
812,Company_812,Manufacturing,North America,2024,498.9,16.6,1643.0,-7.9,43.6,15.0,35.8,80.1,163914.4,218552.5,2731906.0,328.5516135498096,438.0687512527561,5475.858889557026,43.633333333333326,-0.07952029520295212
812,Company_812,Manufacturing,North America,2025,522.2,15.4,1642.7,4.7,45.2,20.2,36.8,78.5,165884.3,221179.0,2764737.8,317.6643048640367,423.5522788203753,5294.404059747222,45.166666666666664,0.04670274604129099
813,Company_813,Finance,Europe,2015,1309.1,17.0,3154.0,11.45,74.2,100.0,82.7,40.1,13098.6,6549.3,32746.4,10.005805515239478,5.002902757619739,25.01443739974028,74.26666666666667,
813,Company_813,Finance,Europe,2016,1289.7,15.4,2277.7,-1.5,73.3,99.0,82.0,38.8,13071.6,6535.8,32678.9,10.135380321004885,5.067690160502442,25.33837326510041,73.26666666666667,-0.014819341532350316
813,Company_813,Finance,Europe,2017,1371.9,13.6,3551.6,6.4,74.3,98.9,85.1,39.0,13922.7,6961.4,34806.8,10.148480209927838,5.074276550769006,25.371236970624683,74.33333333333333,0.0637357525005815
813,Company_813,Finance,Europe,2018,1628.4,16.7,2183.3,18.7,75.8,99.7,85.2,42.5,16342.6,8171.3,40856.4,10.035986244166052,5.017993122083026,25.089904200442152,75.8,0.18696698010059043
813,Company_813,Finance,Europe,2019,1843.3,18.7,3099.5,13.2,76.5,100.0,84.6,45.0,18433.5,9216.7,46083.6,10.000271252644714,5.000108501057886,25.000596755818368,76.53333333333333,0.1319700319331858
813,Company_813,Finance,Europe,2020,2184.7,16.1,6894.8,18.5,76.6,99.2,85.6,45.1,22095.5,11047.7,55238.7,10.113745594360783,5.056849910742894,25.28434109946446,76.63333333333334,0.1852113058102316
813,Company_813,Finance,Europe,2021,2397.3,17.4,5423.1,9.7,76.3,100.0,83.0,45.8,23972.7,11986.3,59931.6,9.999874859216618,4.999916572811078,24.999624577649854,76.26666666666667,0.097313132237836
813,Company_813,Finance,Europe,2022,2507.5,16.7,8387.7,4.6,76.4,100.0,82.8,46.5,25074.8,12537.4,62687.1,9.999920239282153,4.999960119641076,24.999840478564305,76.43333333333334,0.0459683810953988
813,Company_813,Finance,Europe,2023,2657.5,16.7,7492.6,6.0,78.7,100.0,86.3,49.8,26575.2,13287.6,66438.0,10.000075258701788,5.000037629350894,25.000188146754468,78.7,0.059820538384845356
813,Company_813,Finance,Europe,2024,3053.1,13.9,7728.7,14.9,78.5,100.0,86.3,49.1,30530.9,15265.5,76327.3,9.999967246405294,5.0,24.99993449281059,78.46666666666667,0.14886171213546562
813,Company_813,Finance,Europe,2025,3760.6,10.3,6067.9,23.2,78.8,97.8,87.4,51.1,38738.2,19369.1,96845.5,10.301068978354518,5.150534489177259,25.752672445886294,78.76666666666667,0.23173168255216003
814,Company_814,Consumer Goods,Latin America,2015,954.6,2.4,237.8,10.65,60.8,49.5,90.2,42.8,162954.9,203693.6,814774.3,170.70490257699558,213.38110203226483,853.5243033731406,60.833333333333336,
814,Company_814,Consumer Goods,Latin America,2016,1085.1,3.6,401.6,13.7,60.3,48.6,91.2,41.0,186543.2,233178.9,932715.8,171.9133720394434,214.89162289189937,859.5666758824073,60.26666666666667,0.13670647391577617
814,Company_814,Consumer Goods,Latin America,2017,1042.5,5.6,829.6,-3.9,61.9,49.4,92.7,43.7,178086.9,222608.7,890434.7,170.82676258992805,213.53352517985613,854.134004796163,61.93333333333334,-0.0392590544650262
814,Company_814,Consumer Goods,Latin America,2018,981.6,5.6,623.1,-5.8,63.3,50.9,94.3,44.8,165662.8,207078.5,828314.0,168.76813365933168,210.96016707416462,843.8406682966585,63.333333333333336,-0.05841726618705034
814,Company_814,Consumer Goods,Latin America,2019,1023.7,9.6,1345.2,4.3,60.7,47.6,91.9,42.5,177398.2,221747.7,886990.9,173.2911985933379,216.61394939923807,866.4558952818209,60.666666666666664,0.042889160554197225
814,Company_814,Consumer Goods,Latin America,2020,997.1,10.5,1925.0,-2.6,63.4,47.6,95.4,47.2,172818.4,216023.0,864092.0,173.32103098987062,216.65128873733826,866.605154949353,63.4,-0.025984175051284586
814,Company_814,Consumer Goods,Latin America,2021,1091.1,13.4,3203.9,9.4,63.0,47.4,94.3,47.4,189455.6,236819.5,947278.1,173.6372468151407,217.04655851892588,868.1863257263312,63.03333333333333,0.09427339283923364
814,Company_814,Consumer Goods,Latin America,2022,1221.0,14.6,2565.9,11.9,63.2,49.0,95.0,45.7,209264.6,261580.8,1046323.0,171.3878787878788,214.23488943488942,856.939393939394,63.23333333333333,0.11905416552103398
814,Company_814,Consumer Goods,Latin America,2023,1382.6,13.7,1905.8,13.2,65.9,51.1,100.0,46.7,232999.0,291248.7,1164994.9,168.52234919716477,210.6529003327065,842.6116736583249,65.93333333333334,0.1323505323505323
814,Company_814,Consumer Goods,Latin America,2024,1553.3,14.6,5472.4,12.4,66.1,52.1,100.0,46.2,259590.8,324488.5,1297954.1,167.1221270842722,208.90265885534026,835.610699800425,66.10000000000001,0.12346304064805436
814,Company_814,Consumer Goods,Latin America,2025,1967.0,16.6,7120.2,26.6,67.6,55.3,100.0,47.5,319727.0,399658.7,1598634.9,162.5455007625826,203.18185053380785,812.7274529740721,67.60000000000001,0.2663361874718342
815,Company_815,Technology,North America,2015,12701.7,19.7,50424.7,5.5,53.9,85.2,52.9,23.6,383535.9,230121.5,767071.7,30.195635229929852,18.117377988773157,60.39126258689781,53.9,
815,Company_815,Technology,North America,2016,12975.4,23.5,106497.1,2.2,54.0,83.2,54.0,24.9,400768.9,240461.3,801537.8,30.886824298287532,18.532091496215916,61.773648596575065,54.03333333333333,0.0215482966846956
815,Company_815,Technology,North America,2017,13441.4,22.1,60633.1,3.6,54.4,82.1,54.6,26.5,420203.4,252122.1,840406.9,31.261877483000287,18.757130953620905,62.52376240570179,54.4,0.035914114401097486
815,Company_815,Technology,North America,2018,15179.0,21.2,88019.4,12.9,56.8,84.1,58.6,27.8,464054.0,278432.4,928108.1,30.572106199354373,18.343263719612626,61.14421898675802,56.833333333333336,0.1292722484265032
815,Company_815,Technology,North America,2019,14443.8,18.0,40577.1,-4.8,58.7,90.2,58.5,27.5,410762.5,246457.5,821525.0,28.43867264847201,17.063203589083205,56.87734529694402,58.73333333333333,-0.04843533829633051
815,Company_815,Technology,North America,2020,15507.6,14.1,41818.7,7.4,57.7,90.1,57.6,25.4,441353.6,264812.1,882707.1,28.46047099486703,17.07627872784957,56.92093554128298,57.699999999999996,0.07365097827441547
815,Company_815,Technology,North America,2021,15895.9,18.2,47057.0,2.5,57.4,89.5,57.5,25.1,455551.2,273330.7,911102.5,28.658408772073305,17.19504400505791,57.316823835076974,57.36666666666667,0.02503933555160054
815,Company_815,Technology,North America,2022,16463.9,14.8,45005.4,3.6,58.5,91.9,55.8,27.7,458181.5,274908.9,916363.0,27.82946324989826,16.697677949938956,55.65892649979652,58.46666666666666,0.0357324844771294
815,Company_815,Technology,North America,2023,19546.6,14.6,44841.4,18.7,58.6,93.9,54.2,27.9,530550.6,318330.4,1061101.2,27.1428586045655,16.285717209131,54.285717209131,58.66666666666668,0.18723996137002752
815,Company_815,Technology,North America,2024,21124.8,19.1,96969.4,8.1,59.1,96.6,53.0,27.8,553104.9,331862.9,1106209.7,26.18272835719155,15.70963512080588,52.365451980610466,59.13333333333333,0.0807403845170005
815,Company_815,Technology,North America,2025,23043.7,15.5,76421.0,9.1,59.2,98.3,52.2,27.1,589433.0,353659.8,1178866.0,25.57892178773374,15.347353072640244,51.15784357546748,59.199999999999996,0.09083636294781505
816,Company_816,Manufacturing,Middle East,2015,1543.7,9.9,3191.4,14.8,26.2,43.5,20.1,15.0,414801.4,553068.6,6913357.3,268.70596618513963,358.27466476647015,4478.433180022024,26.2,
816,Company_816,Manufacturing,Middle East,2016,1612.7,11.9,1830.0,4.5,25.4,44.5,17.6,14.0,429742.0,572989.4,7162366.9,266.4736156755751,355.29819557264216,4441.227072611149,25.366666666666664,0.04469780397745682
816,Company_816,Manufacturing,Middle East,2017,1789.3,14.6,5230.7,11.0,24.8,43.9,18.2,12.3,479326.8,639102.5,7988780.7,267.8850947297826,357.18018219415416,4464.751970044152,24.799999999999997,0.10950579773051405
816,Company_816,Manufacturing,Middle East,2018,2038.5,12.7,2647.6,13.9,24.8,44.6,16.9,12.9,542933.8,723911.8,9048897.2,266.3398577385333,355.1198430218298,4438.997890605838,24.8,0.1392723411389929
816,Company_816,Manufacturing,Middle East,2019,2471.1,10.1,2962.9,21.2,25.2,46.0,16.8,12.7,650803.0,867737.3,10846716.7,263.36570757962045,351.15426328355795,4389.428473149609,25.166666666666668,0.21221486387049304
816,Company_816,Manufacturing,Middle East,2020,3061.7,7.8,4324.0,23.9,24.2,43.5,16.4,12.6,822780.0,1097040.1,13713000.7,268.73305679851063,358.31077505960747,4478.88450860633,24.166666666666668,0.23900287321435787
816,Company_816,Manufacturing,Middle East,2021,3718.5,3.6,1205.1,21.5,24.9,45.3,17.9,11.5,984764.4,1313019.2,16412740.2,264.82839854780156,353.1045313970687,4413.806696248487,24.899999999999995,0.21452134435117753
816,Company_816,Manufacturing,Middle East,2022,3880.3,2.7,1762.4,4.4,24.3,45.5,18.4,9.1,1026491.7,1368655.7,17108195.8,264.5392624281628,352.71904234208694,4408.987913305672,24.333333333333332,0.04351216888530329
816,Company_816,Manufacturing,Middle East,2023,4608.7,0.3,132.9,18.8,24.4,46.4,17.8,9.1,1210049.5,1613399.3,20167491.4,262.5576626814503,350.0768763425695,4375.960986829257,24.433333333333334,0.18771744452748496
816,Company_816,Manufacturing,Middle East,2024,4741.6,-2.6,6074.6,2.9,25.7,50.7,16.7,9.8,1202465.8,1603287.7,20041095.9,253.59916483887295,338.1322127551881,4226.652585625105,25.733333333333334,0.028836765248334784
816,Company_816,Manufacturing,Middle East,2025,5486.0,-2.3,5894.6,15.7,25.1,47.8,14.9,12.7,1423782.5,1898376.6,23729707.9,259.53016769959896,346.0402114473205,4325.502716004375,25.13333333333333,0.15699341994263527
817,Company_817,Energy,North America,2015,6489.7,30.6,16027.1,17.8,52.8,16.2,91.9,50.1,7051497.7,2115449.3,70514977.1,1086.5675917222677,325.970275975777,10865.675932631708,52.73333333333334,
817,Company_817,Energy,North America,2016,6855.7,28.7,23431.9,5.6,52.7,18.6,89.5,50.0,7336157.9,2200847.4,73361579.4,1070.081523403883,321.02446139708564,10700.81529238444,52.699999999999996,0.056397059956546425
817,Company_817,Energy,North America,2017,7927.2,35.2,24205.1,15.6,53.2,19.6,92.0,48.0,8426756.5,2528026.9,84267564.9,1063.018026541528,318.90540165506104,10630.180252800485,53.199999999999996,0.15629330338258685
817,Company_817,Energy,North America,2018,10282.7,28.1,56452.3,29.7,52.8,19.8,92.7,45.9,10914490.2,3274347.1,109144902.3,1061.4420531572446,318.43261983720225,10614.420560747663,52.800000000000004,0.297141487536583
817,Company_817,Energy,North America,2019,12623.3,29.3,54489.9,22.8,53.3,21.1,96.0,42.9,13282896.4,3984868.9,132828963.5,1052.252295358583,315.6756870232031,10522.522913976536,53.333333333333336,0.22762504011592277
817,Company_817,Energy,North America,2020,12241.6,29.9,69638.2,-3.0,53.2,22.8,96.4,40.5,12739541.4,3821862.4,127395413.6,1040.6761697817278,312.20284930074496,10406.76166514181,53.23333333333333,-0.03023773498213611
817,Company_817,Energy,North America,2021,13880.3,29.3,70812.0,13.4,54.3,23.1,97.3,42.5,14411777.0,4323533.1,144117769.9,1038.290022549945,311.48700676498345,10382.900218294995,54.300000000000004,0.13386322049405308
817,Company_817,Energy,North America,2022,14436.3,25.3,46988.8,4.0,56.9,25.9,100.0,44.7,14701445.5,4410433.6,147014454.7,1018.3665828501763,305.5099713915615,10183.665807720814,56.866666666666674,0.04005677110725281
817,Company_817,Energy,North America,2023,17324.3,19.7,37178.1,20.0,57.2,26.2,100.0,45.4,17606890.1,5282067.0,176068901.3,1016.3117759447714,304.8935310517597,10163.11777676443,57.199999999999996,0.2000512596717996
817,Company_817,Energy,North America,2024,20947.5,22.0,79752.6,20.9,56.1,26.3,100.0,41.9,21274755.4,6382426.6,212747554.5,1015.6226470939253,304.6867931734097,10156.22649480845,56.06666666666666,0.20913976322275651
817,Company_817,Energy,North America,2025,25950.8,25.1,116869.6,23.9,55.1,22.1,100.0,43.2,27122911.9,8136873.6,271229118.6,1045.1666962097506,313.550010018959,10451.666946683727,55.1,0.23884950471416633
818,Company_818,Consumer Goods,Africa,2015,500.7,8.2,863.0,1.2000000000000002,44.8,49.7,64.1,20.5,85352.0,106689.9,426759.8,170.4653485120831,213.0814859197124,852.3263431196325,44.76666666666667,
818,Company_818,Consumer Goods,Africa,2016,526.8,10.6,1001.6,5.2,44.5,51.7,63.0,18.7,88272.0,110340.1,441360.2,167.56264236902052,209.45349278663633,837.813591495824,44.46666666666667,0.052127022168963366
818,Company_818,Consumer Goods,Africa,2017,549.1,11.2,1055.7,4.2,44.5,51.6,62.7,19.4,92139.0,115173.8,460695.1,167.80003642323803,209.7501365871426,839.0003642323802,44.56666666666667,0.042331055429005504
818,Company_818,Consumer Goods,Africa,2018,630.2,9.2,634.3,14.8,46.7,52.6,66.7,20.8,104809.0,131011.2,524045.0,166.31069501745478,207.88828943192635,831.5534750872738,46.70000000000001,0.14769623019486433
818,Company_818,Consumer Goods,Africa,2019,689.0,9.2,1067.6,9.3,46.1,53.7,67.4,17.3,113576.5,141970.7,567882.6,164.8425253991292,206.05326560232223,824.2127721335269,46.13333333333333,0.09330371310695007
818,Company_818,Consumer Goods,Africa,2020,662.6,8.9,1125.8,-3.8,45.8,51.5,69.8,16.0,111214.9,139018.6,556074.5,167.84621189254452,209.8077271355267,839.2310594627226,45.76666666666667,-0.038316400580551524
818,Company_818,Consumer Goods,Africa,2021,718.6,10.5,1286.5,8.5,47.9,53.1,71.6,19.1,119074.0,148842.5,595369.9,165.70275535763986,207.12844419704982,828.5136376287226,47.93333333333333,0.08451554482342294
818,Company_818,Consumer Goods,Africa,2022,685.5,8.4,1109.9,-4.6,48.6,52.5,72.5,20.8,114114.2,142642.8,570571.1,166.4685630926331,208.0857768052516,832.342961342086,48.6,-0.04606178680768158
818,Company_818,Consumer Goods,Africa,2023,663.9,7.3,998.7,-3.2,50.3,54.6,75.3,20.9,108572.8,135716.0,542864.0,163.5378822111764,204.42235276397048,817.6894110558819,50.26666666666667,-0.031509846827133536
818,Company_818,Consumer Goods,Africa,2024,634.2,5.8,774.5,-4.5,51.6,58.8,74.3,21.7,99998.4,124998.0,499992.1,157.67644276253546,197.09555345316934,788.382371491643,51.599999999999994,-0.04473565295978299
818,Company_818,Consumer Goods,Africa,2025,622.6,9.2,681.9,-1.8,53.5,61.5,75.5,23.4,95828.8,119786.0,479144.2,153.91712174751044,192.39640218438805,769.585929971089,53.46666666666667,-0.018290760012614315
819,Company_819,Finance,Asia,2015,1274.7,21.5,4544.6,4.45,62.4,80.6,35.9,70.7,16204.4,8102.2,40510.9,12.712324468502391,6.356162234251196,31.78073272142465,62.4,
819,Company_819,Finance,Asia,2016,1290.6,24.8,2927.3,1.2,61.1,81.1,34.0,68.3,16319.6,8159.8,40799.0,12.6449713311638,6.3224856655819,31.6124283279095,61.133333333333326,0.012473523181925072
819,Company_819,Finance,Asia,2017,1495.6,21.2,5128.5,15.9,60.1,82.1,32.1,66.0,18702.0,9351.0,46754.9,12.504680395827762,6.252340197913881,31.261634126771867,60.06666666666666,0.15884084921741826
819,Company_819,Finance,Asia,2018,1521.6,18.4,3128.6,1.7,60.6,80.9,33.7,67.4,19289.4,9644.7,48223.4,12.67705047318612,6.33852523659306,31.692560462670876,60.666666666666664,0.017384327360256746
819,Company_819,Finance,Asia,2019,1941.3,14.4,5146.8,27.6,62.0,83.4,35.6,67.1,23924.7,11962.4,59811.8,12.324061196105703,6.162056353989595,30.810178746201,62.03333333333333,0.2758280757097793
819,Company_819,Finance,Asia,2020,2319.5,12.2,2306.5,19.5,62.8,88.4,34.5,65.5,26974.3,13487.2,67435.8,11.629359775813752,5.814701444276784,29.07342099590429,62.800000000000004,0.1948179055272241
819,Company_819,Finance,Asia,2021,2307.8,9.2,3245.0,-0.5,64.2,88.0,36.3,68.1,26950.0,13475.0,67375.0,11.67778836987607,5.838894184938035,29.19447092469018,64.13333333333333,-0.005044190558309847
819,Company_819,Finance,Asia,2022,2310.5,10.7,3081.4,0.1,65.8,88.5,36.2,72.7,26840.5,13420.2,67101.2,11.616749621294092,5.8083531703094575,29.04185241289764,65.8,0.0011699454025477785
819,Company_819,Finance,Asia,2023,2477.8,10.1,3051.5,7.2,65.6,85.5,37.2,74.2,29823.4,14911.7,74558.5,12.036241827427556,6.018120913713778,30.09060456856889,65.63333333333334,0.07240856957368536
819,Company_819,Finance,Asia,2024,2906.8,11.6,3796.5,17.3,65.8,87.8,36.8,72.6,34031.8,17015.9,85079.4,11.707651025182331,5.853825512591166,29.269093160864177,65.73333333333333,0.1731374606505771
819,Company_819,Finance,Asia,2025,2919.5,10.6,5047.0,0.4,66.5,89.0,36.7,73.9,33708.7,16854.3,84271.7,11.546052406233944,5.773009076896729,28.865113889364615,66.53333333333335,0.004369065639190817
820,Company_820,Energy,Europe,2015,335.1,3.6,157.6,22.5,48.8,19.5,48.7,78.0,356301.6,106890.5,3563016.0,1063.2694717994627,318.98090122351533,10632.694717994627,48.73333333333333,
820,Company_820,Energy,Europe,2016,430.9,3.1,139.6,28.6,48.7,20.2,48.5,77.3,456107.7,136832.3,4561076.9,1058.5001160362033,317.5500116036203,10585.000928289628,48.666666666666664,0.285884810504327
820,Company_820,Energy,Europe,2017,548.5,3.3,346.2,27.3,49.1,20.7,48.7,77.8,578735.8,173620.8,5787358.4,1055.1245214220603,316.5374658158614,10551.245943482225,49.06666666666666,0.27291715015084717
820,Company_820,Energy,Europe,2018,678.9,3.5,439.0,23.8,50.8,22.5,53.4,76.5,707725.6,212317.7,7077256.5,1042.4592723523347,312.7378111651201,10424.593460008839,50.800000000000004,0.23773928896991792
820,Company_820,Energy,Europe,2019,754.4,4.4,573.2,11.1,51.0,23.2,52.9,77.0,782763.4,234829.0,7827633.5,1037.597295864263,311.27916224814425,10375.972295864263,51.03333333333333,0.11120930917660932
820,Company_820,Energy,Europe,2020,986.4,2.8,276.5,30.8,52.8,23.1,55.3,80.1,1024458.2,307337.4,10244581.7,1038.5829278183292,311.5748175182482,10385.828974047039,52.833333333333336,0.3075291622481442
820,Company_820,Energy,Europe,2021,1195.6,-2.6,2189.5,21.2,51.7,25.8,52.1,77.0,1219070.6,365721.2,12190706.3,1019.6308129809303,305.8892606222817,10196.308380729342,51.63333333333333,0.21208434712084334
820,Company_820,Energy,Europe,2022,1334.4,-16.3,1038.2,11.6,55.9,30.6,56.2,80.8,1315836.4,394750.9,13158363.8,986.0884292565946,295.82651378896884,9860.88414268585,55.866666666666674,0.1160923385747743
820,Company_820,Energy,Europe,2023,1411.9,-20.0,6671.5,5.8,57.3,34.0,57.5,80.3,1358207.3,407462.2,13582072.5,961.9713152489553,288.5914016573412,9619.712798356824,57.26666666666667,0.05807853717026368
820,Company_820,Energy,Europe,2024,1664.2,-20.0,3490.5,17.9,57.7,33.0,57.0,83.1,1612922.5,483876.8,16129225.2,969.187898089172,290.7563994712174,9691.879101069582,57.699999999999996,0.17869537502655986
820,Company_820,Energy,Europe,2025,2098.4,-18.6,2130.9,26.1,57.0,32.8,56.6,81.8,2036654.8,610996.5,20366548.4,970.5751048417842,291.17256004574915,9705.751239039268,57.06666666666666,0.2609061410888114
821,Company_821,Manufacturing,Africa,2015,938.3,2.7,403.7,3.3000000000000003,26.5,40.3,11.5,27.8,258329.1,344438.8,4305485.2,275.31610359160186,367.0881381221358,4588.601939678142,26.53333333333333,
821,Company_821,Manufacturing,Africa,2016,979.2,1.7,339.9,4.4,27.2,40.9,11.1,29.4,268312.9,357750.6,4471882.0,274.0123570261438,365.34987745098033,4566.87295751634,27.133333333333336,0.04358947031866145
821,Company_821,Manufacturing,Africa,2017,1001.2,4.8,1012.7,2.2,29.2,42.5,15.0,30.2,271062.8,361417.0,4517712.7,270.7379145025969,360.98381941669993,4512.2979424690375,29.233333333333334,0.02246732026143783
821,Company_821,Manufacturing,Africa,2018,1118.2,7.8,1331.7,11.7,32.0,45.4,19.7,30.9,296049.0,394732.0,4934150.5,264.75496333392954,353.0066177785727,4412.58316937936,32.0,0.11685976827806632
821,Company_821,Manufacturing,Africa,2019,1346.9,9.6,1730.1,20.5,31.2,44.3,20.6,28.7,359582.5,479443.4,5993041.9,266.9704506644888,355.96065038235946,4449.507684312124,31.200000000000003,0.2045251296726882
821,Company_821,Manufacturing,Africa,2020,1460.6,12.9,1932.6,8.4,31.2,44.5,20.4,28.8,389321.2,519095.0,6488687.4,266.5488155552513,355.39846638367794,4442.48076133096,31.233333333333334,0.08441606652312705
821,Company_821,Manufacturing,Africa,2021,1425.5,9.7,2975.7,-2.4,33.6,45.7,22.3,32.7,376395.5,501860.6,6273257.8,264.04454577341284,352.05934759733424,4400.742055419151,33.56666666666667,-0.024031220046556112
821,Company_821,Manufacturing,Africa,2022,1356.2,14.3,2822.4,-4.9,35.2,47.4,23.9,34.4,353363.1,471150.8,5889385.2,260.5538268691933,347.40510249225775,4342.563928624097,35.23333333333333,-0.04861452122062426
821,Company_821,Manufacturing,Africa,2023,1380.0,11.7,1397.4,1.8,37.3,51.7,25.8,34.5,347044.2,462725.6,5784070.4,251.4813043478261,335.30840579710144,4191.355362318841,37.333333333333336,0.017549034065772018
821,Company_821,Manufacturing,Africa,2024,1330.5,14.6,2054.6,-3.6,37.8,53.2,29.0,31.4,330451.4,440601.9,5507523.4,248.36632844795193,331.1551296505073,4139.4388575723415,37.86666666666667,-0.035869565217391264
821,Company_821,Manufacturing,Africa,2025,1389.8,16.7,4286.0,4.5,38.5,55.0,26.3,34.3,339889.8,453186.4,5664830.3,244.56022449273277,326.0802993236437,4076.003957403943,38.53333333333333,0.04456971063509951
822,Company_822,Finance,Latin America,2015,784.6,15.8,1944.1,5.2,52.7,50.6,75.1,32.4,13266.8,6633.4,33167.0,16.908998215651287,8.454499107825644,42.272495539128215,52.699999999999996,
822,Company_822,Finance,Latin America,2016,778.4,14.2,1340.6,-0.8,53.6,51.1,76.4,33.4,13109.8,6554.9,32774.5,16.841983556012334,8.420991778006167,42.10495889003084,53.63333333333333,-0.007902115727759451
822,Company_822,Finance,Latin America,2017,820.2,15.7,1709.8,5.4,54.9,51.7,76.2,36.7,13747.5,6873.7,34368.7,16.761155815654718,8.380516947086075,41.90282857839551,54.866666666666674,0.053699897225077065
822,Company_822,Finance,Latin America,2018,912.2,15.6,1139.5,11.2,56.1,54.4,74.1,39.9,14945.8,7472.9,37364.5,16.38434553825915,8.192172769129575,40.960863845647886,56.13333333333333,0.11216776396000983
822,Company_822,Finance,Latin America,2019,743.4,15.9,1164.3,-18.5,56.4,53.3,72.9,43.1,12294.5,6147.2,30736.1,16.538202851762176,8.269034167339251,41.34530535377993,56.43333333333334,-0.18504713878535417
822,Company_822,Finance,Latin America,2020,804.9,16.5,2325.2,8.3,56.4,53.0,75.2,41.1,13346.2,6673.1,33365.5,16.58119020996397,8.290595104981985,41.45297552490993,56.43333333333333,0.0827280064568201
822,Company_822,Finance,Latin America,2021,849.3,17.9,1963.6,5.5,57.1,52.1,75.6,43.6,14193.7,7096.9,35484.3,16.71223360414459,8.35617567408454,41.780642882373726,57.099999999999994,0.05516213194185604
822,Company_822,Finance,Latin America,2022,864.5,16.5,1373.5,1.8,57.6,49.1,78.0,45.8,14811.6,7405.8,37028.9,17.13314054366686,8.56657027183343,42.83273568536727,57.633333333333326,0.017897091722595126
822,Company_822,Finance,Latin America,2023,1034.4,16.1,3252.8,19.6,58.1,51.2,80.4,42.7,17408.8,8704.4,43522.0,16.82985305491106,8.41492652745553,42.074632637277645,58.1,0.19652978600347026
822,Company_822,Finance,Latin America,2024,1023.0,14.4,2150.1,-1.1,58.4,53.0,78.1,44.0,16962.9,8481.4,42407.2,16.581524926686217,8.290713587487781,41.453763440860214,58.36666666666667,-0.011020881670533722
822,Company_822,Finance,Latin America,2025,1073.9,12.4,2168.6,5.0,59.5,53.0,77.4,48.1,17806.1,8903.1,44515.4,16.58078033336437,8.290436725952137,41.45209051122078,59.5,0.049755620723362703
823,Company_823,Retail,Europe,2015,1574.7,7.5,2370.1,2.35,66.7,54.7,78.6,66.8,128634.9,64317.4,257269.8,81.68851209754239,40.844224296691436,163.37702419508477,66.7,
823,Company_823,Retail,Europe,2016,1624.6,7.9,1707.1,3.2,67.1,56.3,78.4,66.4,130876.5,65438.3,261753.0,80.55921457589561,40.27963806475441,161.11842915179122,67.03333333333333,0.031688575601701796
823,Company_823,Retail,Europe,2017,1668.7,7.7,1408.5,2.7,68.4,57.5,79.1,68.5,133110.9,66555.4,266221.8,79.76922154970934,39.884580811410075,159.53844309941869,68.36666666666666,0.027145143419918805
823,Company_823,Retail,Europe,2018,1733.8,6.1,1531.0,3.9,68.7,57.5,79.8,68.8,138289.0,69144.5,276578.0,79.76064136578614,39.88032068289307,159.52128273157228,68.7,0.03901240486606339
823,Company_823,Retail,Europe,2019,1709.1,6.9,2159.3,-1.4,69.0,57.1,79.5,70.4,136736.3,68368.2,273472.6,80.00485635714703,40.00245743373706,160.00971271429407,69.0,-0.014246164494174707
823,Company_823,Retail,Europe,2020,1600.2,5.3,1838.6,-6.4,70.1,59.2,76.6,74.5,125731.6,62865.8,251463.1,78.57242844644419,39.286214223222096,157.1447944006999,70.10000000000001,-0.06371774618220105
823,Company_823,Retail,Europe,2021,1507.9,7.1,1494.6,-5.8,72.8,65.0,75.9,77.6,112321.0,56160.5,224641.9,74.48836129716824,37.24418064858412,148.97665627694144,72.83333333333333,-0.057680289963754516
823,Company_823,Retail,Europe,2022,1686.1,4.2,1644.6,11.8,74.4,66.6,78.2,78.4,123721.2,61860.6,247442.4,73.37714251823735,36.688571259118675,146.7542850364747,74.4,0.118177597983951
823,Company_823,Retail,Europe,2023,1794.4,5.7,2126.7,6.4,74.0,68.1,80.1,73.9,129822.8,64911.4,259645.5,72.34886312973696,36.17443156486848,144.69767053053945,74.03333333333333,0.06423106577308602
823,Company_823,Retail,Europe,2024,1689.2,4.7,1506.5,-5.9,73.8,69.6,79.8,71.9,120361.9,60181.0,240723.9,71.25378877575183,35.626923987686475,142.50763675112478,73.76666666666667,-0.05862683905483734
823,Company_823,Retail,Europe,2025,1722.7,4.8,1885.5,2.0,75.5,74.7,78.2,73.7,116638.6,58319.3,233277.2,67.7068555175016,33.8534277587508,135.4137110350032,75.53333333333335,0.019831873076012307
824,Company_824,Transportation,Oceania,2015,410.9,10.6,793.2,5.6,45.6,9.0,53.7,74.3,280375.8,46729.3,934586.0,682.3455828668776,113.72426381114627,2274.485276222925,45.666666666666664,
824,Company_824,Transportation,Oceania,2016,423.4,9.4,534.0,3.1,47.2,12.2,53.8,75.5,283179.6,47196.6,943932.1,668.822862541332,111.47047709022202,2229.4097779877184,47.166666666666664,0.03042102701387206
824,Company_824,Transportation,Oceania,2017,474.8,9.4,486.9,12.1,48.0,12.9,53.8,77.3,316194.3,52699.1,1053981.0,665.9526116259477,110.99220724515585,2219.842038753159,48.0,0.12139820500708565
824,Company_824,Transportation,Oceania,2018,487.7,14.5,868.5,2.7,47.4,12.7,50.9,78.6,325071.0,54178.5,1083570.1,666.5388558540086,111.08980930900144,2221.7963912241134,47.4,0.027169334456613292
824,Company_824,Transportation,Oceania,2019,520.9,16.2,1048.3,6.8,48.1,13.5,52.9,77.9,345432.1,57572.0,1151440.4,663.1447494720676,110.52409291610674,2210.4826262238435,48.1,0.06807463604675013
824,Company_824,Transportation,Oceania,2020,514.5,16.3,1609.0,-1.2,49.6,14.6,53.6,80.7,338843.0,56473.8,1129476.8,658.5869776482022,109.76443148688047,2195.290184645287,49.63333333333333,-0.012286427337300787
824,Company_824,Transportation,Oceania,2021,574.6,16.1,1218.1,11.7,49.6,14.1,51.1,83.6,379579.7,63263.3,1265265.8,660.5981552384267,110.09972154542291,2201.994082840237,49.6,0.11681243926141893
824,Company_824,Transportation,Oceania,2022,674.9,15.7,2054.5,17.5,52.1,18.9,51.3,86.3,432348.0,72058.0,1441160.0,640.6104608090087,106.7684101348348,2135.368202696696,52.166666666666664,0.17455621301775137
824,Company_824,Transportation,Oceania,2023,738.9,17.3,1810.5,9.5,52.9,19.1,53.0,86.6,472812.3,78802.1,1576041.1,639.8867235079172,106.64785491947491,2132.9558803627015,52.9,0.09482886353533848
824,Company_824,Transportation,Oceania,2024,771.5,16.7,2066.4,4.4,53.3,21.7,50.9,87.3,485320.1,80886.7,1617733.5,629.0604018146468,104.84342190537913,2096.8677900194425,53.29999999999999,0.044119637298687175
824,Company_824,Transportation,Oceania,2025,797.5,16.5,1143.0,3.4,55.3,22.6,50.4,93.1,498515.5,83085.9,1661718.4,625.0978056426333,104.18294670846394,2083.659435736677,55.36666666666667,0.03370058327932601
825,Company_825,Utilities,Middle East,2015,729.6,7.0,420.4,6.35,60.2,60.0,56.4,64.2,455110.2,284443.9,4551102.3,623.780427631579,389.8628015350877,6237.8046875,60.20000000000001,
825,Company_825,Utilities,Middle East,2016,778.2,4.9,552.0,6.7,61.0,62.3,57.8,63.0,475418.0,297136.2,4754179.6,610.9200719609355,381.8249807247494,6109.200205602672,61.03333333333333,0.06661184210526327
825,Company_825,Utilities,Middle East,2017,827.6,5.1,442.5,6.4,61.7,66.0,56.0,63.2,488768.0,305480.0,4887680.5,590.5848235862735,369.11551474142095,5905.848840019333,61.73333333333333,0.063479825237728
825,Company_825,Utilities,Middle East,2018,773.9,5.2,541.2,-6.5,61.1,66.5,55.2,61.7,454660.1,284162.5,4546600.8,587.4920532368523,367.18245251324464,5874.920273937201,61.13333333333333,-0.06488641855969068
825,Company_825,Utilities,Middle East,2019,809.9,3.7,360.8,4.7,63.4,70.4,56.2,63.7,458342.4,286464.0,4583423.9,565.9246820595135,353.70292628719596,5659.246697123102,63.43333333333334,0.046517637937718126
825,Company_825,Utilities,Middle East,2020,847.1,0.7,48.0,4.6,64.2,68.1,60.9,63.4,489965.4,306228.4,4899654.3,578.4032581749499,361.5020658717979,5784.032935898949,64.13333333333334,0.0459315964933944
825,Company_825,Utilities,Middle East,2021,900.5,0.1,14.0,6.3,65.0,66.6,63.2,65.1,528393.1,330245.7,5283931.1,586.7774569683509,366.73592448639647,5867.774680732926,64.96666666666667,0.06303860229016633
825,Company_825,Utilities,Middle East,2022,843.7,0.3,33.1,-6.3,67.8,69.0,67.4,67.0,484190.5,302619.0,4841904.7,573.8894156690767,358.680810714709,5738.89380111414,67.8,-0.06307606885063843
825,Company_825,Utilities,Middle East,2023,975.9,2.8,362.2,15.7,69.1,71.6,67.5,68.3,545549.3,340968.3,5455492.9,559.0217235372477,349.38856440209037,5590.217132902962,69.13333333333333,0.1566907668602584
825,Company_825,Utilities,Middle East,2024,1046.4,2.0,289.2,7.2,70.8,75.7,68.6,68.0,561183.8,350739.9,5611837.7,536.2995030581039,335.1872133027523,5362.994743883792,70.76666666666667,0.07224100830003088
825,Company_825,Utilities,Middle East,2025,1241.9,0.9,161.3,18.7,69.3,73.9,66.6,67.3,678201.6,423876.0,6782015.6,546.100008052178,341.3125050326113,5460.999758434656,69.26666666666667,0.18683103975535165
826,Company_826,Transportation,Latin America,2015,614.3,14.6,1350.0,1.4,59.4,29.2,73.7,75.5,367040.8,61173.5,1223469.2,597.4943838515384,99.58245157089371,1991.6477291225785,59.46666666666667,
826,Company_826,Transportation,Latin America,2016,644.8,17.8,2126.9,5.0,58.1,27.1,72.3,74.8,390876.7,65146.1,1302922.2,606.1983560794046,101.03303349875931,2020.6609801488835,58.06666666666666,0.049650008139345614
826,Company_826,Transportation,Latin America,2017,655.5,17.4,1459.3,1.7,58.7,26.9,73.9,75.2,397892.7,66315.5,1326309.1,607.0064073226545,101.1678108314264,2023.3548436308163,58.666666666666664,0.0165942928039704
826,Company_826,Transportation,Latin America,2018,635.7,17.8,1911.5,-3.0,60.1,28.5,75.2,76.6,381543.7,63590.6,1271812.4,600.1945886424414,100.03240522258926,2000.6487336794082,60.1,-0.030205949656750497
826,Company_826,Transportation,Latin America,2019,678.3,19.0,1280.0,6.7,58.1,26.8,74.0,73.6,412157.8,68693.0,1373859.4,607.6334955034646,101.27229839304144,2025.4450832964765,58.133333333333326,0.06701274185936756
826,Company_826,Transportation,Latin America,2020,617.1,14.2,1520.4,-9.0,60.2,30.8,77.0,72.7,364488.9,60748.2,1214963.1,590.6480311132718,98.44141954302381,1968.8269324258629,60.166666666666664,-0.09022556390977432
826,Company_826,Transportation,Latin America,2021,665.5,17.0,1868.2,7.8,61.4,31.6,77.3,75.2,390911.7,65152.0,1303039.1,587.3954921111946,97.89932381667919,1957.9851239669422,61.366666666666674,0.07843137254901955
826,Company_826,Transportation,Latin America,2022,651.1,19.3,2307.9,-2.2,61.1,30.6,75.2,77.7,385216.1,64202.7,1284053.5,591.6389187528797,98.60651205651973,1972.1294731992014,61.166666666666664,-0.021637866265965422
826,Company_826,Transportation,Latin America,2023,711.5,20.7,2874.0,9.3,63.9,33.2,78.0,80.4,412942.6,68823.8,1376475.4,580.3831342234715,96.73056921995784,1934.6105411103301,63.866666666666674,0.09276608815850107
826,Company_826,Transportation,Latin America,2024,719.7,22.2,1280.5,1.1,64.9,32.7,79.5,82.6,419357.9,69893.0,1397859.8,582.6843129081561,97.11407530915659,1942.281228289565,64.93333333333334,0.011524947294448307
826,Company_826,Transportation,Latin America,2025,715.1,21.8,1444.8,-0.6,65.2,36.7,79.5,79.3,404542.5,67423.8,1348475.1,565.7145853726752,94.28583414907006,1885.7154244161657,65.16666666666667,-0.0063915520355704025
827,Company_827,Retail,Latin America,2015,1464.0,4.3,758.9,7.65,34.5,50.3,38.3,14.9,124172.7,62086.3,248345.4,84.81741803278689,42.40867486338798,169.63483606557378,34.5,
827,Company_827,Retail,Latin America,2016,1491.9,5.6,1067.7,1.9,35.6,51.7,40.2,15.0,125029.3,62514.6,250058.6,83.80541591259467,41.902674441986726,167.61083182518934,35.63333333333333,0.019057377049180424
827,Company_827,Retail,Latin America,2017,1569.7,6.2,1527.9,5.2,38.2,54.2,43.1,17.4,128775.6,64387.8,257551.2,82.03835127731413,41.01917563865707,164.07670255462827,38.23333333333334,0.05214826731014144
827,Company_827,Retail,Latin America,2018,1954.1,5.2,1289.5,24.5,36.9,52.4,42.2,16.1,162815.7,81407.8,325631.4,83.32004503351928,41.65999692953278,166.64009006703856,36.9,0.24488755813212704
827,Company_827,Retail,Latin America,2019,2216.2,8.0,2050.3,13.4,38.1,53.8,44.1,16.4,182555.8,91277.9,365111.7,82.37334175615919,41.186670878079596,164.74672863459978,38.1,0.13412824318100403
827,Company_827,Retail,Latin America,2020,2115.8,13.2,4865.1,-4.5,38.2,54.8,40.5,19.3,172708.8,86354.4,345417.6,81.62813120332733,40.814065601663664,163.25626240665466,38.199999999999996,-0.04530277050807674
827,Company_827,Retail,Latin America,2021,2429.3,11.8,6282.4,14.8,39.1,56.4,40.8,20.0,195546.3,97773.2,391092.6,80.49491623101304,40.247478697567196,160.98983246202607,39.06666666666666,0.14817090462236515
827,Company_827,Retail,Latin America,2022,2674.8,13.6,8977.6,10.1,40.5,59.3,41.0,21.2,210004.7,105002.3,420009.3,78.51229998504562,39.25613129953641,157.02456258411843,40.5,0.10105791791874208
827,Company_827,Retail,Latin America,2023,2692.5,11.0,3767.2,0.7,41.7,60.7,41.4,23.0,208677.6,104338.8,417355.1,77.503286908078,38.751643454039,155.0065366759517,41.699999999999996,0.006617317182592952
827,Company_827,Retail,Latin America,2024,2994.5,13.4,5322.8,11.2,43.4,62.7,44.1,23.5,227857.6,113928.8,455715.2,76.0920353982301,38.04601769911505,152.1840707964602,43.43333333333334,0.11216341689879283
827,Company_827,Retail,Latin America,2025,3143.5,14.5,6858.4,5.0,44.3,65.9,42.6,24.3,232178.7,116089.4,464357.5,73.85993319548274,36.92998250357881,147.71989820264037,44.26666666666667,0.04975788946401738
828,Company_828,Technology,Oceania,2015,5151.9,13.6,24452.6,17.049999999999997,84.1,91.5,75.8,84.9,144042.8,86425.7,288085.5,27.959160697994914,16.77550030085988,55.91830198567519,84.06666666666668,
828,Company_828,Technology,Oceania,2016,6207.0,15.7,22579.4,20.5,84.0,90.7,73.9,87.2,175290.5,105174.3,350580.9,28.24077654261318,16.944465925567908,56.481536974383765,83.93333333333334,0.20479822977930473
828,Company_828,Technology,Oceania,2017,7117.0,17.0,27021.9,14.7,85.0,91.2,77.5,86.4,199909.4,119945.7,399818.8,28.08899817338766,16.853407334551076,56.17799634677532,85.03333333333333,0.14660866763331715
828,Company_828,Technology,Oceania,2018,8148.3,20.6,38303.0,14.5,85.0,88.2,81.0,85.7,237386.8,142432.1,474773.5,29.133291606838235,17.479977418602655,58.26657094117791,84.96666666666665,0.14490656175354788
828,Company_828,Technology,Oceania,2019,9466.2,22.6,60896.0,16.2,84.2,86.5,82.2,84.0,281343.5,168806.1,562687.0,29.720848915087362,17.83250934905242,59.441697830174725,84.23333333333333,0.1617392584956372
828,Company_828,Technology,Oceania,2020,11603.8,23.7,67530.0,22.6,84.5,88.2,80.9,84.3,338055.0,202833.0,676110.0,29.13312880263362,17.479877281580173,58.26625760526724,84.46666666666668,0.22581394857492953
828,Company_828,Technology,Oceania,2021,12852.9,21.2,80516.4,10.8,86.5,92.8,78.2,88.4,353534.3,212120.6,707068.6,27.506189264679566,16.503715114876798,55.01237852935913,86.46666666666665,0.10764577121287866
828,Company_828,Technology,Oceania,2022,15156.3,20.2,54168.9,17.9,87.3,97.3,76.4,88.3,393075.3,235845.2,786150.5,25.93477959660339,15.560869077545313,51.86955259529041,87.33333333333333,0.1792124734495717
828,Company_828,Technology,Oceania,2023,17463.2,20.1,78900.1,15.2,87.4,97.7,78.1,86.5,450609.3,270365.6,901218.7,25.803363644692837,15.482019332081174,51.60673301571304,87.43333333333334,0.15220733292426258
828,Company_828,Technology,Oceania,2024,21038.7,23.9,113490.6,20.5,89.6,100.0,78.2,90.7,525967.6,315580.6,1051935.2,25.000004753145394,15.000004753145392,50.00000950629079,89.63333333333333,0.20474483485271877
828,Company_828,Technology,Oceania,2025,24884.9,27.2,234060.3,18.3,90.5,99.7,79.0,92.8,624611.7,374767.0,1249223.5,25.10002853135837,15.060016315114787,50.200061081217925,90.5,0.18281547814266097
829,Company_829,Manufacturing,Oceania,2015,2365.2,10.7,2926.8,2.0,44.4,31.0,32.2,70.1,697730.4,930307.2,11628840.2,294.9984779299848,393.3313039066464,4916.641383392525,44.43333333333334,
829,Company_829,Manufacturing,Oceania,2016,2382.1,8.6,3034.8,0.7,44.5,31.6,30.7,71.2,699555.9,932741.2,11659264.4,293.67192813064105,391.5625708408547,4894.531883632089,44.5,0.0071452731270083
829,Company_829,Manufacturing,Oceania,2017,2376.3,10.2,3095.7,-0.2,43.5,32.6,28.7,69.2,692734.5,923646.0,11545575.1,291.51811639944447,388.690821865926,4858.635315406304,43.5,-0.002434826413668545
829,Company_829,Manufacturing,Oceania,2018,2574.4,8.4,2596.6,8.3,42.5,34.0,25.5,67.9,743072.2,990763.0,12384537.3,288.6389838408949,384.85200435052826,4810.649976693599,42.46666666666667,0.08336489500483935
829,Company_829,Manufacturing,Oceania,2019,2608.9,5.9,2175.5,1.3,42.8,35.1,26.3,66.8,746645.3,995527.0,12444087.7,286.191613323623,381.58879221127677,4769.859979301621,42.73333333333333,0.013401180857675499
829,Company_829,Manufacturing,Oceania,2020,2679.4,4.7,2256.9,2.7,45.2,34.0,31.8,69.7,773362.2,1031149.6,12889370.5,288.6326043143987,384.8434724191983,4810.543591848921,45.166666666666664,0.02702288320748214
829,Company_829,Manufacturing,Oceania,2021,2579.9,2.5,1155.2,-3.7,45.4,35.7,29.9,70.7,735535.0,980713.3,12258916.0,285.1021357416954,380.1361680685298,4751.702003953641,45.43333333333334,-0.03713517951780254
829,Company_829,Manufacturing,Oceania,2022,2756.6,3.8,1191.0,6.9,45.8,34.0,33.4,70.1,795662.3,1060883.0,13261037.7,288.6390118261627,384.8519915838352,4810.649967351084,45.833333333333336,0.06849102678398378
829,Company_829,Manufacturing,Oceania,2023,3007.2,6.8,2155.6,9.1,48.5,41.1,34.2,70.3,823071.1,1097428.2,13717852.4,273.70015296621443,364.93355945730247,4561.669459962756,48.53333333333334,0.09090909090909083
829,Company_829,Manufacturing,Oceania,2024,3150.3,8.5,2409.6,4.8,50.3,40.8,37.1,72.8,864156.0,1152208.0,14402599.6,274.3091134177697,365.7454845570263,4571.818429990794,50.23333333333333,0.04758579409417418
829,Company_829,Manufacturing,Oceania,2025,3138.4,6.7,4107.1,-0.4,52.9,40.9,40.1,77.6,860059.5,1146746.0,14334325.3,274.0439395870507,365.391919449401,4567.399088707622,52.86666666666667,-0.003777418023680368
830,Company_830,Manufacturing,Africa,2015,2684.5,15.9,6539.3,2.65,55.0,56.4,57.0,51.4,648352.9,864470.6,10805882.2,241.517191283293,322.0229465449804,4025.286720059601,54.93333333333334,
830,Company_830,Manufacturing,Africa,2016,2738.8,17.1,9415.3,2.0,54.7,56.6,53.2,54.2,660610.5,880814.0,11010175.3,241.20435957353584,321.60581276471447,4020.0727690959543,54.666666666666664,0.020227230396721918
830,Company_830,Manufacturing,Africa,2017,2940.6,17.8,9608.0,7.4,56.5,58.0,55.2,56.3,700170.6,933560.8,11669509.8,238.1046725158131,317.47289668775085,3968.4111405835547,56.5,0.07368190448371537
830,Company_830,Manufacturing,Africa,2018,3473.7,23.2,12784.1,18.1,57.3,58.7,56.1,57.0,822211.4,1096281.9,13703523.7,236.69614532055158,315.59487002331804,3944.935860897602,57.26666666666667,0.18128953274841875
830,Company_830,Manufacturing,Africa,2019,3327.8,18.8,5130.2,-4.2,57.9,57.5,56.8,59.4,796022.6,1061363.5,13267043.4,239.2038584049522,318.9384878898972,3986.7309934491254,57.9,-0.0420013242364049
830,Company_830,Manufacturing,Africa,2020,3661.5,19.7,11157.0,10.0,61.6,62.0,58.8,63.9,841443.6,1121924.8,14024059.9,229.80843916427693,306.41125221903593,3830.1406254267376,61.56666666666666,0.10027645892181014
830,Company_830,Manufacturing,Africa,2021,3954.0,20.4,12497.0,8.0,60.4,62.9,54.6,63.9,901546.9,1202062.6,15025782.1,228.00882650480526,304.01178553363684,3800.1472180070814,60.46666666666667,0.07988529291274071
830,Company_830,Manufacturing,Africa,2022,3712.1,19.4,13170.2,-6.1,59.0,62.8,52.6,61.7,847095.8,1129461.1,14118263.8,228.19853991002398,304.26472885967513,3803.309124215404,59.03333333333334,-0.061178553363682386
830,Company_830,Manufacturing,Africa,2023,3710.0,17.8,6517.7,-0.1,59.7,64.3,54.5,60.2,834773.7,1113031.6,13912894.7,225.0063881401617,300.00851752021566,3750.1063881401615,59.666666666666664,-0.0005657175183857444
830,Company_830,Manufacturing,Africa,2024,3652.8,22.0,9279.1,-1.5,59.3,66.8,52.4,58.8,802612.7,1070150.3,13376878.6,219.72533399036354,292.9671211125712,3662.0889728427505,59.333333333333336,-0.01541778975741237
830,Company_830,Manufacturing,Africa,2025,3772.6,20.1,11732.5,3.3,60.6,65.9,56.5,59.3,836295.6,1115060.8,13938260.4,221.67619148597785,295.56825531463716,3694.6032974606374,60.56666666666666,0.03279675865089793
831,Company_831,Manufacturing,Oceania,2015,1576.7,5.2,1146.0,3.1,73.6,81.2,95.6,44.1,298731.1,398308.1,4978851.4,189.4660366588444,252.62136107059044,3157.7671085177903,73.63333333333334,
831,Company_831,Manufacturing,Oceania,2016,1829.7,7.3,1689.6,16.0,75.6,83.8,98.9,44.1,336594.2,448792.3,5609903.5,183.9614144395256,245.28190413729024,3066.0236650817073,75.6,0.16046172385361834
831,Company_831,Manufacturing,Oceania,2017,1940.8,8.9,2826.2,6.1,74.3,82.1,96.1,44.7,363961.4,485281.9,6066023.7,187.53163643858204,250.04219909315748,3125.5274629018963,74.3,0.060720336667213104
831,Company_831,Manufacturing,Oceania,2018,1933.2,8.4,2820.4,-0.4,76.0,82.9,98.8,46.3,359357.9,479143.9,5989298.2,185.88759569625492,247.85014483757502,3098.126525967308,76.0,-0.003915910964550684
831,Company_831,Manufacturing,Oceania,2019,2004.3,10.5,1913.4,3.7,76.5,80.6,98.6,50.4,382391.7,509855.5,6373194.3,190.7856608292172,254.38083121289228,3179.760664571172,76.53333333333333,0.036778398510242116
831,Company_831,Manufacturing,Oceania,2020,2227.7,10.2,3393.3,11.1,77.6,81.6,98.5,52.5,420140.0,560186.7,7002333.5,188.59810566952464,251.46415585581542,3143.3018359743237,77.53333333333333,0.11146036022551509
831,Company_831,Manufacturing,Oceania,2021,2416.9,12.7,5777.4,8.5,78.3,83.8,100.0,51.0,444916.0,593221.3,7415266.4,184.0853986511647,245.44718440978113,3068.0898671852374,78.26666666666667,0.08493064595771438
831,Company_831,Manufacturing,Oceania,2022,2382.1,14.5,3377.5,-1.4,79.0,86.5,100.0,50.5,424708.5,566277.9,7078474.3,178.29163343268544,237.72213593048153,2971.5269300197306,79.0,-0.014398609789399663
831,Company_831,Manufacturing,Oceania,2023,2442.0,13.4,5673.4,2.5,78.8,87.7,100.0,48.8,429435.8,572581.1,7157263.3,175.85413595413596,234.47219492219492,2930.9022522522523,78.83333333333333,0.025145879685991357
831,Company_831,Manufacturing,Oceania,2024,2500.3,12.6,5073.0,2.4,80.5,87.9,100.0,53.6,438840.7,585120.9,7314010.9,175.51521817381914,234.020277566692,2925.253329600448,80.5,0.023873873873873963
831,Company_831,Manufacturing,Oceania,2025,2463.0,13.2,3972.4,-1.5,79.9,86.8,100.0,52.8,437724.1,583632.2,7295402.0,177.71989443767762,236.95988631749896,2961.9983759642714,79.86666666666667,-0.01491820981482228
832,Company_832,Consumer Goods,Africa,2015,965.9,9.5,1660.0,2.45,36.8,37.3,54.2,18.8,181367.9,226709.9,906839.5,187.77088725540946,234.71363495185838,938.8544362770473,36.766666666666666,
832,Company_832,Consumer Goods,Africa,2016,1037.9,7.1,980.6,7.5,36.0,36.1,53.7,18.0,196644.2,245805.3,983221.1,189.46353213218998,236.82946333943536,947.3177570093457,35.93333333333334,0.07454187804120527
832,Company_832,Consumer Goods,Africa,2017,1086.3,6.8,1430.8,4.7,36.5,38.3,53.1,18.2,202431.5,253039.4,1012157.5,186.34953511921202,232.93694191291542,931.74767559606,36.53333333333334,0.04663262356681752
832,Company_832,Consumer Goods,Africa,2018,1174.4,5.7,892.6,8.1,35.9,37.5,52.6,17.8,220212.7,275265.9,1101063.5,187.51081403269754,234.3885388283379,937.5540701634877,35.96666666666666,0.08110098499493712
832,Company_832,Consumer Goods,Africa,2019,1176.7,5.6,957.4,0.2,36.6,36.6,54.4,19.0,222071.5,277589.4,1110357.6,188.7239738251041,235.9049885272372,943.6199541089488,36.666666666666664,0.001958446866485053
832,Company_832,Consumer Goods,Africa,2020,1159.9,5.5,1081.9,-1.4,39.3,40.1,57.0,20.7,213323.7,266654.7,1066618.6,183.9155961720838,229.89455987585137,919.5780670747479,39.266666666666666,-0.014277215942891108
832,Company_832,Consumer Goods,Africa,2021,1108.3,4.8,879.8,-4.4,40.0,43.7,56.1,20.2,198234.4,247792.9,991171.8,178.8634846160787,223.5792655418208,894.3172426238384,40.00000000000001,-0.04448659367186836
832,Company_832,Consumer Goods,Africa,2022,1097.2,8.9,1381.4,-1.0,39.3,42.8,56.3,18.8,197642.9,247053.7,988214.7,180.13388625592415,225.16742617572,900.6696135617935,39.3,-0.010015338807182084
832,Company_832,Consumer Goods,Africa,2023,1206.9,10.3,1624.4,10.0,39.3,46.5,53.5,17.9,211127.7,263909.6,1055638.5,174.93388018891375,218.6673295219156,874.6694009445687,39.300000000000004,0.09998177178271961
832,Company_832,Consumer Goods,Africa,2024,1282.8,7.8,1962.6,6.3,40.6,47.2,55.2,19.4,223172.0,278965.0,1115860.1,173.97256002494544,217.4657000311818,869.8628780792019,40.6,0.06288839174745209
832,Company_832,Consumer Goods,Africa,2025,1234.0,8.8,2444.8,-3.8,41.5,50.1,54.8,19.5,209627.0,262033.8,1048135.1,169.87601296596435,212.345056726094,849.3801458670988,41.46666666666667,-0.03804178359837851
833,Company_833,Consumer Goods,North America,2015,376.5,15.9,608.4,14.1,56.2,37.8,56.4,74.5,70442.9,88053.6,352214.3,187.09933598937582,233.8741035856574,935.4961487383798,56.23333333333333,
833,Company_833,Consumer Goods,North America,2016,427.6,11.0,697.6,13.6,56.6,39.4,57.3,73.2,79055.9,98819.9,395279.5,184.88283442469594,231.10360149672587,924.4141721234798,56.633333333333326,0.13572377158034543
833,Company_833,Consumer Goods,North America,2017,490.2,12.4,1467.3,14.6,57.2,42.6,56.1,72.8,88447.0,110558.8,442235.2,180.43043655650754,225.53814769481846,902.1525907792739,57.166666666666664,0.14639850327408777
833,Company_833,Consumer Goods,North America,2018,545.7,12.4,717.8,11.3,57.4,44.2,56.1,71.8,97238.7,121548.4,486193.7,178.19076415612972,222.73850100787976,890.9541872823895,57.366666666666674,0.11321909424724619
833,Company_833,Consumer Goods,North America,2019,663.2,9.0,1461.4,21.5,56.2,45.1,54.2,69.3,117323.5,146654.4,586617.7,176.90515681544028,221.13148371531963,884.5260856453557,56.20000000000001,0.21531977276892067
833,Company_833,Consumer Goods,North America,2020,651.1,8.7,733.3,-1.8,58.4,48.8,55.8,70.6,111765.3,139706.6,558826.4,171.6561204116111,214.57011211795424,858.280448471817,58.4,-0.018244873341375145
833,Company_833,Consumer Goods,North America,2021,781.5,10.5,1899.9,20.0,59.6,53.8,54.4,70.5,128720.8,160901.0,643604.1,164.70991682661548,205.88739603326934,823.5497120921304,59.56666666666666,0.20027645522961146
833,Company_833,Consumer Goods,North America,2022,909.2,10.1,2169.3,16.3,60.5,53.5,55.1,72.8,150155.0,187693.8,750775.1,165.15068191816982,206.43840739111303,825.7535195776506,60.46666666666666,0.16340371081254013
833,Company_833,Consumer Goods,North America,2023,1073.6,7.7,1577.4,18.1,60.5,54.1,54.2,73.3,176343.8,220429.7,881718.8,164.2546572280179,205.3182749627422,821.2730998509688,60.53333333333334,0.18081830180378344
833,Company_833,Consumer Goods,North America,2024,1216.6,7.4,1456.0,13.3,60.7,58.4,50.7,72.9,192509.0,240636.3,962545.2,158.23524576689135,197.79409830675655,791.1763932270262,60.666666666666664,0.13319672131147553
833,Company_833,Consumer Goods,North America,2025,1305.6,7.2,1891.5,7.3,61.8,64.4,47.9,73.1,195540.7,244425.8,977703.3,149.7707567401961,187.21338848039215,748.853630514706,61.800000000000004,0.07315469340785796
834,Company_834,Technology,Oceania,2015,7632.8,17.4,44796.8,11.4,78.9,93.8,58.4,84.4,207285.5,124371.3,414571.0,27.15720312336233,16.2943218740174,54.31440624672466,78.86666666666666,
834,Company_834,Technology,Oceania,2016,8500.4,19.1,53492.8,11.4,78.8,95.2,57.7,83.6,226712.7,136027.6,453425.5,26.670827255187994,16.00249400028234,53.34166627452826,78.83333333333333,0.1136673304685043
834,Company_834,Technology,Oceania,2017,9997.3,18.2,43188.8,17.6,81.2,100.0,58.7,84.8,249931.8,149959.1,499863.6,24.999929981094898,14.999959989197086,49.999859962189795,81.16666666666667,0.176097595407275
834,Company_834,Technology,Oceania,2018,10956.3,18.9,34235.4,9.6,82.4,99.0,64.2,84.0,277640.3,166584.2,555280.6,25.340698958590036,15.204421200587792,50.68139791718007,82.39999999999999,0.09592589999299816
834,Company_834,Technology,Oceania,2019,11287.1,18.7,42548.5,3.0,81.5,97.7,65.2,81.6,291117.2,174670.3,582234.3,25.79202806743982,15.47521506852956,51.584047275207986,81.5,0.0301926745342862
834,Company_834,Technology,Oceania,2020,12467.2,15.3,34612.2,10.5,82.7,96.7,67.9,83.6,326248.7,195749.2,652497.5,26.168562307494867,15.701135780287474,52.337132636036955,82.73333333333333,0.10455298526636603
834,Company_834,Technology,Oceania,2021,13933.0,15.1,36790.4,11.8,85.0,100.0,69.0,85.9,348324.8,208994.9,696649.5,24.999985645589607,14.999992822794804,49.999964113974016,84.96666666666667,0.11757251026694049
834,Company_834,Technology,Oceania,2022,15517.6,12.7,36014.6,11.4,85.9,100.0,69.6,88.1,387939.4,232763.6,775878.8,24.999961334226942,14.999974222817961,49.999922668453884,85.89999999999999,0.11372999354051538
834,Company_834,Technology,Oceania,2023,17701.1,11.8,58846.9,14.1,88.2,100.0,73.2,91.3,442527.7,265516.6,885055.4,25.00001129873285,15.000005649366424,50.0000225974657,88.16666666666667,0.1407111924524409
834,Company_834,Technology,Oceania,2024,16947.4,13.0,43227.4,-4.3,86.0,96.6,72.0,89.5,444015.8,266409.5,888031.6,26.199641242904512,15.719785925864732,52.399282485809024,86.03333333333335,-0.042579274734338424
834,Company_834,Technology,Oceania,2025,19224.2,13.3,46957.7,13.4,87.7,100.0,69.1,94.0,480605.3,288363.2,961210.5,25.00001560533078,15.000010403553855,50.00002600888463,87.7,0.13434509128243866
835,Company_835,Healthcare,Middle East,2015,3064.1,16.0,8522.7,8.0,27.2,50.5,27.7,3.4,259380.8,259380.8,518761.6,84.65154531510068,84.65154531510068,169.30309063020135,27.200000000000003,
835,Company_835,Healthcare,Middle East,2016,3416.0,16.8,9952.6,11.5,26.8,48.7,30.0,1.7,293562.6,293562.6,587125.3,85.93752927400467,85.93752927400467,171.87508782201405,26.8,0.11484612121014326
835,Company_835,Healthcare,Middle East,2017,3128.9,13.6,6578.1,-8.4,28.9,50.8,34.8,1.0,264122.5,264122.5,528245.0,84.41385151331139,84.41385151331139,168.82770302662277,28.866666666666664,-0.0840456674473068
835,Company_835,Healthcare,Middle East,2018,3413.8,16.3,5580.4,9.1,30.6,51.4,37.9,2.6,286858.1,286858.1,573716.2,84.02897064854413,84.02897064854413,168.05794129708826,30.63333333333333,0.0910543641535364
835,Company_835,Healthcare,Middle East,2019,3855.2,15.6,12641.2,12.9,31.4,49.9,39.3,5.0,328058.2,328058.2,656116.5,85.09498858684375,85.09498858684375,170.190003112679,31.399999999999995,0.12929872868943693
835,Company_835,Healthcare,Middle East,2020,4216.4,16.9,14770.0,9.4,34.3,54.1,42.0,6.7,346272.8,346272.8,692545.5,82.12522531069159,82.12522531069159,164.25042690446827,34.266666666666666,0.09369163726914298
835,Company_835,Healthcare,Middle East,2021,3939.9,19.0,16707.8,-6.6,34.0,55.6,43.6,2.6,319394.3,319394.3,638788.6,81.06660067514403,81.06660067514403,162.13320135028806,33.93333333333333,-0.06557726970875621
835,Company_835,Healthcare,Middle East,2022,4207.1,22.0,17688.8,6.8,33.9,54.8,43.9,2.9,343532.9,343532.9,687065.7,81.65551092201278,81.65551092201278,163.31099807468325,33.86666666666667,0.06781898017716181
835,Company_835,Healthcare,Middle East,2023,4499.2,20.8,13767.8,6.9,34.0,54.7,45.7,1.6,367476.7,367476.7,734953.3,81.67600906827882,81.67600906827882,163.3519959103841,34.0,0.06943024886501381
835,Company_835,Healthcare,Middle East,2024,5516.0,26.3,24418.3,22.6,35.1,58.0,46.4,0.8,437958.1,437958.1,875916.1,79.39777012327774,79.39777012327774,158.79552211747642,35.06666666666667,0.22599573257467998
835,Company_835,Healthcare,Middle East,2025,5191.5,25.2,30706.1,-5.9,36.1,57.2,48.9,2.3,415114.2,415114.2,830228.3,79.96035827795436,79.96035827795436,159.9206972936531,36.13333333333333,-0.05882886149383615
836,Company_836,Retail,Europe,2015,1032.2,1.6,368.3,-14.55,62.1,66.5,68.0,51.9,75815.3,37907.6,151630.6,73.45020344894401,36.72505328424724,146.90040689788802,62.13333333333333,
836,Company_836,Retail,Europe,2016,854.5,2.3,206.3,-17.2,61.1,68.9,64.5,49.8,61329.7,30664.9,122659.5,71.77261556465768,35.88636629607958,143.54534815681686,61.06666666666666,-0.17215655880643288
836,Company_836,Retail,Europe,2017,731.9,2.5,214.6,-14.3,62.7,68.5,65.8,53.8,52718.9,26359.4,105437.7,72.03019538188278,36.01502937559776,144.0602541330783,62.70000000000001,-0.1434757167934465
836,Company_836,Retail,Europe,2018,674.6,1.6,217.4,-7.8,63.2,67.0,67.5,55.0,49305.8,24652.9,98611.6,73.08894159501928,36.54447079750964,146.17788319003856,63.166666666666664,-0.07828938379560046
836,Company_836,Retail,Europe,2019,673.8,0.0,1.8,-0.1,62.3,68.2,63.5,55.3,48687.3,24343.7,97374.6,72.25779162956368,36.12897002077768,144.51558325912737,62.333333333333336,-0.0011858879335904238
836,Company_836,Retail,Europe,2020,555.8,2.4,154.1,-17.5,62.8,67.6,65.1,55.8,40410.4,20205.2,80820.8,72.70672903922275,36.353364519611375,145.4134580784455,62.833333333333336,-0.17512615019293565
836,Company_836,Retail,Europe,2021,408.8,-0.3,1051.9,-26.5,63.4,69.5,66.6,54.0,29164.3,14582.1,58328.6,71.34124266144813,35.67049902152642,142.68248532289627,63.36666666666667,-0.2644836272040302
836,Company_836,Retail,Europe,2022,375.4,-1.1,850.8,-8.2,66.0,71.8,67.8,58.4,26192.2,13096.1,52384.4,69.77144379328716,34.88572189664358,139.54288758657432,66.0,-0.08170254403131127
836,Company_836,Retail,Europe,2023,313.0,-1.8,1403.2,-16.6,66.3,74.0,66.3,58.7,21337.2,10668.6,42674.4,68.16996805111822,34.08498402555911,136.33993610223644,66.33333333333333,-0.166222695791156
836,Company_836,Retail,Europe,2024,266.8,-1.1,578.7,-14.8,67.5,75.2,68.2,59.1,17965.1,8982.5,35930.1,67.3354572713643,33.66754122938531,134.67053973013492,67.5,-0.14760383386581466
836,Company_836,Retail,Europe,2025,247.2,-1.2,1180.6,-7.3,68.0,75.6,67.6,60.7,16578.3,8289.1,33156.6,67.06432038834951,33.53195792880259,134.12864077669903,67.96666666666665,-0.07346326836581718
837,Company_837,Healthcare,Latin America,2015,1126.4,16.7,2840.7,7.2,52.0,58.9,52.2,44.9,88727.8,88727.8,177455.7,78.77112926136363,78.77112926136363,157.54234730113637,52.0,
837,Company_837,Healthcare,Latin America,2016,1201.8,12.7,3064.6,6.7,52.8,61.1,54.6,42.6,92795.7,92795.7,185591.4,77.21392910634049,77.21392910634049,154.42785821268097,52.76666666666667,0.06693892045454541
837,Company_837,Healthcare,Latin America,2017,1326.6,15.0,2138.1,10.4,54.4,60.9,56.4,46.0,102644.7,102644.7,205289.4,77.37426503844415,77.37426503844415,154.7485300768883,54.43333333333334,0.10384423364952577
837,Company_837,Healthcare,Latin America,2018,1550.2,15.1,3651.7,16.9,58.6,64.7,62.5,48.7,115793.1,115793.1,231586.2,74.6955876661076,74.6955876661076,149.3911753322152,58.63333333333333,0.16855118347655673
837,Company_837,Healthcare,Latin America,2019,1605.3,16.4,5985.0,3.6,60.5,68.4,61.5,51.7,115772.6,115772.6,231545.2,72.11898087584876,72.11898087584876,144.23796175169753,60.53333333333334,0.03554380079989672
837,Company_837,Healthcare,Latin America,2020,1604.8,17.1,5292.4,-0.0,63.6,72.2,64.1,54.5,111514.6,111514.6,223029.1,69.48816051844467,69.48816051844467,138.97625872382852,63.6,-0.0003114682613841735
837,Company_837,Healthcare,Latin America,2021,1805.9,18.3,4386.8,12.5,65.9,73.7,66.8,57.3,123499.9,123499.9,246999.7,68.3868984993632,68.3868984993632,136.77374162467467,65.93333333333334,0.12531156530408794
837,Company_837,Healthcare,Latin America,2022,1944.4,18.0,7988.3,7.7,66.8,76.8,66.0,57.6,128748.4,128748.4,257496.8,66.21497634231639,66.21497634231639,132.42995268463278,66.8,0.0766930616313195
837,Company_837,Healthcare,Latin America,2023,1926.8,23.1,7715.7,-0.9,69.6,77.7,67.8,63.2,126401.9,126401.9,252803.8,65.60198256176044,65.60198256176044,131.20396512352087,69.56666666666666,-0.009051635465953556
837,Company_837,Healthcare,Latin America,2024,1978.5,22.2,9264.6,2.7,69.5,77.4,67.8,63.3,130255.2,130255.2,260510.5,65.83532979529947,65.83532979529947,131.67071013393985,69.5,0.026832053145111168
837,Company_837,Healthcare,Latin America,2025,2234.8,21.1,10121.9,13.0,71.5,77.0,70.5,67.2,147754.7,147754.7,295509.4,66.11540182566672,66.11540182566672,132.23080365133345,71.56666666666666,0.12954258276472075
838,Company_838,Finance,Latin America,2015,5686.9,7.9,5536.6,14.55,72.6,72.1,78.3,67.4,79113.2,39556.6,197782.9,13.911480771597883,6.955740385798942,34.77868434472208,72.6,
838,Company_838,Finance,Latin America,2016,6253.3,5.7,3290.7,10.0,74.4,73.1,78.9,71.2,86123.6,43061.8,215309.1,13.772504117825788,6.886252058912894,34.43127628612093,74.39999999999999,0.09959732015685185
838,Company_838,Finance,Latin America,2017,7580.8,4.2,3784.3,21.2,75.4,74.1,82.2,69.8,103255.5,51627.7,258138.7,13.620660088644998,6.810323448712537,34.05164362600253,75.36666666666667,0.2122879119824732
838,Company_838,Finance,Latin America,2018,9297.7,0.5,529.6,22.6,76.3,76.1,81.2,71.6,124140.2,62070.1,310350.4,13.3517106381148,6.6758553190574,33.37926583993891,76.3,0.22648005487547485
838,Company_838,Finance,Latin America,2019,10805.5,0.4,422.9,16.2,76.4,76.8,80.5,71.8,143214.7,71607.4,358036.8,13.253870713988247,6.6269399842672705,33.134681412243765,76.36666666666667,0.16216913860417081
838,Company_838,Finance,Latin America,2020,11744.4,0.8,1413.4,8.7,77.1,76.4,79.9,74.8,156174.9,78087.5,390437.3,13.29781853479105,6.6489135247437074,33.24455059432581,77.03333333333335,0.08689093517190316
838,Company_838,Finance,Latin America,2021,12139.4,4.3,9995.1,3.4,77.1,79.0,79.6,72.7,157118.0,78559.0,392794.9,12.94281430713215,6.471407153566075,32.357027530190955,77.10000000000001,0.03363305064541389
838,Company_838,Finance,Latin America,2022,14058.9,1.2,1921.6,15.8,79.6,82.5,80.6,75.6,174967.2,87483.6,437418.0,12.445297996287051,6.222648998143526,31.113244990717625,79.56666666666666,0.15812148870619636
838,Company_838,Finance,Latin America,2023,15929.8,3.1,9588.8,13.3,81.4,84.1,84.0,76.2,194719.0,97359.5,486797.5,12.223568406383006,6.111784203191503,30.558921015957516,81.43333333333334,0.1330758451941474
838,Company_838,Finance,Latin America,2024,19744.7,2.6,4300.1,23.9,81.8,84.5,85.7,75.3,240330.8,120165.4,600826.9,12.171914488445,6.0859572442225,30.42978115646224,81.83333333333333,0.23948197717485487
838,Company_838,Finance,Latin America,2025,20162.6,3.3,9098.0,2.1,80.9,81.9,83.8,77.0,252778.8,126389.4,631946.9,12.53701407556565,6.268507037782825,31.342530229236313,80.89999999999999,0.02116517343894797
839,Company_839,Manufacturing,Oceania,2015,1409.5,6.4,1932.1,4.7,48.2,45.5,35.3,63.8,372721.0,496961.4,6212016.9,264.4349059950337,352.5799219581412,4407.248598793899,48.199999999999996,
839,Company_839,Manufacturing,Oceania,2016,1347.2,11.1,3280.6,-4.4,48.8,46.9,33.1,66.5,352333.9,469778.5,5872231.2,261.530507719715,348.7073188836104,4358.841448931116,48.833333333333336,-0.0442000709471444
839,Company_839,Manufacturing,Oceania,2017,1416.9,12.5,3008.5,5.2,48.1,46.5,29.5,68.3,371774.6,495699.5,6196243.2,262.3859129084621,349.8479074034865,4373.098454372221,48.1,0.05173693586698347
839,Company_839,Manufacturing,Oceania,2018,1467.3,11.6,2586.4,3.6,48.3,47.2,29.2,68.5,382828.6,510438.1,6380476.0,260.90683568459076,347.87575819532475,4348.446807060587,48.300000000000004,0.03557061189921651
839,Company_839,Manufacturing,Oceania,2019,1508.7,11.9,2126.3,2.8,49.8,48.3,32.9,68.3,390040.8,520054.4,6500680.1,258.52773911314375,344.7036521508584,4308.7957181679585,49.833333333333336,0.02821508893886726
839,Company_839,Manufacturing,Oceania,2020,1720.1,12.3,1960.8,14.0,52.2,52.0,38.5,66.1,431424.9,575233.2,7190415.1,250.8138480320912,334.4184640427882,4180.230858671008,52.199999999999996,0.14012063365811622
839,Company_839,Manufacturing,Oceania,2021,1886.3,12.8,2550.3,9.7,54.2,55.9,40.2,66.7,457781.3,610375.0,7629688.1,242.68743041933945,323.5832052165615,4044.790383290039,54.26666666666667,0.09662228940177897
839,Company_839,Manufacturing,Oceania,2022,2113.3,14.3,6230.3,12.0,54.2,55.8,40.2,66.5,513147.9,684197.2,8552465.6,242.8182936639379,323.7577248852505,4046.9718449817815,54.166666666666664,0.12034140910777724
839,Company_839,Manufacturing,Oceania,2023,2201.5,17.0,3875.7,4.2,55.1,55.6,44.9,64.9,535505.4,714007.3,8925090.8,243.24569611628436,324.32764024528734,4054.095298660005,55.13333333333333,0.0417356740642596
839,Company_839,Manufacturing,Oceania,2024,2228.2,15.6,6152.5,1.2,59.4,58.2,49.4,70.6,529997.0,706662.7,8833283.6,237.8588098016336,317.14509469526973,3964.3136163719596,59.4,0.012128094481035578
839,Company_839,Manufacturing,Oceania,2025,2420.5,18.8,4658.4,8.6,59.1,59.6,46.9,70.7,568287.1,757716.1,9471451.3,234.78087172071886,313.0411485230324,3913.0143771947946,59.06666666666666,0.08630284534601929
840,Company_840,Utilities,Africa,2015,1150.3,5.9,1012.5,4.6,50.0,61.1,31.4,57.7,710958.4,444349.0,7109584.2,618.063461705642,386.28966356602626,6180.634790924107,50.06666666666666,
840,Company_840,Utilities,Africa,2016,1157.7,5.2,602.3,0.6,51.9,63.1,34.4,58.2,702322.9,438951.8,7023228.7,606.653623563963,379.1585039302064,6066.53597650514,51.9,0.006433104407545853
840,Company_840,Utilities,Africa,2017,1247.3,3.1,473.6,7.7,52.1,64.3,32.3,59.6,748321.8,467701.1,7483217.7,599.9533392126995,374.97081696464363,5999.533151607472,52.06666666666666,0.07739483458581664
840,Company_840,Utilities,Africa,2018,1293.0,2.0,243.7,3.7,56.3,72.1,33.7,63.2,719192.1,449495.1,7191921.0,556.2197215777262,347.63735498839907,5562.1972157772625,56.333333333333336,0.0366391405435742
840,Company_840,Utilities,Africa,2019,1517.4,0.4,74.4,17.4,56.4,74.6,28.9,65.8,823183.7,514489.8,8231837.0,542.4961776723342,339.06010280743374,5424.961776723342,56.43333333333334,0.17354988399071924
840,Company_840,Utilities,Africa,2020,1601.5,3.7,689.2,5.5,56.4,76.8,24.1,68.3,848499.1,530311.9,8484991.2,529.8152357165158,331.13449890727446,5298.152482048079,56.4,0.05542375115328846
840,Company_840,Utilities,Africa,2021,1429.3,3.5,628.7,-10.8,57.2,76.7,22.4,72.5,758128.5,473830.3,7581285.2,530.4194360875954,331.51213880920733,5304.19450080459,57.199999999999996,-0.10752419606618802
840,Company_840,Utilities,Africa,2022,1468.9,2.7,388.5,2.8,57.8,81.6,20.4,71.4,739091.9,461932.4,7390918.7,503.16011981755054,314.47504935666143,5031.600993941044,57.800000000000004,0.027705870006296873
840,Company_840,Utilities,Africa,2023,1789.9,2.5,662.9,21.9,57.9,82.4,17.8,73.5,891881.5,557426.0,8918815.5,498.2856584166713,311.4285714285714,4982.856863511928,57.9,0.21853087344271227
840,Company_840,Utilities,Africa,2024,1967.1,1.0,263.1,9.9,58.6,82.2,18.0,75.6,983050.5,614406.5,9830504.7,499.74607289919174,312.34126378933456,4997.460576483148,58.6,0.09899994413095703
840,Company_840,Utilities,Africa,2025,1721.6,1.4,322.5,-12.5,59.6,84.7,19.8,74.3,836107.8,522567.4,8361078.4,485.65741171003725,303.5358968401487,4856.57434944238,59.6,-0.1248030095063799
841,Company_841,Energy,Africa,2015,2370.8,15.9,5347.7,-17.4,22.8,24.3,31.5,12.7,2441354.3,732406.3,24413542.8,1029.759701366627,308.9279146279737,10297.596929306563,22.833333333333332,
841,Company_841,Energy,Africa,2016,2131.9,12.5,3991.8,-10.1,23.5,22.2,32.8,15.4,2227226.0,668167.8,22272260.2,1044.7141047891553,313.41423143674655,10447.141141704582,23.46666666666667,-0.10076767335920367
841,Company_841,Energy,Africa,2017,1934.5,17.8,5745.5,-9.3,24.2,22.4,35.9,14.1,2017591.8,605277.5,20175917.7,1042.9525975704316,312.88575859395195,10429.525820625484,24.13333333333333,-0.09259346123176515
841,Company_841,Energy,Africa,2018,1763.3,18.1,5691.1,-8.9,25.7,22.1,36.8,18.1,1842643.7,552793.1,18426436.7,1044.997277831339,313.499177678217,10449.972608177848,25.666666666666668,-0.08849831997932289
841,Company_841,Energy,Africa,2019,1360.9,14.5,2732.0,-22.8,26.5,24.3,40.1,15.1,1401476.1,420442.8,14014761.2,1029.815636711,308.94466896906454,10298.156514071568,26.5,-0.22820847274995737
841,Company_841,Energy,Africa,2020,993.0,12.9,2134.6,-27.0,25.9,25.5,38.6,13.6,1014550.4,304365.1,10145504.4,1021.7023162134944,306.5106747230614,10217.023564954683,25.899999999999995,-0.2703358071864208
841,Company_841,Energy,Africa,2021,748.0,9.4,833.3,-24.7,26.3,27.3,39.8,11.9,754859.9,226458.0,7548599.2,1009.1709893048129,302.7513368983957,10091.710160427807,26.333333333333332,-0.24672708962739176
841,Company_841,Energy,Africa,2022,568.9,8.6,437.7,-23.9,26.3,28.5,39.7,10.8,569092.0,170727.6,5690919.5,1000.3374934083319,300.1012480224996,10003.374055194236,26.333333333333332,-0.23943850267379685
841,Company_841,Energy,Africa,2023,460.0,8.8,532.5,-19.1,26.8,31.8,39.6,9.0,449536.3,134860.9,4495363.5,977.2528260869565,293.1758695652174,9772.529347826086,26.8,-0.1914220425382317
841,Company_841,Energy,Africa,2024,465.0,16.9,1156.1,1.1,27.1,32.9,42.8,5.7,450934.6,135280.4,4509345.8,969.7518279569892,290.9255913978495,9697.517849462365,27.13333333333333,0.010869565217391353
841,Company_841,Energy,Africa,2025,392.1,22.3,1287.1,-15.7,28.0,31.0,46.4,6.5,385416.1,115624.8,3854161.4,982.953583269574,294.8859984697781,9829.536852843661,27.96666666666667,-0.15677419354838706
842,Company_842,Healthcare,North America,2015,799.2,20.1,3627.5,-0.9500000000000001,58.3,42.8,81.3,50.8,71946.0,71946.0,143891.9,90.02252252252252,90.02252252252252,180.0449199199199,58.29999999999999,
842,Company_842,Healthcare,North America,2016,754.8,24.4,1906.6,-5.6,58.9,42.9,81.6,52.3,67910.5,67910.5,135821.0,89.97151563328035,89.97151563328035,179.9430312665607,58.93333333333334,-0.05555555555555569
842,Company_842,Healthcare,North America,2017,803.0,18.3,2930.7,6.4,60.1,45.7,79.5,55.0,70679.4,70679.4,141358.9,88.01917808219177,88.01917808219177,176.0384806973848,60.06666666666666,0.06385797562268158
842,Company_842,Healthcare,North America,2018,750.7,17.7,3301.3,-6.5,60.1,47.3,75.7,57.4,65244.0,65244.0,130488.1,86.91088317570268,86.91088317570268,173.8218995604103,60.13333333333333,-0.06513075965130755
842,Company_842,Healthcare,North America,2019,784.2,16.1,1947.7,4.5,61.2,48.0,74.1,61.4,67734.7,67734.7,135469.4,86.37426676868145,86.37426676868145,172.7485335373629,61.166666666666664,0.044625016651125504
842,Company_842,Healthcare,North America,2020,777.7,18.0,3381.5,-0.8,62.1,48.0,76.2,62.1,67188.0,67188.0,134375.9,86.39321074964639,86.39321074964639,172.78629291500576,62.1,-0.008288701861769998
842,Company_842,Healthcare,North America,2021,731.6,15.2,2314.2,-5.9,61.9,45.6,75.8,64.4,64440.1,64440.1,128880.2,88.08105522143248,88.08105522143248,176.16211044286496,61.93333333333334,-0.059277356307059326
842,Company_842,Healthcare,North America,2022,723.5,18.1,2118.7,-1.1,62.7,47.8,76.1,64.2,62625.4,62625.4,125250.8,86.55894955079475,86.55894955079475,173.1178991015895,62.699999999999996,-0.011071623838162958
842,Company_842,Healthcare,North America,2023,678.0,19.8,1347.3,-6.3,63.2,48.0,78.8,62.8,58583.9,58583.9,117167.7,86.40693215339233,86.40693215339233,172.81371681415928,63.199999999999996,-0.06288873531444372
842,Company_842,Healthcare,North America,2024,685.8,23.6,2348.5,1.1,64.8,48.7,80.3,65.4,58902.1,58902.1,117804.3,85.88815981335667,85.88815981335667,171.7764654418198,64.8,0.011504424778761013
842,Company_842,Healthcare,North America,2025,710.2,17.0,1408.2,3.6,66.2,52.8,78.5,67.2,58962.0,58962.0,117924.0,83.02168403266685,83.02168403266685,166.0433680653337,66.16666666666667,0.03557888597258696
843,Company_843,Retail,Middle East,2015,1447.0,10.8,3775.6,7.3,57.8,67.9,91.2,14.3,104897.0,52448.5,209794.0,72.49274360746372,36.24637180373186,144.98548721492745,57.80000000000001,
843,Company_843,Retail,Middle East,2016,1570.6,10.1,2232.7,8.5,58.5,69.0,93.4,13.3,112613.0,56306.5,225226.0,71.70062396536356,35.85031198268178,143.40124793072712,58.56666666666667,0.08541810642709047
843,Company_843,Retail,Middle East,2017,1771.2,10.8,2053.3,12.8,59.4,71.7,93.6,13.0,123654.1,61827.1,247308.3,69.8137420957543,34.906899277326104,139.6275406504065,59.43333333333334,0.1277218897236725
843,Company_843,Retail,Middle East,2018,1694.8,9.9,2568.0,-4.3,58.4,71.1,93.8,10.2,118990.5,59495.3,237981.0,70.2091692235072,35.10461411375974,140.4183384470144,58.36666666666665,-0.04313459801264685
843,Company_843,Retail,Middle East,2019,1917.9,12.0,3333.6,13.2,59.6,70.7,95.4,12.7,135169.1,67584.6,270338.2,70.47765785494552,35.23885499765368,140.95531570989104,59.6,0.131637951380694
843,Company_843,Retail,Middle East,2020,1980.3,9.6,4202.8,3.3,58.2,73.2,90.0,11.5,136136.1,68068.1,272272.3,68.74519012270869,34.37262031005404,137.49043074281676,58.23333333333333,0.03253558579696536
843,Company_843,Retail,Middle East,2021,2161.7,11.3,5543.4,9.2,59.0,74.4,90.9,11.6,146814.3,73407.1,293628.5,67.91613082296341,33.958042281537686,135.83221538603877,58.96666666666667,0.09160228248245206
843,Company_843,Retail,Middle East,2022,2123.5,14.4,4338.6,-1.8,60.8,76.2,91.1,15.2,141621.0,70810.5,283242.1,66.69225335530963,33.346126677654816,133.38455380268422,60.833333333333336,-0.017671277235508986
843,Company_843,Retail,Middle East,2023,2357.7,12.6,4937.6,11.0,61.2,75.7,92.5,15.4,157986.0,78993.0,315972.0,67.00852525766638,33.50426262883319,134.01705051533276,61.199999999999996,0.11028961619967026
843,Company_843,Retail,Middle East,2024,2502.5,13.8,5245.8,6.1,61.9,76.4,96.5,12.9,166479.3,83239.6,332958.6,66.5251948051948,33.26257742257742,133.0503896103896,61.93333333333334,0.061415786571658915
843,Company_843,Retail,Middle East,2025,2430.5,13.7,4555.3,-2.9,60.9,75.8,95.5,11.3,162700.4,81350.2,325400.8,66.94112322567372,33.47056161283686,133.88224645134744,60.866666666666674,-0.02877122877122873
844,Company_844,Utilities,Africa,2015,788.2,5.4,421.3,11.7,28.7,63.3,9.6,13.4,477332.4,298332.7,4773324.0,605.5980715554427,378.4987312864755,6055.980715554428,28.766666666666666,
844,Company_844,Utilities,Africa,2016,887.6,6.3,689.1,12.6,29.8,63.7,10.1,15.8,535662.8,334789.2,5356627.6,603.4957187922488,377.18476791347456,6034.95673726904,29.866666666666664,0.12611012433392532
844,Company_844,Utilities,Africa,2017,1010.3,5.6,561.7,13.8,30.0,61.8,10.4,17.9,620276.0,387672.5,6202760.5,613.9522913985945,383.72018212412155,6139.523408888449,30.03333333333333,0.1382379450202793
844,Company_844,Utilities,Africa,2018,1178.8,5.2,919.1,16.7,31.8,64.3,10.7,20.4,707348.4,442092.7,7073483.9,600.0580251102817,375.03622327790976,6000.5801662707845,31.8,0.16678214391764823
844,Company_844,Utilities,Africa,2019,1234.2,6.9,1144.1,4.7,31.0,62.6,9.7,20.7,751806.3,469878.9,7518062.7,609.1446280991736,380.715362177929,6091.4460379193,31.0,0.04699694604682736
844,Company_844,Utilities,Africa,2020,1398.7,4.8,741.0,13.3,32.8,63.7,10.4,24.3,843870.4,527419.0,8438704.2,603.3248016014871,377.0780010009294,6033.248159004789,32.800000000000004,0.13328471884621607
844,Company_844,Utilities,Africa,2021,1875.3,5.9,1007.6,34.1,34.6,65.8,11.9,26.1,1109477.5,693423.4,11094775.0,591.6266730656429,369.7666506692263,5916.266730656428,34.6,0.3407449774790876
844,Company_844,Utilities,Africa,2022,2077.3,5.7,1176.6,10.8,35.1,65.4,11.1,28.6,1233012.1,770632.6,12330120.9,593.5647715784913,370.9780002888364,5935.647667645501,35.03333333333333,0.1077160987575323
844,Company_844,Utilities,Africa,2023,1727.1,5.7,1315.8,-16.9,35.4,62.7,14.4,29.0,1051769.5,657355.9,10517694.7,608.9800822187482,380.6125296740201,6089.800648485902,35.36666666666667,-0.16858421990083294
844,Company_844,Utilities,Africa,2024,1834.8,8.2,1591.9,6.2,37.0,62.8,17.3,30.9,1116204.5,697627.8,11162045.1,608.35213647264,380.22007848266844,6083.521419228254,37.0,0.06235886746569386
844,Company_844,Utilities,Africa,2025,1910.2,8.8,2180.9,4.1,38.8,60.6,22.4,33.4,1185442.0,740901.3,11854420.2,620.585279028374,387.86582556800334,6205.852894984818,38.800000000000004,0.04109439720950525
845,Company_845,Retail,Middle East,2015,856.1,1.4,196.4,9.5,55.3,68.0,46.2,51.7,61967.1,30983.6,123934.3,72.3830160028034,36.191566405793715,144.76614881439085,55.300000000000004,
845,Company_845,Retail,Middle East,2016,951.3,0.5,112.2,11.1,54.7,66.8,46.7,50.5,69688.3,34844.1,139376.6,73.25586040155578,36.62787764112267,146.51172080311156,54.666666666666664,0.11120196238757152
845,Company_845,Retail,Middle East,2017,918.9,-0.1,3762.6,-3.4,54.2,66.1,46.0,50.5,67773.8,33886.9,135547.7,73.75535966916966,36.87767983458483,147.51082816410928,54.199999999999996,-0.0340586565752129
845,Company_845,Retail,Middle East,2018,977.7,0.3,29.5,6.4,55.8,68.7,46.1,52.6,70284.2,35142.1,140568.5,71.88728648869795,35.943643244348976,143.77467525825918,55.800000000000004,0.06398955272608564
845,Company_845,Retail,Middle East,2019,1074.8,0.1,22.3,9.9,56.7,69.2,47.8,53.1,76936.8,38468.4,153873.6,71.58243394119837,35.79121697059919,143.16486788239675,56.699999999999996,0.09931471821622173
845,Company_845,Retail,Middle East,2020,1133.6,-2.6,699.0,5.5,57.1,70.5,49.1,51.6,80103.8,40051.9,160207.6,70.66319689484828,35.33159844742414,141.32639378969657,57.06666666666666,0.05470785262374389
845,Company_845,Retail,Middle East,2021,1251.2,-3.1,2638.5,10.4,56.9,70.5,47.4,52.9,88405.0,44202.5,176810.0,70.65617007672634,35.32808503836317,141.31234015345268,56.93333333333334,0.10374029640084692
845,Company_845,Retail,Middle East,2022,1333.1,-2.8,5856.3,6.5,57.8,69.4,47.4,56.6,95200.6,47600.3,190401.3,71.41294726577152,35.70647363288576,142.82596954467033,57.800000000000004,0.06545716112531963
845,Company_845,Retail,Middle East,2023,1458.2,-1.5,852.4,9.4,57.7,68.0,46.8,58.3,105597.9,52798.9,211195.8,72.41660951858455,36.20827047044301,144.8332190371691,57.699999999999996,0.09384142224889369
845,Company_845,Retail,Middle East,2024,1598.1,-0.2,3499.2,9.6,57.9,67.2,49.6,56.9,116575.1,58287.6,233150.3,72.94606094737502,36.473061760841,145.892184469057,57.900000000000006,0.09594020024687966
845,Company_845,Retail,Middle East,2025,1871.7,0.5,160.5,17.1,60.4,72.3,49.8,58.9,129819.3,64909.7,259638.7,69.3590318961372,34.67954266175135,138.7181172196399,60.333333333333336,0.1712033039234091
846,Company_846,Energy,Middle East,2015,903.5,2.4,212.1,4.8,36.4,39.6,47.2,22.5,833772.8,250131.8,8337728.1,922.8254565578308,276.8475926950747,9228.254676258992,36.43333333333334,
846,Company_846,Energy,Middle East,2016,993.1,1.8,199.1,9.9,36.1,40.3,44.5,23.4,911776.3,273532.9,9117763.1,918.1112677474575,275.43339039371665,9181.112778169369,36.06666666666666,0.09916989485334815
846,Company_846,Energy,Middle East,2017,1014.9,0.4,50.4,2.2,35.7,41.5,44.5,21.0,923110.0,276933.0,9231100.1,909.5575918809735,272.86727756429207,9095.57601734161,35.666666666666664,0.02195146510925383
846,Company_846,Energy,Middle East,2018,1015.8,0.7,94.5,0.1,38.3,44.7,46.3,23.9,901247.6,270374.3,9012475.7,887.22937586139,266.16883244733214,8872.293463280173,38.300000000000004,0.000886786875554213
846,Company_846,Energy,Middle East,2019,993.2,3.4,560.6,-2.2,39.5,46.9,45.4,26.1,865516.6,259655.0,8655165.5,871.4424083769633,261.43274265002015,8714.423580346354,39.46666666666667,-0.022248474109076488
846,Company_846,Energy,Middle East,2020,1023.6,2.7,547.9,3.1,40.3,49.2,46.1,25.7,876142.5,262842.7,8761425.0,855.9422626025791,256.7826299335678,8559.422626025791,40.333333333333336,0.030608135320177254
846,Company_846,Energy,Middle East,2021,1030.7,10.7,1752.3,0.7,40.2,49.2,46.1,25.2,882175.1,264652.5,8821750.9,855.89900067915,256.7696710973125,8558.98990977006,40.16666666666667,0.0069363032434544
846,Company_846,Energy,Middle East,2022,1149.7,7.9,1624.8,11.5,39.9,49.0,46.6,24.2,985023.1,295506.9,9850231.5,856.7653300861093,257.02957293206924,8567.653735757154,39.93333333333333,0.11545551566896273
846,Company_846,Energy,Middle East,2023,1254.8,2.4,523.8,9.1,43.5,54.1,49.3,27.0,1030385.8,309115.7,10303858.1,821.1554032515143,246.3465890978642,8211.554112209116,43.46666666666667,0.09141515177872472
846,Company_846,Energy,Middle East,2024,1510.5,5.6,1456.2,20.4,41.4,52.8,46.5,24.9,1254579.8,376373.9,12545797.9,830.5725256537571,249.17173121482955,8305.725190334326,41.4,0.20377749442142168
846,Company_846,Energy,Middle East,2025,1608.2,8.5,1876.3,6.5,43.7,56.5,44.1,30.6,1294201.9,388260.6,12942018.5,804.7518343489614,241.42556895908467,8047.5180325830115,43.73333333333333,0.06468056934789801
847,Company_847,Finance,Oceania,2015,3892.6,19.1,12361.9,-0.25,65.3,99.4,65.3,31.1,39249.9,19625.0,98124.8,10.083209166110056,5.041617427940194,25.208035760160307,65.26666666666667,
847,Company_847,Finance,Oceania,2016,3903.1,20.2,9889.7,0.3,63.4,99.8,61.1,29.3,39128.3,19564.1,97820.7,10.024928902667112,5.012451641003305,25.062309446337526,63.400000000000006,0.0026974258850125388
847,Company_847,Finance,Oceania,2017,3904.9,22.6,15892.5,0.0,61.6,97.6,61.4,25.8,40377.3,20188.6,100943.2,10.340162360111655,5.170068375630618,25.850393095853924,61.6,0.00046117188901129147
847,Company_847,Finance,Oceania,2018,3687.7,21.6,14440.6,-5.6,61.0,97.9,58.6,26.5,37963.0,18981.5,94907.4,10.294492502101582,5.147246251050791,25.736204138080645,61.0,-0.055622423109426666
847,Company_847,Finance,Oceania,2019,4282.8,19.0,13520.9,16.1,61.0,96.2,60.3,26.4,45093.0,22546.5,112732.6,10.52885962454469,5.264429812272345,26.322172410572524,60.96666666666667,0.16137429834314077
847,Company_847,Finance,Oceania,2020,4201.1,19.1,6625.5,-1.9,63.3,97.2,61.2,31.5,43660.6,21830.3,109151.6,10.392659065482848,5.196329532741424,25.981671466996737,63.300000000000004,-0.01907630522088344
847,Company_847,Finance,Oceania,2021,4178.8,20.3,9771.8,-0.5,62.4,96.9,59.8,30.5,43579.3,21789.6,108948.2,10.428663731214703,5.2143199004498895,26.071647362879293,62.4,-0.0053081335840613475
847,Company_847,Finance,Oceania,2022,4079.3,16.1,9125.2,-2.4,62.1,98.4,59.3,28.5,41724.6,20862.3,104311.5,10.22837251489226,5.11418625744613,25.57093128723065,62.06666666666666,-0.023810663348329708
847,Company_847,Finance,Oceania,2023,4600.2,16.5,6328.0,12.8,62.4,99.2,59.6,28.4,46506.8,23253.4,116267.1,10.10973435937568,5.05486717968784,25.274357636624497,62.400000000000006,0.12769347682200372
847,Company_847,Finance,Oceania,2024,4741.9,14.1,12171.6,3.1,62.4,99.7,58.5,28.8,47597.1,23798.6,118992.8,10.03755878445349,5.018789936523334,25.093907505430316,62.333333333333336,0.03080300856484497
847,Company_847,Finance,Oceania,2025,4425.9,8.5,4387.8,-6.7,63.3,100.0,58.9,30.9,44258.8,22129.4,110646.9,9.99995481145078,4.99997740572539,24.999864434352336,63.26666666666667,-0.06663995444863868
848,Company_848,Manufacturing,Asia,2015,602.6,11.5,1306.5,-5.7,61.6,53.2,64.1,67.6,149683.0,199577.3,2494716.7,248.39528708927978,331.19366080318616,4139.92150680385,61.633333333333326,
848,Company_848,Manufacturing,Asia,2016,557.4,11.0,935.3,-7.5,63.6,55.4,66.6,68.9,135812.9,181083.9,2263548.7,243.65428776462144,324.8724434876211,4060.9054538930754,63.63333333333333,-0.07500829737802861
848,Company_848,Manufacturing,Asia,2017,523.0,12.3,525.9,-6.2,64.4,57.2,68.5,67.6,125502.3,167336.4,2091705.2,239.9661567877629,319.9548757170172,3999.436328871893,64.43333333333334,-0.06171510584858264
848,Company_848,Manufacturing,Asia,2018,457.7,9.0,668.2,-12.5,64.4,55.2,69.5,68.7,111735.4,148980.5,1862256.2,244.12366178719685,325.49814288835483,4068.7266768625736,64.46666666666667,-0.12485659655831738
848,Company_848,Manufacturing,Asia,2019,456.6,11.3,486.2,-0.2,64.8,57.2,68.3,69.1,109518.7,146025.0,1825312.4,239.85698642137535,319.8094612352168,3997.6180464301356,64.86666666666666,-0.0024033209525889943
848,Company_848,Manufacturing,Asia,2020,433.0,10.4,858.4,-5.2,66.0,60.0,66.2,71.8,101289.5,135052.7,1688159.0,233.92494226327943,311.90000000000003,3898.7505773672056,66.0,-0.05168637757336847
848,Company_848,Manufacturing,Asia,2021,437.4,8.0,335.6,1.0,66.2,61.4,65.7,71.5,101044.6,134726.2,1684077.3,231.01188843164155,308.016003657979,3850.1995884773664,66.2,0.01016166281755182
848,Company_848,Manufacturing,Asia,2022,425.8,9.1,670.4,-2.7,66.6,62.1,65.7,72.0,97776.3,130368.4,1629604.4,229.62963832785346,306.1728511038046,3827.1592296852978,66.60000000000001,-0.026520347508001807
848,Company_848,Manufacturing,Asia,2023,370.7,9.2,426.7,-12.9,68.3,64.2,66.6,74.1,83518.3,111357.8,1391972.1,225.29889398435395,300.3987051524144,3754.982735365525,68.3,-0.1294034758102396
848,Company_848,Manufacturing,Asia,2024,351.4,10.2,536.3,-5.2,69.1,65.7,66.8,74.8,78011.1,104014.7,1300184.2,222.00085372794538,296.00085372794535,3700.011952191235,69.10000000000001,-0.05206366333962775
848,Company_848,Manufacturing,Asia,2025,329.1,9.6,642.7,-6.3,71.5,68.1,70.7,75.8,71383.5,95178.0,1189724.4,216.90519598906107,289.2069279854147,3615.0847766636275,71.53333333333335,-0.06346044393853145
849,Company_849,Technology,Africa,2015,4953.1,20.2,16948.3,7.9,65.0,86.5,47.3,61.1,147159.9,88296.0,294319.9,29.710666047525788,17.826411742141286,59.42135228442793,64.96666666666667,
849,Company_849,Technology,Africa,2016,5453.2,22.0,19469.8,10.1,64.9,86.0,47.1,61.7,163056.6,97833.9,326113.2,29.901085601114943,17.940640357954962,59.802171202229886,64.93333333333334,0.10096707112717285
849,Company_849,Technology,Africa,2017,5702.3,22.4,41450.2,4.6,65.3,85.8,48.0,62.0,170848.1,102508.8,341696.1,29.961261245462357,17.97674622520737,59.9225049541413,65.26666666666667,0.045679600968238976
849,Company_849,Technology,Africa,2018,5892.3,23.5,38698.0,3.3,65.4,86.4,47.3,62.4,175339.5,105203.7,350679.0,29.757395244641312,17.854437146784786,59.514790489282625,65.36666666666666,0.03331988846605749
849,Company_849,Technology,Africa,2019,6367.8,24.8,30023.8,8.1,66.4,89.2,48.9,61.1,183365.9,110019.5,366731.8,28.795800747510913,17.277474166902227,57.59160149502183,66.39999999999999,0.08069853877093824
849,Company_849,Technology,Africa,2020,6637.7,25.9,48844.7,4.2,68.9,91.5,50.9,64.1,185576.5,111345.9,371152.9,27.957952302755473,16.774771381653284,55.91588954005153,68.83333333333333,0.04238512516096615
849,Company_849,Technology,Africa,2021,7147.2,29.9,64496.5,7.7,69.0,90.1,49.9,67.1,203376.1,122025.6,406752.1,28.455353145287667,17.073203492276697,56.91069229908216,69.03333333333333,0.07675851575093784
849,Company_849,Technology,Africa,2022,8816.1,32.9,57134.4,23.4,69.9,92.8,49.6,67.2,242671.6,145603.0,485343.2,27.525958190129423,16.515579451231268,55.051916380258845,69.86666666666667,0.2335040295500337
849,Company_849,Technology,Africa,2023,9584.0,31.4,105029.0,8.7,72.1,98.4,48.5,69.5,245105.6,147063.4,490211.2,25.574457429048415,15.344678631051753,51.14891485809683,72.13333333333334,0.08710200655618694
849,Company_849,Technology,Africa,2024,9963.9,33.3,95041.9,4.0,71.0,99.0,47.2,66.8,252469.6,151481.8,504939.2,25.33843173857626,15.203063057638072,50.67686347715252,71.0,0.039638981636060056
849,Company_849,Technology,Africa,2025,11225.3,33.2,97669.6,12.7,72.3,100.0,49.9,67.0,280631.5,168378.9,561263.0,24.99991091552119,14.999946549312714,49.99982183104238,72.3,0.12659701522496203
850,Company_850,Healthcare,Latin America,2015,1644.6,20.0,7114.9,15.8,55.5,73.8,64.6,28.2,112430.4,112430.4,224860.8,68.3633710324699,68.3633710324699,136.7267420649398,55.533333333333324,
850,Company_850,Healthcare,Latin America,2016,1934.6,18.3,7053.6,17.6,56.8,74.0,67.7,28.8,132000.6,132000.6,264001.2,68.23146903752715,68.23146903752715,136.4629380750543,56.833333333333336,0.17633467104463096
850,Company_850,Healthcare,Latin America,2017,2205.3,16.8,4741.8,14.0,58.7,77.7,69.4,29.0,144713.6,144713.6,289427.3,65.62082256382351,65.62082256382351,131.24169047295152,58.70000000000001,0.13992556600847728
850,Company_850,Healthcare,Latin America,2018,2230.6,20.6,8727.3,1.1,59.7,77.7,70.2,31.2,146287.2,146287.2,292574.4,65.58199587554918,65.58199587554918,131.16399175109837,59.699999999999996,0.011472362036911044
850,Company_850,Healthcare,Latin America,2019,2634.3,18.8,5755.8,18.1,60.2,79.0,69.8,31.8,170483.1,170483.1,340966.2,64.71666097255438,64.71666097255438,129.43332194510876,60.20000000000001,0.18098269523894928
850,Company_850,Healthcare,Latin America,2020,2834.8,16.4,7906.0,7.6,60.7,81.1,69.5,31.5,179285.3,179285.3,358570.5,63.244426414561865,63.244426414561865,126.48881755326654,60.699999999999996,0.07611130091485396
850,Company_850,Healthcare,Latin America,2021,3354.3,14.9,12112.2,18.3,62.2,81.3,70.4,34.8,211714.6,211714.6,423429.2,63.117371731806934,63.117371731806934,126.23474346361387,62.166666666666664,0.18325807817129958
850,Company_850,Healthcare,Latin America,2022,3993.8,14.1,9221.1,19.1,61.2,81.0,71.2,31.4,252819.7,252819.7,505639.4,63.30304471931494,63.30304471931494,126.60608943862988,61.199999999999996,0.19065080642757049
850,Company_850,Healthcare,Latin America,2023,4489.5,11.4,10730.4,12.4,60.5,79.1,71.3,31.0,290186.1,290186.1,580372.2,64.63661877714667,64.63661877714667,129.27323755429333,60.46666666666666,0.12411738194201005
850,Company_850,Healthcare,Latin America,2024,5507.7,6.7,5270.1,22.7,59.9,78.1,69.4,32.3,359787.3,359787.3,719574.6,65.32441854131488,65.32441854131488,130.64883708262977,59.93333333333334,0.22679585699966576
850,Company_850,Healthcare,Latin America,2025,6212.6,10.6,15295.3,12.8,60.9,78.8,71.1,32.9,402875.4,402875.4,805750.7,64.84811512088336,64.84811512088336,129.69621414544633,60.93333333333333,0.12798445812226533
851,Company_851,Energy,Oceania,2015,1162.0,15.1,2046.5,-7.8500000000000005,70.8,73.5,45.7,93.2,796626.7,238988.0,7966267.2,685.5651462994836,205.66953528399313,6855.651635111876,70.8,
851,Company_851,Energy,Oceania,2016,945.1,13.0,1669.6,-18.7,70.7,72.1,46.8,93.2,657120.1,197136.0,6571200.9,695.2916093535075,208.58745106337952,6952.915987726166,70.7,-0.18666092943201373
851,Company_851,Energy,Oceania,2017,902.7,7.2,755.0,-4.5,72.0,72.4,50.5,93.2,625535.9,187660.8,6255359.4,692.961005871275,207.88833499501493,6929.6105018278495,72.03333333333335,-0.04486297746270229
851,Company_851,Energy,Oceania,2018,766.4,13.8,1600.5,-15.1,74.1,75.1,50.0,97.3,516801.9,155040.6,5168018.7,674.3239822546973,202.2972338204593,6743.239431106473,74.13333333333333,-0.15099147003434144
851,Company_851,Energy,Oceania,2019,716.0,19.4,2657.4,-6.6,73.6,73.7,50.9,96.0,489605.6,146881.7,4896056.5,683.8067039106145,205.14203910614526,6838.067737430168,73.53333333333333,-0.06576200417536526
851,Company_851,Energy,Oceania,2020,821.6,19.8,1678.8,14.8,73.9,76.2,50.5,94.9,547616.2,164284.8,5476161.6,666.524099318403,199.95715676728332,6665.2405063291135,73.86666666666667,0.14748603351955314
851,Company_851,Energy,Oceania,2021,843.2,21.5,3005.9,2.6,75.8,81.0,53.0,93.4,533969.4,160190.8,5339693.9,633.2654174573055,189.97960151802656,6332.654055977229,75.8,0.026290165530671983
851,Company_851,Energy,Oceania,2022,781.1,15.0,954.5,-7.4,76.6,82.2,53.6,94.1,488095.5,146428.6,4880954.6,624.882217385738,187.46460120343107,6248.821661759057,76.63333333333334,-0.0736480075901329
851,Company_851,Energy,Oceania,2023,671.1,17.0,2041.8,-14.1,77.0,82.1,52.7,96.2,419527.9,125858.4,4195279.4,625.1347042169573,187.540455967814,6251.347638205931,77.0,-0.14082703879144798
851,Company_851,Energy,Oceania,2024,584.9,13.9,655.9,-12.9,78.1,84.0,53.2,97.0,357912.7,107373.8,3579126.5,611.9211831082237,183.57633783552745,6119.210976235254,78.06666666666666,-0.128445835195947
851,Company_851,Energy,Oceania,2025,536.2,12.5,572.3,-8.3,79.8,83.5,56.9,99.1,330122.9,99036.9,3301229.3,615.671204774338,184.701417381574,6156.712607236105,79.83333333333333,-0.08326209608480073
852,Company_852,Energy,Latin America,2015,593.1,10.4,1017.8,-12.35,28.5,20.3,38.3,26.8,627241.4,188172.4,6272413.7,1057.5643230483897,317.26926319339066,10575.642724667005,28.466666666666665,
852,Company_852,Energy,Latin America,2016,613.0,17.7,1313.0,3.4,30.3,22.8,40.7,27.5,637732.5,191319.8,6377325.1,1040.3466557911909,312.10407830342575,10403.466721044046,30.333333333333332,0.03355252065418979
852,Company_852,Energy,Latin America,2017,556.4,20.2,1100.9,-9.2,30.9,22.3,42.9,27.6,580818.1,174245.4,5808181.1,1043.8858734723221,313.16570812365205,10438.858914450037,30.933333333333337,-0.09233278955954327
852,Company_852,Energy,Latin America,2018,470.2,20.8,783.3,-15.5,31.3,19.8,42.1,31.9,499084.6,149725.4,4990846.5,1061.4304551254786,318.429179072735,10614.305614632072,31.26666666666667,-0.15492451473759883
852,Company_852,Energy,Latin America,2019,385.9,16.1,529.0,-17.9,31.3,20.0,42.1,31.8,408991.1,122697.3,4089910.9,1059.8370044052863,317.9510235812387,10598.369784918374,31.3,-0.17928541046363256
852,Company_852,Energy,Latin America,2020,251.2,17.4,657.7,-34.9,32.2,23.5,42.0,30.9,260104.6,78031.4,2601046.3,1035.4482484076434,310.63455414012736,10354.48367834395,32.13333333333333,-0.3490541591085773
852,Company_852,Energy,Latin America,2021,233.4,24.1,702.9,-7.1,31.3,22.6,42.2,29.3,243187.9,72956.4,2431878.5,1041.9361610968294,312.58097686375316,10419.359468723222,31.36666666666667,-0.07085987261146487
852,Company_852,Energy,Latin America,2022,189.4,19.9,646.2,-18.8,32.1,24.6,41.1,30.7,194754.6,58426.4,1947546.2,1028.2713833157338,308.48152059134105,10282.714889123548,32.13333333333333,-0.18851756640959727
852,Company_852,Energy,Latin America,2023,149.2,25.9,357.8,-21.2,34.0,28.1,42.7,31.3,149732.8,44919.8,1497327.5,1003.5710455764075,301.0710455764075,10035.707104557641,34.03333333333334,-0.2122492080253433
852,Company_852,Energy,Latin America,2024,140.6,19.2,316.0,-5.8,35.5,33.9,42.3,30.3,135360.7,40608.2,1353607.2,962.7361308677099,288.8207681365576,9627.362731152205,35.49999999999999,-0.057640750670241214
852,Company_852,Energy,Latin America,2025,140.6,14.9,200.6,0.0,34.4,35.1,40.5,27.7,134181.4,40254.4,1341814.3,954.348506401138,286.30440967283073,9543.48719772404,34.43333333333333,0.0
853,Company_853,Energy,North America,2015,801.3,14.2,1037.3,-25.1,52.2,4.9,67.0,84.9,934175.0,280252.5,9341750.1,1165.824285536004,349.7472856608012,11658.242980157245,52.26666666666667,
853,Company_853,Energy,North America,2016,682.0,19.4,2500.4,-14.9,52.5,6.4,67.9,83.3,787786.9,236336.1,7877869.0,1155.1127565982406,346.53387096774196,11551.127565982404,52.53333333333334,-0.14888306501934356
853,Company_853,Energy,North America,2017,593.6,17.8,1639.5,-13.0,54.1,6.5,68.6,87.3,685340.9,205602.3,6853408.9,1154.5500336927223,346.36506064690025,11545.500168463612,54.133333333333326,-0.12961876832844577
853,Company_853,Energy,North America,2018,437.1,12.9,904.7,-26.4,54.6,5.8,71.1,86.9,506919.7,152075.9,5069196.8,1159.7339281628917,347.92015557080754,11597.338824067718,54.6,-0.2636455525606469
853,Company_853,Energy,North America,2019,304.6,18.9,764.2,-30.3,56.4,6.4,73.7,89.0,351913.0,105573.9,3519130.3,1155.328299409061,346.59848982271825,11553.283978988837,56.366666666666674,-0.3031342942118508
853,Company_853,Energy,North America,2020,224.9,25.9,646.0,-26.2,58.3,10.7,76.3,87.9,253055.1,75916.5,2530551.1,1125.1894175188972,337.5566918630502,11251.894619831037,58.300000000000004,-0.2616546290216678
853,Company_853,Energy,North America,2021,169.4,27.3,472.3,-24.7,59.7,12.4,77.2,89.6,188678.4,56603.5,1886783.7,1113.8040141676504,334.14108618654075,11138.038370720189,59.73333333333333,-0.246776345042241
853,Company_853,Energy,North America,2022,124.9,27.2,570.3,-26.3,60.7,15.5,77.8,88.7,136372.3,40911.7,1363723.5,1091.8518815052041,327.55564451561247,10918.522818254603,60.666666666666664,-0.2626918536009445
853,Company_853,Energy,North America,2023,113.6,34.6,572.0,-9.0,61.0,16.9,78.7,87.4,122914.4,36874.3,1229143.9,1081.9929577464789,324.5977112676057,10819.928697183099,61.0,-0.09047237790232199
853,Company_853,Energy,North America,2024,93.1,30.5,417.4,-18.1,61.5,19.3,78.5,86.8,99074.4,29722.3,990743.6,1064.171858216971,319.2513426423201,10641.714285714286,61.53333333333333,-0.18045774647887325
853,Company_853,Energy,North America,2025,69.3,25.1,292.1,-25.5,65.1,23.9,81.7,89.7,71616.5,21485.0,716165.3,1033.4271284271285,310.02886002886004,10334.275613275615,65.10000000000001,-0.2556390977443609
854,Company_854,Manufacturing,Asia,2015,2588.0,8.7,2915.4,-1.6,45.8,53.9,43.6,39.8,638832.8,851777.0,10647213.0,246.84420401854715,329.1255795981453,4114.069938176198,45.76666666666667,
854,Company_854,Manufacturing,Asia,2016,2453.6,10.3,4738.3,-5.2,45.6,51.4,44.8,40.6,618544.6,824726.1,10309075.8,252.09675578741442,336.1289941310727,4201.612243234432,45.599999999999994,-0.051931993817619815
854,Company_854,Manufacturing,Asia,2017,2259.1,14.2,4079.0,-7.9,48.1,55.5,45.0,43.6,549822.3,733096.4,9163705.6,243.3811252268603,324.50816696914706,4056.35235270683,48.03333333333333,-0.07927127486142815
854,Company_854,Manufacturing,Asia,2018,2166.2,12.4,4532.0,-4.1,48.9,56.4,44.2,46.2,523084.2,697445.5,8718069.2,241.47548702797528,321.96726987351127,4024.591081155941,48.93333333333334,-0.04112257093532823
854,Company_854,Manufacturing,Asia,2019,2234.5,9.4,2706.0,3.2,50.2,57.8,45.2,47.6,533116.8,710822.4,8885280.3,238.58438129335423,318.112508391139,3976.4064891474604,50.199999999999996,0.03152986797156321
854,Company_854,Manufacturing,Asia,2020,2192.0,7.6,2844.2,-1.9,48.2,54.9,41.4,48.4,536627.6,715503.5,8943793.6,244.8118613138686,326.4158302919708,4080.197810218978,48.23333333333333,-0.01901991496979194
854,Company_854,Manufacturing,Asia,2021,2334.8,7.0,1760.4,6.5,47.0,53.8,40.7,46.4,576622.6,768830.2,9610377.2,246.9687339386671,329.2916738050368,4116.145794072297,46.96666666666667,0.06514598540146
854,Company_854,Manufacturing,Asia,2022,2304.8,7.9,3248.8,-1.3,46.3,54.1,40.3,44.5,567803.4,757071.2,9463390.2,246.3569073238459,328.47587643179446,4105.948542172856,46.300000000000004,-0.0128490663011821
854,Company_854,Manufacturing,Asia,2023,2037.2,10.2,2752.0,-11.6,47.5,56.7,44.7,41.0,490982.6,654643.5,8183043.8,241.008541134891,321.3447378755154,4016.8092479874335,47.46666666666667,-0.1161055189170428
854,Company_854,Manufacturing,Asia,2024,2253.0,10.1,4780.4,10.6,49.3,59.6,44.5,43.7,529078.9,705438.5,8817981.7,234.8330670217488,313.11074123391035,3913.8844651575673,49.26666666666667,0.10592970744158636
854,Company_854,Manufacturing,Asia,2025,2343.5,7.8,3334.8,4.0,49.4,60.0,44.8,43.3,548334.3,731112.4,9138905.4,233.98092596543634,311.9745679539151,3899.6822701088117,49.36666666666667,0.04016866400355079
855,Company_855,Healthcare,Latin America,2015,694.7,9.7,1064.6,8.95,38.2,55.7,30.6,28.3,56255.4,56255.4,112510.8,80.97797610479343,80.97797610479343,161.95595220958685,38.2,
855,Company_855,Healthcare,Latin America,2016,765.5,13.1,1663.1,10.2,37.9,55.0,30.9,27.6,62361.3,62361.3,124722.6,81.4647942521228,81.4647942521228,162.9295885042456,37.833333333333336,0.10191449546566855
855,Company_855,Healthcare,Latin America,2017,803.9,16.3,1755.6,5.0,39.1,58.3,34.5,24.4,63662.9,63662.9,127325.8,79.19256126383878,79.19256126383878,158.38512252767757,39.06666666666666,0.050163291966035306
855,Company_855,Healthcare,Latin America,2018,871.3,22.6,3051.0,8.4,38.8,56.5,34.6,25.2,70119.4,70119.4,140238.7,80.4767588660622,80.4767588660622,160.95340296109265,38.766666666666666,0.08384127379027229
855,Company_855,Healthcare,Latin America,2019,962.2,18.3,2634.5,10.4,41.7,60.6,37.6,26.9,74629.4,74629.4,149258.9,77.56121388484722,77.56121388484722,155.12253169819164,41.699999999999996,0.10432686789854251
855,Company_855,Healthcare,Latin America,2020,1053.9,20.1,4960.1,9.5,42.7,58.8,39.0,30.3,83071.6,83071.6,166143.3,78.8230382389221,78.8230382389221,157.64617136350694,42.699999999999996,0.0953024319268343
855,Company_855,Healthcare,Latin America,2021,1063.6,19.9,3053.7,0.9,45.1,61.8,39.6,33.9,81617.8,81617.8,163235.5,76.73730725836782,76.73730725836782,153.47452049642723,45.1,0.009203909289306145
855,Company_855,Healthcare,Latin America,2022,1102.8,20.2,2254.1,3.7,44.2,58.6,39.6,34.4,87080.4,87080.4,174160.8,78.96300326441785,78.96300326441785,157.9260065288357,44.199999999999996,0.03685596088755183
855,Company_855,Healthcare,Latin America,2023,1021.0,20.7,3316.1,-7.4,45.1,58.2,40.9,36.1,80943.8,80943.8,161887.7,79.27894221351616,79.27894221351616,158.5579823702253,45.06666666666666,-0.07417482771128037
855,Company_855,Healthcare,Latin America,2024,1255.9,19.8,5158.7,23.0,46.2,59.3,40.9,38.4,98599.4,98599.4,197198.8,78.50895771956365,78.50895771956365,157.0179154391273,46.199999999999996,0.23006856023506383
855,Company_855,Healthcare,Latin America,2025,1401.9,17.9,3097.3,11.6,46.2,58.6,41.4,38.5,110674.6,110674.6,221349.1,78.94614451815393,78.94614451815393,157.89221770454384,46.166666666666664,0.11625129389282596
856,Company_856,Healthcare,Europe,2015,1216.8,23.1,5725.7,11.85,69.4,74.3,82.3,51.7,82743.3,82743.3,165486.7,68.00073964497042,68.00073964497042,136.00156147271534,69.43333333333334,
856,Company_856,Healthcare,Europe,2016,1374.8,23.2,6035.2,13.0,70.3,76.1,82.6,52.3,91728.2,91728.2,183456.5,66.7211230724469,66.7211230724469,133.44231888274658,70.33333333333333,0.12984878369493758
856,Company_856,Healthcare,Europe,2017,1454.4,19.6,3248.8,5.8,72.4,79.6,85.6,52.1,93513.7,93513.7,187027.5,64.29709845984598,64.29709845984598,128.59426567656766,72.43333333333332,0.05789933081175458
856,Company_856,Healthcare,Europe,2018,1759.0,20.7,7553.9,20.9,71.5,78.6,84.4,51.5,114303.9,114303.9,228607.9,64.98231949971574,64.98231949971574,129.96469584991473,71.5,0.20943344334433434
856,Company_856,Healthcare,Europe,2019,2006.8,22.1,7927.0,14.1,72.3,79.8,83.7,53.5,128770.9,128770.9,257541.9,64.16728124377117,64.16728124377117,128.3346123181184,72.33333333333333,0.14087549744172834
856,Company_856,Healthcare,Europe,2020,2205.2,20.9,8567.0,9.9,75.0,81.9,88.5,54.6,138238.9,138238.9,276477.8,62.68769272628333,62.68769272628333,125.37538545256666,75.0,0.09886386286625459
856,Company_856,Healthcare,Europe,2021,2442.0,21.5,6630.9,10.7,76.0,83.1,89.1,55.8,151027.2,151027.2,302054.3,61.84570024570025,61.84570024570025,123.69135954135953,76.0,0.10738255033557054
856,Company_856,Healthcare,Europe,2022,2642.5,19.0,5432.9,8.2,75.8,82.7,91.0,53.6,164111.6,164111.6,328223.3,62.104673604541155,62.104673604541155,124.20938505203405,75.76666666666667,0.0821048321048321
856,Company_856,Healthcare,Europe,2023,2869.7,21.8,8912.3,8.6,74.5,85.8,86.1,51.5,172018.6,172018.6,344037.2,59.943060250200375,59.943060250200375,119.88612050040075,74.46666666666665,0.08597918637653734
856,Company_856,Healthcare,Europe,2024,3314.6,24.5,8969.6,15.5,75.2,87.2,86.2,52.2,195320.3,195320.3,390640.6,58.9272612079889,58.9272612079889,117.8545224159778,75.2,0.15503362720841896
856,Company_856,Healthcare,Europe,2025,3751.1,21.4,17010.7,13.2,76.1,87.0,88.1,53.2,221585.3,221585.3,443170.6,59.072085521580334,59.072085521580334,118.14417104316067,76.10000000000001,0.13169009835274248
857,Company_857,Retail,Europe,2015,1973.0,3.1,856.9,6.25,65.2,32.7,84.3,78.7,191605.7,95802.8,383211.3,97.11388748099341,48.55691839837811,194.22772427774962,65.23333333333333,
857,Company_857,Retail,Europe,2016,1829.9,3.6,866.0,-7.3,66.3,31.7,88.9,78.2,179041.8,89520.9,358083.6,97.8423957593311,48.92119787966555,195.6847915186622,66.26666666666667,-0.07252914343639127
857,Company_857,Retail,Europe,2017,1792.1,3.1,1094.4,-2.1,66.3,32.7,91.7,74.6,174088.8,87044.4,348177.7,97.14234696724513,48.571173483622566,194.28474973494784,66.33333333333333,-0.020656866495436965
857,Company_857,Retail,Europe,2018,2063.1,2.8,1237.0,15.1,67.6,39.0,92.1,71.8,191253.4,95626.7,382506.8,92.70195337114052,46.35097668557026,185.40390674228104,67.63333333333333,0.1512192399977681
857,Company_857,Retail,Europe,2019,2135.3,2.4,811.9,3.5,69.8,39.9,93.8,75.6,196612.5,98306.3,393225.1,92.07722568257387,46.03863625720039,184.15449819697463,69.76666666666667,0.03499587998642828
857,Company_857,Retail,Europe,2020,2344.1,2.3,975.3,9.8,70.9,41.4,94.2,77.1,213414.4,106707.2,426828.8,91.04321487991126,45.52160743995563,182.08642975982252,70.89999999999999,0.09778485458717734
857,Company_857,Retail,Europe,2021,2480.6,4.5,1489.6,5.8,72.5,42.7,95.3,79.4,223580.7,111790.3,447161.3,90.13170200757882,45.065830847375636,180.26336370233008,72.46666666666667,0.05823130412525068
857,Company_857,Retail,Europe,2022,2901.8,2.7,1292.7,17.0,74.8,43.6,98.9,82.0,259717.1,129858.5,519434.1,89.50206768212833,44.751016610379764,179.00410090288784,74.83333333333333,0.16979762960574063
857,Company_857,Retail,Europe,2023,3095.9,1.2,631.3,6.7,76.5,45.9,100.0,83.7,272078.2,136039.1,544156.5,87.88339416647824,43.94169708323912,175.7668206337414,76.53333333333335,0.06688951685160927
857,Company_857,Retail,Europe,2024,3396.2,-0.1,6764.4,9.7,76.8,46.7,97.3,86.2,296466.2,148233.1,592932.4,87.29350450503505,43.64675225251752,174.5870090100701,76.73333333333333,0.0969992570819469
857,Company_857,Retail,Europe,2025,3558.2,0.1,25.4,4.8,77.2,49.4,96.5,85.7,304048.6,152024.3,608097.2,85.45011522680007,42.72505761340003,170.90023045360013,77.2,0.0477003710028856
858,Company_858,Finance,Oceania,2015,990.7,13.3,2512.9,17.45,76.1,76.5,86.0,65.8,13164.4,6582.2,32911.0,13.287978197234278,6.643989098617139,33.219945493085696,76.10000000000001,
858,Company_858,Finance,Oceania,2016,1159.2,13.1,2313.9,17.0,75.5,76.3,86.2,64.2,15446.7,7723.3,38616.7,13.325310559006212,6.662612146307798,33.31323326432022,75.56666666666666,0.17008176037145462
858,Company_858,Finance,Oceania,2017,1396.9,12.4,2406.1,20.5,75.3,74.2,85.8,65.9,19014.0,9507.0,47534.9,13.61156847304746,6.80578423652373,34.02884959553297,75.3,0.2050552104899932
858,Company_858,Finance,Oceania,2018,1590.4,15.0,2166.7,13.9,76.1,76.3,86.3,65.6,21181.7,10590.8,52954.2,13.31847334004024,6.659205231388329,33.29615191146881,76.06666666666666,0.13852101080964996
858,Company_858,Finance,Oceania,2019,1885.8,16.7,2638.1,18.6,76.3,75.7,86.7,66.5,25278.7,12639.3,63196.7,13.404761904761905,6.702354438434616,33.51187824795843,76.3,0.18573943661971826
858,Company_858,Finance,Oceania,2020,2248.1,17.1,3626.0,19.2,77.0,74.3,87.5,69.1,30565.3,15282.7,76413.3,13.596058894177306,6.798051688092167,33.99016947644678,76.96666666666667,0.19212005514900832
858,Company_858,Finance,Oceania,2021,2779.7,11.0,3695.0,23.6,76.9,73.4,87.9,69.3,38140.4,19070.2,95350.9,13.721049034068425,6.860524517034213,34.30258661006584,76.86666666666667,0.2364663493616832
858,Company_858,Finance,Oceania,2022,3247.9,11.0,6543.3,16.8,78.9,75.7,90.7,70.3,43510.3,21755.1,108775.6,13.396440777117522,6.69820499399612,33.49105575910588,78.89999999999999,0.16843544267366983
858,Company_858,Finance,Oceania,2023,3465.2,9.1,6095.1,6.7,80.4,77.5,91.0,72.8,45591.1,22795.6,113977.8,13.156845203740044,6.578437031051599,32.89212743853169,80.43333333333334,0.06690476923550603
858,Company_858,Finance,Oceania,2024,4084.4,6.6,2328.4,17.9,80.9,77.6,91.8,73.4,53648.0,26824.0,134120.0,13.134854568602487,6.567427284301243,32.837136421506216,80.93333333333332,0.17869098464735078
858,Company_858,Finance,Oceania,2025,4774.0,5.8,3423.4,16.9,82.2,80.1,90.8,75.7,61045.7,30522.8,152614.2,12.787117720988688,6.393548387096774,31.967783829074154,82.19999999999999,0.16883752815591024
859,Company_859,Consumer Goods,North America,2015,2080.0,7.6,1863.9,5.9,56.0,73.1,63.2,31.6,286313.2,357891.5,1431565.9,137.65057692307693,172.06322115384614,688.2528365384615,55.96666666666667,
859,Company_859,Consumer Goods,North America,2016,1885.0,6.6,2156.6,-9.4,55.1,71.8,62.9,30.6,263022.1,328777.6,1315110.4,139.53427055702917,174.417824933687,697.671299734748,55.099999999999994,-0.09375
859,Company_859,Consumer Goods,North America,2017,2011.0,9.3,3231.9,6.7,56.4,73.2,63.0,33.0,276614.9,345768.7,1383074.7,137.5509199403282,171.93868722028841,687.7546991546494,56.4,0.06684350132626005
859,Company_859,Consumer Goods,North America,2018,2162.5,11.2,4642.6,7.5,55.9,75.8,60.5,31.3,289373.7,361717.1,1446868.5,133.81442774566474,167.26802312138727,669.0721387283237,55.866666666666674,0.07533565390353059
859,Company_859,Consumer Goods,North America,2019,2266.6,11.4,2926.6,4.8,56.0,78.9,58.3,30.8,293554.7,366943.4,1467773.7,129.51323568340246,161.89155563398924,647.5662666549016,56.0,0.048138728323699365
859,Company_859,Consumer Goods,North America,2020,2132.2,13.5,5807.7,-5.9,57.4,78.7,60.8,32.6,276783.8,345979.8,1383919.2,129.81136853953663,162.2642341243786,649.0569364975144,57.36666666666667,-0.0592958616429895
859,Company_859,Consumer Goods,North America,2021,2328.0,14.9,8568.7,9.2,57.7,77.7,61.0,34.4,305360.9,381701.1,1526804.4,131.16877147766323,163.96095360824742,655.8438144329897,57.699999999999996,0.09183003470593754
859,Company_859,Consumer Goods,North America,2022,2576.7,16.5,7733.8,10.7,56.7,75.7,61.8,32.5,345413.5,431766.8,1727067.3,134.05266426048823,167.56580121861296,670.2632436837816,56.666666666666664,0.10682989690721634
859,Company_859,Consumer Goods,North America,2023,2834.6,14.3,4440.3,10.0,56.8,74.9,62.3,33.1,383132.1,478915.1,1915660.4,135.16266845410286,168.95332674804206,675.8133069921682,56.76666666666666,0.10008926145845476
859,Company_859,Consumer Goods,North America,2024,2978.7,14.6,8470.0,5.1,58.0,77.5,63.4,33.0,391543.9,489429.9,1957719.6,131.44791351932054,164.30990029207373,657.2396011682949,57.96666666666667,0.05083609680378176
859,Company_859,Consumer Goods,North America,2025,2758.1,12.5,4637.6,-7.4,57.9,80.4,61.2,32.3,351581.4,439476.8,1757907.1,127.47231790000365,159.34041550342627,637.3616257568617,57.966666666666676,-0.07405915332191892
860,Company_860,Consumer Goods,Oceania,2015,1294.5,7.6,2311.0,6.2,35.8,6.6,34.9,66.0,298662.6,373328.2,1493312.9,230.71657010428734,288.3956740054075,1153.5827732715334,35.833333333333336,
860,Company_860,Consumer Goods,Oceania,2016,1275.7,9.6,2924.1,-1.5,34.9,4.3,34.4,66.1,298504.6,373130.8,1492523.2,233.99278827310494,292.4910245355491,1169.9640981421965,34.93333333333333,-0.014522981846272653
860,Company_860,Consumer Goods,Oceania,2017,1360.2,10.8,3661.7,6.6,35.2,4.8,37.2,63.7,317345.8,396682.3,1586729.0,233.3081899720629,291.63527422437875,1166.5409498603146,35.233333333333334,0.06623814376420789
860,Company_860,Consumer Goods,Oceania,2018,1583.7,10.9,2838.4,16.4,35.7,4.1,37.9,65.0,371059.8,463824.7,1855298.8,234.29929910967985,292.87409231546377,1171.496369261855,35.666666666666664,0.16431407146007948
860,Company_860,Consumer Goods,Oceania,2019,1661.5,11.7,4070.0,4.9,36.0,5.4,37.2,65.4,386263.4,482829.2,1931316.9,232.47872404453807,290.5983749623834,1162.393560036112,36.0,0.049125465681631564
860,Company_860,Consumer Goods,Oceania,2020,1993.2,11.2,5037.4,20.0,37.2,3.5,39.2,69.0,468657.5,585821.9,2343287.6,235.1281858318282,293.9102448324303,1175.6409793297212,37.233333333333334,0.19963888052964185
860,Company_860,Consumer Goods,Oceania,2021,2331.1,12.2,3490.0,17.0,36.8,5.3,40.6,64.6,542305.7,677882.1,2711528.6,232.63939770923596,290.79923641199434,1163.1970314443827,36.833333333333336,0.16952638972506517
860,Company_860,Consumer Goods,Oceania,2022,2448.4,13.1,4175.5,5.0,37.5,8.5,40.3,63.8,558640.0,698300.1,2793200.2,228.165332462016,285.2067064205195,1140.8267439960791,37.53333333333333,0.0503195916091117
860,Company_860,Consumer Goods,Oceania,2023,2599.2,11.8,6654.4,6.2,39.5,11.2,43.6,63.5,583107.5,728884.4,2915537.6,224.34114342874733,280.42643890427826,1121.705755617113,39.43333333333333,0.061591243260904927
860,Company_860,Consumer Goods,Oceania,2024,2760.7,12.2,4410.7,6.2,40.9,11.0,48.1,63.7,620002.1,775002.6,3100010.5,224.581482957221,280.726844640852,1122.907414786105,40.93333333333334,0.0621345029239766
860,Company_860,Consumer Goods,Oceania,2025,2666.6,13.6,5884.2,-3.4,41.5,13.9,47.8,62.8,588259.6,735324.5,2941298.1,220.60286507162678,275.7535813395335,1103.0143628590715,41.5,-0.0340855580106495
861,Company_861,Consumer Goods,Asia,2015,1101.8,4.9,603.6,4.8,38.5,50.3,59.3,6.0,186821.0,233526.2,934105.0,169.5598112180069,211.94971864222182,847.7990560900345,38.53333333333333,
861,Company_861,Consumer Goods,Asia,2016,1211.3,5.0,1326.7,9.9,40.8,54.3,60.9,7.1,198638.2,248297.8,993191.2,163.98761661025347,204.98456204078263,819.9382481631305,40.76666666666666,0.09938282809947352
861,Company_861,Consumer Goods,Asia,2017,1281.4,6.0,780.7,5.8,40.7,53.7,62.2,6.3,211214.6,264018.2,1056072.9,164.83112221008273,206.03886374278133,824.1555330107693,40.733333333333334,0.05787170808222575
861,Company_861,Consumer Goods,Asia,2018,1272.7,5.4,1591.8,-0.7,39.2,50.4,59.2,7.9,215686.1,269607.6,1078430.3,169.47128152746131,211.83908226604854,847.3562504910819,39.166666666666664,-0.006789449040112361
861,Company_861,Consumer Goods,Asia,2019,1437.6,7.5,1953.4,13.0,40.9,48.7,63.1,11.0,247043.2,308804.0,1235216.1,171.84418475236507,214.80523094045634,859.2209933222038,40.93333333333334,0.12956706215133162
861,Company_861,Consumer Goods,Asia,2020,1492.3,5.3,1142.8,3.8,43.2,50.8,63.7,15.0,252120.5,315150.6,1260602.3,168.94759766802923,211.18448033237283,844.7378543188368,43.166666666666664,0.03804952698942676
861,Company_861,Consumer Goods,Asia,2021,1398.4,5.1,1689.9,-6.3,43.6,49.5,64.4,17.0,238750.0,298437.4,1193749.8,170.7308352402746,213.41347254004577,853.654033180778,43.63333333333333,-0.06292300475775636
861,Company_861,Consumer Goods,Asia,2022,1672.2,5.6,1389.3,19.6,45.0,50.8,65.4,18.7,282339.4,352924.2,1411696.8,168.8430809711757,211.05382131324004,844.2152852529601,44.96666666666667,0.1957951945080092
861,Company_861,Consumer Goods,Asia,2023,1650.3,9.5,1610.9,-1.3,47.4,55.0,68.8,18.6,269091.6,336364.5,1345457.9,163.0561716051627,203.82021450645337,815.2807974307701,47.46666666666667,-0.01309651955507718
861,Company_861,Consumer Goods,Asia,2024,1853.0,13.3,5023.3,12.3,47.0,56.2,69.5,15.3,298837.4,373546.7,1494186.9,161.27220723151646,201.59023205612522,806.3609821910416,47.0,0.12282615282069931
861,Company_861,Consumer Goods,Asia,2025,1893.4,14.0,3001.6,2.2,46.9,52.7,67.7,20.3,314666.6,393333.2,1573332.9,166.19129608112388,207.739093693884,830.9564275905777,46.900000000000006,0.02180248246087424
862,Company_862,Finance,Latin America,2015,2366.3,14.5,6406.3,8.95,62.2,60.2,52.4,74.1,36847.6,18423.8,92118.9,15.571820986349996,7.785910493174998,38.92951020580653,62.23333333333333,
862,Company_862,Finance,Latin America,2016,2650.0,12.1,5193.8,12.0,62.7,62.0,52.0,74.1,40584.2,20292.1,101460.6,15.314792452830188,7.657396226415094,38.28701886792453,62.699999999999996,0.11989181422473894
862,Company_862,Finance,Latin America,2017,2850.3,13.4,3786.0,7.6,62.7,63.0,49.3,75.7,43255.2,21627.6,108137.9,15.175665719397957,7.587832859698978,37.93912921446865,62.666666666666664,0.07558490566037745
862,Company_862,Finance,Latin America,2018,3276.4,15.2,7937.5,15.0,62.4,63.3,48.9,75.0,49593.7,24796.8,123984.2,15.136643877426442,7.568306678061286,37.84159443291417,62.4,0.14949303582079065
862,Company_862,Finance,Latin America,2019,3974.4,16.8,6925.5,21.3,61.4,64.3,47.3,72.5,59634.7,29817.4,149086.8,15.004705112721416,7.502365136876007,37.511775362318836,61.36666666666667,0.21303870101330724
862,Company_862,Finance,Latin America,2020,4354.4,17.4,11437.4,9.6,61.3,63.2,46.5,74.1,65959.3,32979.7,164898.3,15.147735623736912,7.573879294506706,37.86935054198052,61.26666666666667,0.09561191626409005
862,Company_862,Finance,Latin America,2021,4647.6,17.1,9456.9,6.7,63.1,65.9,46.7,76.6,68665.6,34332.8,171664.1,14.77442120664429,7.387210603322145,36.936074533092345,63.06666666666666,0.0673341907036562
862,Company_862,Finance,Latin America,2022,4993.3,16.5,12564.8,7.4,63.7,66.7,48.5,75.9,73223.7,36611.8,183059.2,14.664390282979191,7.332185128071616,36.660965694030004,63.70000000000001,0.07438247697736466
862,Company_862,Finance,Latin America,2023,4928.6,14.3,8155.6,-1.3,65.5,68.4,51.9,76.3,71099.3,35549.7,177748.3,14.425861299354786,7.2129407945461175,36.064663393255685,65.53333333333335,-0.012957362866240718
862,Company_862,Finance,Latin America,2024,5492.8,14.1,10399.3,11.4,67.1,69.2,54.1,77.9,78611.6,39305.8,196529.0,14.311753568307603,7.155876784153802,35.77938392076901,67.06666666666668,0.11447469869739879
862,Company_862,Finance,Latin America,2025,5949.0,12.3,11128.7,8.3,66.9,71.1,53.1,76.4,83573.8,41786.9,208934.4,14.048377878635065,7.024188939317533,35.12092788703984,66.86666666666666,0.08305418001747733
863,Company_863,Healthcare,Asia,2015,792.9,19.9,1592.4,20.1,24.8,28.7,16.1,29.6,79236.6,79236.6,158473.1,99.93265228906547,99.93265228906547,199.86517845882207,24.8,
863,Company_863,Healthcare,Asia,2016,957.1,18.6,2323.3,20.7,25.8,30.9,17.4,29.0,94169.8,94169.8,188339.5,98.39076376554173,98.39076376554173,196.78142304879322,25.766666666666666,0.2070879051582799
863,Company_863,Healthcare,Asia,2017,1183.6,17.8,4232.8,23.7,28.9,32.8,20.8,33.0,114830.9,114830.9,229661.7,97.01833389658668,97.01833389658668,194.0365833051707,28.866666666666664,0.23665238742033212
863,Company_863,Healthcare,Asia,2018,1375.7,17.0,4098.8,16.2,28.1,33.5,19.1,31.8,132854.9,132854.9,265709.9,96.5725812313731,96.5725812313731,193.14523515301303,28.133333333333336,0.16230145319364664
863,Company_863,Healthcare,Asia,2019,1474.6,14.1,3626.6,7.2,27.8,34.1,20.1,29.2,141746.4,141746.4,283492.7,96.12532212125322,96.12532212125322,192.2505764275058,27.8,0.07189067383877279
863,Company_863,Healthcare,Asia,2020,1849.9,15.2,6164.2,25.5,28.9,37.7,18.6,30.4,173186.1,173186.1,346372.2,93.6191686037083,93.6191686037083,187.2383372074166,28.900000000000002,0.2545096975450971
863,Company_863,Healthcare,Asia,2021,2096.4,12.8,5463.4,13.3,27.6,37.1,16.8,29.0,197119.8,197119.8,394239.7,94.02776187750429,94.02776187750429,188.05557145582904,27.633333333333336,0.13325044597005253
863,Company_863,Healthcare,Asia,2022,2505.8,19.6,11659.2,19.5,28.1,41.1,14.7,28.6,228570.5,228570.5,457141.1,91.21657754010694,91.21657754010694,182.43319498762867,28.133333333333336,0.19528715893913384
863,Company_863,Healthcare,Asia,2023,2726.7,17.4,6745.6,8.8,30.8,43.2,18.1,31.1,244693.8,244693.8,489387.6,89.73990538012983,89.73990538012983,179.47981076025965,30.8,0.08815547928805167
863,Company_863,Healthcare,Asia,2024,3445.4,19.4,14880.4,26.4,30.3,44.2,17.9,28.9,306941.4,306941.4,613882.8,89.08730481221339,89.08730481221339,178.17460962442678,30.333333333333332,0.2635786848571535
863,Company_863,Healthcare,Asia,2025,4213.9,17.3,11026.8,22.3,30.9,42.4,20.3,30.1,380581.9,380581.9,761163.9,90.31583568665609,90.31583568665609,180.6316951042977,30.933333333333337,0.22305102455447834
864,Company_864,Consumer Goods,Africa,2015,1587.4,14.7,4747.2,8.05,49.6,47.4,53.5,47.9,275722.8,344653.5,1378613.8,173.694594935114,217.11824366889252,868.4728486833816,49.6,
864,Company_864,Consumer Goods,Africa,2016,1884.7,16.9,5745.2,18.7,50.3,48.9,54.5,47.5,323422.3,404277.9,1617111.6,171.6041279779275,214.50517323711998,858.0206929484799,50.300000000000004,0.18728738818193258
864,Company_864,Consumer Goods,Africa,2017,2171.0,15.7,7625.5,15.2,50.9,49.0,56.5,47.3,372066.8,465083.6,1860334.2,171.3803777061262,214.22551819438047,856.9019806540764,50.93333333333334,0.1519074653791055
864,Company_864,Consumer Goods,Africa,2018,2146.6,12.8,3314.9,-1.1,52.3,50.3,57.4,49.3,364158.5,455198.1,1820792.5,169.64432125221282,212.0553899189416,848.221606261064,52.333333333333336,-0.011239060340856755
864,Company_864,Consumer Goods,Africa,2019,2215.1,13.0,3964.0,3.2,53.1,49.3,57.9,52.1,378628.7,473285.9,1893143.5,170.93074804749222,213.66344634553747,854.6537402374611,53.099999999999994,0.03191092891083569
864,Company_864,Consumer Goods,Africa,2020,2460.5,14.5,6256.3,11.1,54.9,52.4,59.8,52.7,410170.8,512713.6,2050854.2,166.70221499695182,208.3778093883357,833.511156269051,54.96666666666666,0.11078506613696892
864,Company_864,Consumer Goods,Africa,2021,2640.7,13.5,3818.4,7.3,55.9,56.1,59.3,52.2,426177.8,532722.3,2130889.0,161.38819252470935,201.7352595902602,806.9409626235469,55.866666666666674,0.0732371469213573
864,Company_864,Consumer Goods,Africa,2022,2788.7,12.9,3896.1,5.6,57.5,56.4,61.3,54.9,449195.2,561493.9,2245975.8,161.0769175601535,201.34611109118947,805.3845160827626,57.53333333333333,0.05604574544628327
864,Company_864,Consumer Goods,Africa,2023,3117.6,12.7,8672.3,11.8,58.8,58.6,64.0,53.7,492625.7,615782.1,2463128.3,158.01440210418272,197.5179946112394,790.0719463690018,58.76666666666667,0.11794025890199733
864,Company_864,Consumer Goods,Africa,2024,3320.2,13.6,6673.2,6.5,60.4,59.2,66.4,55.7,521656.8,652071.0,2608283.9,157.11607734473827,196.39509668092285,785.5803566050238,60.43333333333334,0.06498588657941995
864,Company_864,Consumer Goods,Africa,2025,3611.4,12.7,8264.2,8.8,61.3,64.7,64.8,54.3,539593.6,674492.0,2697968.0,149.4139668826494,186.76745860331172,747.0698344132469,61.26666666666667,0.0877055599060299
865,Company_865,Consumer Goods,Asia,2015,1432.5,0.8,179.9,5.15,39.3,21.5,48.3,47.9,300721.2,375901.5,1503606.0,209.9275392670157,262.40942408376964,1049.6376963350785,39.23333333333333,
865,Company_865,Consumer Goods,Asia,2016,1610.8,-2.2,4800.5,12.4,42.6,23.5,52.9,51.3,333497.6,416872.0,1667487.9,207.03849019120932,258.7981127390117,1035.192388875093,42.56666666666667,0.12446771378708554
865,Company_865,Consumer Goods,Asia,2017,1465.4,0.1,16.0,-9.0,45.1,22.7,60.4,52.3,305082.5,381353.2,1525412.6,208.19059642418452,260.2382967107957,1040.953050361676,45.133333333333326,-0.09026570648125143
865,Company_865,Consumer Goods,Asia,2018,1396.9,-2.1,4508.2,-4.7,46.5,23.9,64.6,50.9,288455.9,360569.8,1442279.3,206.49717231011525,258.1214116973298,1032.485718376405,46.46666666666667,-0.04674491606387332
865,Company_865,Consumer Goods,Asia,2019,1452.7,-0.8,2996.7,4.0,46.6,25.6,65.4,48.8,296512.2,370640.2,1482560.9,204.11110346251806,255.1388449094789,1020.5554484752529,46.6,0.039945593814875835
865,Company_865,Consumer Goods,Asia,2020,1543.6,-0.9,3972.0,6.3,46.9,28.1,62.6,49.9,309730.5,387163.1,1548652.4,200.65463850738536,250.81828193832598,1003.2731277533039,46.86666666666667,0.06257313967095746
865,Company_865,Consumer Goods,Asia,2021,1721.2,1.6,650.8,11.5,47.7,30.1,60.6,52.3,340532.0,425665.0,1702660.1,197.84568905414827,247.30711131768533,989.228503369742,47.666666666666664,0.11505571391552216
865,Company_865,Consumer Goods,Asia,2022,1842.0,4.3,1848.3,7.0,50.9,34.3,64.3,54.1,353658.1,442072.7,1768290.7,191.99679695982627,239.99603691639524,959.9840933767643,50.9,0.07018359284220299
865,Company_865,Consumer Goods,Asia,2023,1878.7,4.7,1040.0,2.0,51.8,37.8,62.5,55.2,351409.5,439261.8,1757047.4,187.04928940224622,233.81157183158567,935.2463937829349,51.833333333333336,0.019923995656894622
865,Company_865,Consumer Goods,Asia,2024,1794.9,3.7,994.5,-4.5,52.2,37.9,62.8,56.0,335631.8,419539.7,1678158.9,186.9919215555184,233.7398740876929,934.9595520641817,52.23333333333333,-0.04460531218395691
865,Company_865,Consumer Goods,Asia,2025,2209.3,1.6,839.8,23.1,55.1,40.4,64.6,60.4,405403.6,506754.5,2027018.1,183.49866473543653,229.37333091929568,917.4933689403883,55.13333333333333,0.2308763719427267
866,Company_866,Utilities,Oceania,2015,864.0,7.7,994.2,2.5,55.0,58.2,66.7,40.2,547874.4,342421.5,5478743.5,634.1138888888889,396.32118055555554,6341.138310185185,55.03333333333334,
866,Company_866,Utilities,Oceania,2016,976.4,9.5,778.6,13.0,55.1,57.6,67.0,40.6,622184.1,388865.0,6221840.7,637.2225522326916,398.26403113478085,6372.225215075789,55.06666666666666,0.13009259259259265
866,Company_866,Utilities,Oceania,2017,924.7,9.7,825.6,-5.3,55.2,57.6,66.6,41.4,589530.8,368456.8,5895308.0,637.5373634692332,398.4609062398616,6375.373634692332,55.199999999999996,-0.052949610815239634
866,Company_866,Utilities,Oceania,2018,955.6,11.0,977.8,3.3,57.4,57.3,69.5,45.3,610849.7,381781.1,6108496.9,639.2315822519882,399.51977814985344,6392.315717873587,57.36666666666667,0.03341624310587221
866,Company_866,Utilities,Oceania,2019,1003.8,11.6,1089.2,5.0,57.7,55.3,69.7,48.0,652633.7,407896.1,6526337.2,650.1630802948795,406.3519625423391,6501.631002191672,57.666666666666664,0.05043951444118866
866,Company_866,Utilities,Oceania,2020,1010.9,11.4,1440.1,0.7,59.5,58.8,71.5,48.3,637779.0,398611.8,6377789.5,630.9021663863883,394.31377980017805,6309.021169255119,59.53333333333334,0.007073122135883736
866,Company_866,Utilities,Oceania,2021,1104.8,14.0,1959.1,9.3,59.9,57.4,73.6,48.6,705173.4,440733.3,7051733.6,638.2814989138307,398.925868935554,6382.814627081824,59.86666666666667,0.09288752596696015
866,Company_866,Utilities,Oceania,2022,1155.3,11.8,1902.2,4.6,62.0,59.8,73.5,52.7,722010.8,451256.8,7220108.2,624.9552497186878,390.5970743529819,6249.552670302087,62.0,0.04570963070238965
866,Company_866,Utilities,Oceania,2023,1173.0,10.4,1738.8,1.5,62.8,62.6,74.5,51.3,714865.5,446791.0,7148655.2,609.4335038363172,380.89599317988063,6094.335208866155,62.79999999999999,0.015320695923136896
866,Company_866,Utilities,Oceania,2024,1090.3,10.7,1086.8,-7.0,62.5,64.2,74.6,48.8,654547.1,409091.9,6545470.8,600.3366963221132,375.21040080711737,6003.3667797853805,62.53333333333334,-0.07050298380221653
866,Company_866,Utilities,Oceania,2025,1108.8,10.3,1498.4,1.7,65.1,66.2,79.0,50.1,653083.3,408177.1,6530833.2,589.0000901875902,368.12509018759016,5890.001082251083,65.1,0.0169678070255892
867,Company_867,Retail,Oceania,2015,461.1,8.7,682.5,2.1,45.5,40.0,40.5,56.1,42438.9,21219.4,84877.8,92.03838646714378,46.01908479722403,184.07677293428756,45.53333333333333,
867,Company_867,Retail,Oceania,2016,419.7,7.7,718.7,-9.0,45.0,39.9,38.9,56.3,38657.6,19328.8,77315.2,92.10769597331426,46.05384798665713,184.21539194662853,45.03333333333333,-0.08978529603122976
867,Company_867,Retail,Oceania,2017,465.5,8.4,602.3,10.9,45.1,42.6,38.3,54.4,41966.4,20983.2,83932.8,90.15338345864662,45.07669172932331,180.30676691729323,45.1,0.10912556588039068
867,Company_867,Retail,Oceania,2018,420.5,8.6,507.4,-9.7,47.6,46.3,40.5,55.9,36836.2,18418.1,73672.5,87.60095124851367,43.80047562425683,175.20214030915577,47.56666666666666,-0.09667024704618687
867,Company_867,Retail,Oceania,2019,424.7,9.4,562.4,1.0,48.8,46.8,40.8,58.9,37056.4,18528.2,74112.9,87.25311984930539,43.626559924652696,174.5064751589357,48.833333333333336,0.00998810939357897
867,Company_867,Retail,Oceania,2020,455.7,10.1,859.4,7.3,49.0,46.1,41.2,59.7,39972.3,19986.1,79944.5,87.71626069782752,43.85802062760588,175.43230195303929,49.0,0.07299270072992692
867,Company_867,Retail,Oceania,2021,438.3,11.0,1173.9,-3.8,49.4,45.1,44.4,58.6,38759.8,19379.9,77519.6,88.43212411590235,44.21606205795118,176.8642482318047,49.36666666666667,-0.03818301514154043
867,Company_867,Retail,Oceania,2022,452.6,10.1,666.0,3.2,48.2,46.0,41.8,56.8,39730.6,19865.3,79461.2,87.78303137428192,43.89151568714096,175.56606274856384,48.199999999999996,0.03262605521332418
867,Company_867,Retail,Oceania,2023,409.9,8.5,397.1,-9.4,47.9,46.5,42.6,54.5,35828.6,17914.3,71657.2,87.4081483288607,43.70407416443035,174.8162966577214,47.86666666666667,-0.09434379142730898
867,Company_867,Retail,Oceania,2024,468.5,7.0,664.4,14.3,48.8,45.0,44.3,57.1,41463.9,20731.9,82927.8,88.50352187833512,44.251654215581645,177.00704375667024,48.800000000000004,0.14296169797511604
867,Company_867,Retail,Oceania,2025,547.8,5.0,678.4,16.9,49.9,47.4,46.4,56.0,47550.3,23775.1,95100.6,86.80230010952904,43.401058780576854,173.60460021905809,49.93333333333334,0.1692636072572038
868,Company_868,Technology,Oceania,2015,36974.2,15.9,131175.1,2.5,69.8,89.0,72.0,48.3,1066431.0,639858.6,2132861.9,28.842571306478575,17.305542783887145,57.68513990836854,69.76666666666667,
868,Company_868,Technology,Oceania,2016,35695.2,14.5,79939.3,-3.5,68.4,86.9,72.8,45.6,1056218.8,633731.3,2112437.7,29.58993926354244,17.75396411842489,59.179881328582006,68.43333333333332,-0.03459168825829906
868,Company_868,Technology,Oceania,2017,41361.7,11.5,126343.6,15.9,69.1,84.9,74.3,48.0,1252922.1,751753.2,2505844.1,30.29184245328408,18.17510402135309,60.58368248887256,69.06666666666666,0.15874683430825431
868,Company_868,Technology,Oceania,2018,43647.0,9.1,121270.4,5.5,69.7,87.9,71.9,49.4,1276515.2,765909.1,2553030.4,29.246344536852476,17.547806263889843,58.49268907370495,69.73333333333333,0.05525159749236619
868,Company_868,Technology,Oceania,2019,44862.3,9.8,114754.7,2.8,69.2,88.5,71.2,48.0,1302258.6,781355.1,2604517.2,29.027905390494915,17.41674189687109,58.05581078098983,69.23333333333333,0.027843838064471882
868,Company_868,Technology,Oceania,2020,46826.0,9.5,141473.9,4.4,71.2,92.4,71.8,49.6,1294545.5,776727.3,2589091.0,27.645869815914235,16.587521889548544,55.29173963182847,71.26666666666667,0.04377171923864798
868,Company_868,Technology,Oceania,2021,47871.5,10.0,132888.4,2.2,71.8,93.3,73.5,48.7,1309491.8,785695.1,2618983.7,27.35430893120124,16.412585776505853,54.70861995132804,71.83333333333333,0.022327339512236755
868,Company_868,Technology,Oceania,2022,42570.2,12.2,127286.5,-11.1,73.1,97.4,72.4,49.4,1102409.0,661445.4,2204818.0,25.896260764572403,15.537756458743441,51.79252152914481,73.06666666666668,-0.11074021077258922
868,Company_868,Technology,Oceania,2023,39742.7,10.8,89107.5,-6.6,73.3,99.3,73.6,47.1,1003531.4,602118.8,2007062.8,25.250710193318525,15.15042510951697,50.50142038663705,73.33333333333333,-0.06641970204509262
868,Company_868,Technology,Oceania,2024,37042.3,8.6,70603.9,-6.8,72.4,95.3,72.3,49.7,986607.6,591964.5,1973215.1,26.634620420438253,15.98077063249312,53.269238141260125,72.43333333333334,-0.06794706952471763
868,Company_868,Technology,Oceania,2025,41357.3,7.6,60954.7,11.6,71.6,93.5,73.2,48.2,1128207.9,676924.7,2256415.8,27.279534689160073,16.367719846314916,54.559069378320146,71.63333333333333,0.11648844699168248
869,Company_869,Healthcare,Africa,2015,700.2,14.0,2340.3,4.300000000000001,36.3,58.7,17.0,33.1,55248.9,55248.9,110497.9,78.9044558697515,78.9044558697515,157.80905455584116,36.26666666666667,
869,Company_869,Healthcare,Africa,2016,621.0,17.9,1898.9,-11.3,35.8,56.7,17.2,33.4,49865.7,49865.7,99731.4,80.29903381642512,80.29903381642512,160.59806763285025,35.76666666666667,-0.11311053984575836
869,Company_869,Healthcare,Africa,2017,589.4,23.3,1896.1,-5.1,35.8,55.3,19.3,32.8,47897.2,47897.2,95794.5,81.26433661350526,81.26433661350526,162.52884289107567,35.8,-0.050885668276972607
869,Company_869,Healthcare,Africa,2018,603.4,26.7,2464.1,2.4,36.0,56.8,18.0,33.3,48423.5,48423.5,96847.0,80.25107722903547,80.25107722903547,160.50215445807095,36.03333333333333,0.02375296912114022
869,Company_869,Healthcare,Africa,2019,598.4,26.7,1729.2,-0.8,37.1,60.1,16.1,35.0,46642.2,46642.2,93284.5,77.94485294117646,77.94485294117646,155.88987299465242,37.06666666666667,-0.008286377195889982
869,Company_869,Healthcare,Africa,2020,637.9,26.5,2893.9,6.6,37.8,59.1,19.1,35.2,50142.7,50142.7,100285.3,78.60589434080576,78.60589434080576,157.2116319172284,37.800000000000004,0.06600935828876997
869,Company_869,Healthcare,Africa,2021,666.5,29.9,4319.7,4.5,37.8,60.2,18.2,35.0,51875.1,51875.1,103750.3,77.83210802700675,77.83210802700675,155.66436609152288,37.800000000000004,0.044834613575795546
869,Company_869,Healthcare,Africa,2022,694.6,34.1,2844.4,4.2,37.2,61.9,17.8,32.0,53240.5,53240.5,106481.1,76.64915059026778,76.64915059026778,153.2984451482868,37.233333333333334,0.042160540135033786
869,Company_869,Healthcare,Africa,2023,728.9,27.4,2047.6,4.9,38.6,61.2,20.6,34.0,56245.2,56245.2,112490.4,77.16449444368226,77.16449444368226,154.32898888736452,38.6,0.04938093866973792
869,Company_869,Healthcare,Africa,2024,786.0,30.2,4434.6,7.8,40.1,64.6,20.2,35.5,58768.8,58768.8,117537.6,74.76946564885496,74.76946564885496,149.53893129770992,40.1,0.07833722046920011
869,Company_869,Healthcare,Africa,2025,820.5,30.2,2837.5,4.4,40.0,62.3,21.6,36.0,62649.3,62649.3,125298.6,76.35502742230348,76.35502742230348,152.71005484460696,39.96666666666667,0.043893129770992356
870,Company_870,Finance,Latin America,2015,8353.2,9.4,10515.8,2.25,90.1,98.1,89.4,82.8,85812.2,42906.1,214530.6,10.272973231815351,5.136486615907676,25.682445050998417,90.10000000000001,
870,Company_870,Finance,Latin America,2016,8973.5,8.1,14316.8,7.4,90.6,100.0,87.7,84.0,89734.7,44867.3,224336.7,9.999966568228674,4.999977712152449,24.999910848609797,90.56666666666666,0.07425896662356934
870,Company_870,Finance,Latin America,2017,9247.1,3.8,5925.8,3.0,89.6,97.9,89.3,81.5,95126.3,47563.1,237815.7,10.287149484703312,5.143569335251051,25.717868304657678,89.56666666666666,0.03048977544993603
870,Company_870,Finance,Latin America,2018,9384.3,1.2,2134.9,1.5,90.7,97.1,90.2,85.0,97649.5,48824.7,244123.6,10.405624287373593,5.202806815638886,26.014044734290252,90.76666666666667,0.014837084058785921
870,Company_870,Finance,Latin America,2019,9766.5,-1.2,20466.0,4.1,90.8,98.1,90.6,83.8,100231.6,50115.8,250578.9,10.262796293452107,5.131398146726053,25.65698049454769,90.83333333333333,0.04072759822256322
870,Company_870,Finance,Latin America,2020,9564.7,0.5,528.5,-2.1,92.2,99.9,91.8,84.8,95835.4,47917.7,239588.5,10.01969742908821,5.009848714544105,25.049243572720524,92.16666666666667,-0.020662468642809517
870,Company_870,Finance,Latin America,2021,9287.1,-0.9,19718.0,-2.9,92.9,100.0,89.4,89.4,92870.6,46435.3,232176.6,9.999956929504366,4.999978464752183,24.999903091384823,92.93333333333334,-0.029023388083264545
870,Company_870,Finance,Latin America,2022,9322.5,-1.7,11106.3,0.4,94.9,100.0,92.5,92.4,93224.8,46612.4,233061.9,9.999978546527219,4.999989273263609,24.999935639581658,94.96666666666665,0.0038117388635849903
870,Company_870,Finance,Latin America,2023,9091.6,-0.3,10725.7,-2.5,95.5,99.9,92.8,93.8,91106.1,45553.0,227765.2,10.020909410884773,5.010449205860354,25.0522680276299,95.5,-0.02476803432555641
870,Company_870,Finance,Latin America,2024,9624.4,-0.1,9695.7,5.9,95.9,100.0,93.3,94.3,96244.1,48122.1,240610.3,10.000010390258096,5.000010390258094,25.00003117077428,95.86666666666667,0.0586035461304939
870,Company_870,Finance,Latin America,2025,10588.4,2.0,2859.0,10.0,96.0,100.0,93.3,94.7,105884.1,52942.1,264710.3,10.000009444297534,5.000009444297533,25.0000283328926,96.0,0.10016208802626658
871,Company_871,Finance,Latin America,2015,198.6,15.2,525.6,4.1,60.5,94.2,42.4,45.0,2148.7,1074.4,5371.8,10.819234642497483,5.409869083585097,27.048338368580062,60.53333333333333,
871,Company_871,Finance,Latin America,2016,193.1,15.3,281.8,-2.8,62.7,95.9,46.1,46.0,2042.2,1021.1,5105.5,10.57586742620404,5.28793371310202,26.4396685655101,62.666666666666664,-0.02769385699899296
871,Company_871,Finance,Latin America,2017,217.0,17.4,539.8,12.4,63.7,99.8,45.9,45.4,2177.7,1088.9,5444.3,10.035483870967742,5.017972350230415,25.0889400921659,63.699999999999996,0.12377006732263074
871,Company_871,Finance,Latin America,2018,204.6,17.5,501.9,-5.7,64.8,100.0,47.3,47.1,2046.3,1023.2,5115.8,10.001466275659824,5.000977517106549,25.003910068426197,64.8,-0.05714285714285716
871,Company_871,Finance,Latin America,2019,222.7,14.6,331.6,8.8,65.0,100.0,48.1,47.1,2227.1,1113.5,5567.7,10.000449034575663,5.0,25.000898069151326,65.06666666666666,0.08846529814271742
871,Company_871,Finance,Latin America,2020,244.5,15.3,414.4,9.8,65.0,100.0,45.6,49.4,2445.2,1222.6,6113.0,10.000817995910019,5.0004089979550095,25.00204498977505,65.0,0.09788953749438711
871,Company_871,Finance,Latin America,2021,245.0,15.1,536.1,0.2,65.7,99.4,45.7,51.9,2469.4,1234.7,6173.4,10.079183673469387,5.039591836734694,25.197551020408163,65.66666666666667,0.002044989775051187
871,Company_871,Finance,Latin America,2022,264.7,16.4,348.4,8.0,66.4,100.0,46.9,52.4,2646.8,1323.4,6616.9,9.999244427653949,4.999622213826974,24.997733282961843,66.43333333333334,0.08040816326530598
871,Company_871,Finance,Latin America,2023,249.9,17.0,753.6,-5.6,66.3,97.1,48.8,53.1,2601.2,1300.6,6503.0,10.408963585434172,5.204481792717086,26.022408963585434,66.33333333333333,-0.055912353607857845
871,Company_871,Finance,Latin America,2024,225.4,18.4,630.8,-9.8,67.7,98.8,52.9,51.3,2291.5,1145.8,5728.8,10.16637089618456,5.083407275953859,25.41614906832298,67.66666666666667,-0.0980392156862745
871,Company_871,Finance,Latin America,2025,262.7,18.3,737.5,16.5,69.0,99.9,53.9,53.1,2629.6,1314.8,6574.0,10.009897221164827,5.004948610582414,25.02474305291207,68.96666666666667,0.16548358473824298
872,Company_872,Consumer Goods,Latin America,2015,1504.3,12.7,4665.2,3.3499999999999996,42.0,80.6,19.3,26.2,191187.7,238984.7,955938.7,127.09413016020741,158.86771255733564,635.4707837532407,42.03333333333333,
872,Company_872,Consumer Goods,Latin America,2016,1376.8,15.1,2258.9,-8.5,41.5,81.3,16.7,26.6,173744.5,217180.6,868722.5,126.19443637420105,157.74302730970368,630.9721818710052,41.53333333333333,-0.08475702984776978
872,Company_872,Consumer Goods,Latin America,2017,1416.7,15.6,3923.1,2.9,43.2,81.8,19.3,28.5,177790.7,222238.4,888953.6,125.49636479141668,156.87047363591444,627.4818945436577,43.199999999999996,0.02898024404416044
872,Company_872,Consumer Goods,Latin America,2018,1471.1,15.0,3200.3,3.8,46.0,83.8,23.0,31.0,180451.3,225564.1,902256.5,122.66419685949289,153.33022908028008,613.3209842974645,45.93333333333334,0.03839909649184725
872,Company_872,Consumer Goods,Latin America,2019,1672.7,10.6,2423.9,13.7,44.9,82.8,23.2,28.7,207633.9,259542.4,1038169.5,124.13098583129072,155.16374723500925,620.6549291564536,44.9,0.1370403099721298
872,Company_872,Consumer Goods,Latin America,2020,1787.9,13.2,5229.7,6.9,45.3,83.6,22.3,29.9,219856.0,274820.0,1099280.0,122.96884613233402,153.7110576654175,614.84423066167,45.26666666666666,0.06887068810904529
872,Company_872,Consumer Goods,Latin America,2021,1796.9,11.6,4846.9,0.5,45.7,81.8,24.6,30.6,225575.1,281968.9,1127875.7,125.53570037286437,156.91963937893038,627.6786131671211,45.666666666666664,0.005033838581576244
872,Company_872,Consumer Goods,Latin America,2022,1744.6,12.0,3466.2,-2.9,46.7,84.3,24.7,31.2,212872.0,266090.0,1064359.8,122.01765447667087,152.5220680958386,610.0881577438955,46.73333333333333,-0.029105682007902645
872,Company_872,Consumer Goods,Latin America,2023,1878.5,13.5,5213.1,7.7,48.2,85.5,26.2,32.9,226042.4,282553.0,1130211.9,120.33132818738355,150.41416023422943,601.6565877029544,48.199999999999996,0.07675111773472443
872,Company_872,Consumer Goods,Latin America,2024,2145.0,15.4,6077.9,14.2,47.0,83.8,24.9,32.5,263198.9,328998.6,1315994.6,122.70344988344989,153.3793006993007,613.5172960372961,47.06666666666666,0.1418685121107266
872,Company_872,Consumer Goods,Latin America,2025,2004.3,19.0,7719.0,-6.6,49.6,88.0,26.1,34.6,234178.3,292722.9,1170891.6,116.83794841091652,146.04744798682833,584.1897919473133,49.56666666666666,-0.06559440559440566
873,Company_873,Consumer Goods,Africa,2015,1022.5,-3.0,1927.3,3.3,48.5,54.3,27.1,64.0,167671.1,209588.9,838355.5,163.98151589242053,204.97691931540342,819.9075794621027,48.46666666666667,
873,Company_873,Consumer Goods,Africa,2016,1061.4,-3.6,4247.1,3.8,47.0,54.1,24.8,62.1,174373.8,217967.3,871869.1,164.28660260033914,205.3583003580177,821.4331072168833,47.0,0.03804400977995126
873,Company_873,Consumer Goods,Africa,2017,1120.2,-4.0,1393.9,5.5,47.3,54.9,25.8,61.2,182803.9,228504.9,914019.6,163.18862703088732,203.98580610605248,815.9432244242099,47.300000000000004,0.05539853024307506
873,Company_873,Consumer Goods,Africa,2018,1342.1,-4.5,2639.7,19.8,48.9,52.8,28.0,65.9,222811.9,278514.8,1114059.3,166.0173608523955,207.5216451829223,830.0866552417854,48.9,0.19808962685234777
873,Company_873,Consumer Goods,Africa,2019,1357.8,-5.5,965.3,1.2,49.0,50.2,30.0,66.9,230442.5,288053.1,1152212.4,169.71755781411107,212.14692885550153,848.5877154220061,49.03333333333334,0.01169808509052972
873,Company_873,Consumer Goods,Africa,2020,1432.9,-5.9,5994.9,5.5,51.0,50.1,33.7,69.3,243461.4,304326.7,1217306.8,169.90815828041033,212.38516295624257,849.5406518249703,51.03333333333334,0.05531006039181041
873,Company_873,Consumer Goods,Africa,2021,1405.9,-5.7,6085.4,-1.9,52.1,50.3,33.7,72.2,238380.0,297975.0,1191900.0,169.556867487019,211.94608435877373,847.7843374350949,52.06666666666666,-0.018842905994835624
873,Company_873,Consumer Goods,Africa,2022,1381.0,-5.0,2915.8,-1.8,54.4,53.0,36.0,74.3,228995.7,286244.7,1144978.6,165.81875452570603,207.27349746560463,829.0938450398263,54.43333333333334,-0.017711074756383893
873,Company_873,Consumer Goods,Africa,2023,1419.8,-7.2,2885.5,2.8,56.4,54.9,39.4,74.9,231615.7,289519.7,1158078.6,163.13262431328357,203.91583321594592,815.6631919988731,56.4,0.02809558291093417
873,Company_873,Consumer Goods,Africa,2024,1382.6,-8.6,1198.0,-2.6,57.4,52.7,41.5,77.9,229808.1,287260.1,1149040.3,166.21445103428326,207.76804571097932,831.0721105164184,57.366666666666674,-0.026200873362445476
873,Company_873,Consumer Goods,Africa,2025,1557.5,-5.8,3437.0,12.7,57.8,55.3,42.0,76.1,253193.2,316491.5,1265966.0,162.56385232744785,203.2048154093098,812.8192616372392,57.79999999999999,0.12650079560248817
874,Company_874,Manufacturing,Europe,2015,1014.5,9.8,1125.0,4.15,46.7,23.9,52.0,64.3,314256.3,419008.3,5237604.3,309.76471168063085,413.01951700344995,5162.744504682109,46.73333333333333,
874,Company_874,Manufacturing,Europe,2016,1039.1,6.0,1174.4,2.4,47.4,24.7,53.7,63.9,320132.1,426842.8,5335534.6,308.0859397555577,410.78125300741027,5134.7652776441155,47.43333333333334,0.024248398225726886
874,Company_874,Manufacturing,Europe,2017,1087.3,4.6,412.7,4.6,48.8,25.7,56.0,64.7,332780.1,443706.8,5546334.9,306.06097673135287,408.0813023084705,5101.016186884945,48.800000000000004,0.04638629583293241
874,Company_874,Manufacturing,Europe,2018,1104.0,8.6,1520.0,1.5,49.3,25.3,56.8,65.8,338865.8,451821.0,5647763.1,306.94365942028986,409.25815217391306,5115.727445652174,49.29999999999999,0.015359146509702937
874,Company_874,Manufacturing,Europe,2019,1270.8,4.3,1094.7,15.1,49.1,28.4,55.0,63.9,381733.9,508978.5,6362231.7,300.3886528171231,400.51817752596793,5006.477573182247,49.1,0.15108695652173898
874,Company_874,Manufacturing,Europe,2020,1328.9,5.7,1198.4,4.6,50.0,31.0,55.0,64.0,392014.2,522685.6,6533569.7,294.991496726616,393.32199563548795,4916.524719692979,50.0,0.04571923197985539
874,Company_874,Manufacturing,Europe,2021,1249.1,6.8,1322.6,-6.0,49.7,29.1,55.8,64.2,373294.1,497725.5,6221568.5,298.8504523256745,398.4672964534465,4980.841005523977,49.70000000000001,-0.06004966513657928
874,Company_874,Manufacturing,Europe,2022,1294.8,6.5,987.7,3.7,50.8,29.1,57.4,66.0,387109.0,516145.3,6451816.0,298.9720420142107,398.6293636082793,4982.866852023479,50.833333333333336,0.03658634216635992
874,Company_874,Manufacturing,Europe,2023,1235.1,7.8,1493.7,-4.6,53.9,31.8,59.2,70.6,362131.8,482842.4,6035530.6,293.2003886324994,390.9338515099992,4886.6736296656145,53.86666666666667,-0.046107506950880506
874,Company_874,Manufacturing,Europe,2024,1419.9,5.2,1302.7,15.0,56.4,35.6,62.5,71.1,404933.7,539911.6,6748894.7,285.18466089161205,380.2462145221494,4753.077470244383,56.4,0.1496235122662135
874,Company_874,Manufacturing,Europe,2025,1503.4,3.4,948.0,5.9,55.8,34.5,64.4,68.6,432359.2,576479.0,7205987.4,287.5876014367434,383.45017959292267,4793.127178395636,55.833333333333336,0.05880695823649562
875,Company_875,Healthcare,Asia,2015,3053.7,18.1,5522.8,8.3,67.5,75.9,86.5,39.9,204103.8,204103.8,408207.5,66.83819628647215,66.83819628647215,133.6763598257851,67.43333333333334,
875,Company_875,Healthcare,Asia,2016,3301.5,15.1,7885.0,8.1,68.0,75.4,86.2,42.4,221881.7,221881.7,443763.5,67.2063304558534,67.2063304558534,134.41269120096925,68.00000000000001,0.0811474604578053
875,Company_875,Healthcare,Asia,2017,3445.5,15.9,11679.6,4.4,69.2,79.2,84.9,43.4,222526.7,222526.7,445053.5,64.58473371063707,64.58473371063707,129.16949644463793,69.16666666666667,0.04361653793730125
875,Company_875,Healthcare,Asia,2018,3718.8,17.9,14071.3,7.9,69.5,80.5,86.5,41.3,236573.5,236573.5,473147.1,63.61554802624502,63.61554802624502,127.2311229428848,69.43333333333334,0.07932085328689609
875,Company_875,Healthcare,Asia,2019,4178.1,20.2,11598.9,12.3,68.1,78.3,84.9,40.9,272316.4,272316.4,544632.7,65.17709006486201,65.17709006486201,130.3541561953998,68.03333333333333,0.12350758309131993
875,Company_875,Healthcare,Asia,2020,4703.0,23.5,23071.0,12.6,71.0,82.6,84.7,45.7,292320.8,292320.8,584641.5,62.15624069742717,62.15624069742717,124.31246013183075,71.0,0.12563126780115352
875,Company_875,Healthcare,Asia,2021,4383.6,24.7,16702.6,-6.8,72.0,84.2,84.2,47.6,267544.0,267544.0,535088.0,61.03294096176658,61.03294096176658,122.06588192353315,72.0,-0.06791409738464804
875,Company_875,Healthcare,Asia,2022,4894.0,28.7,14750.8,11.6,72.5,86.6,82.1,49.0,290738.7,290738.7,581477.4,59.40717204740499,59.40717204740499,118.81434409480998,72.56666666666666,0.11643398120266446
875,Company_875,Healthcare,Asia,2023,4847.2,26.3,25939.8,-1.0,73.6,90.2,79.6,51.0,275684.4,275684.4,551368.9,56.87497936953293,56.87497936953293,113.74997936953294,73.60000000000001,-0.009562729873314302
875,Company_875,Healthcare,Asia,2024,5477.5,23.2,14704.1,13.0,74.1,94.2,80.2,47.8,296236.9,296236.9,592473.9,54.0825011410315,54.0825011410315,108.16502053856686,74.06666666666666,0.130033833966001
875,Company_875,Healthcare,Asia,2025,5944.8,23.1,27936.4,8.5,75.6,97.7,80.9,48.3,306957.3,306957.3,613914.6,51.63458821154622,51.63458821154622,103.26917642309245,75.63333333333334,0.08531264262893656
876,Company_876,Healthcare,Oceania,2015,1921.1,16.8,4615.2,8.25,56.1,81.0,48.5,38.8,121591.1,121591.1,243182.2,63.29243662485035,63.29243662485035,126.5848732497007,56.1,
876,Company_876,Healthcare,Oceania,2016,1895.1,17.9,3768.2,-1.4,56.8,81.5,52.1,36.9,119325.2,119325.2,238650.4,62.965120574112184,62.965120574112184,125.93024114822437,56.833333333333336,-0.013533912862422559
876,Company_876,Healthcare,Oceania,2017,2124.9,18.9,8136.7,12.1,58.2,80.8,54.5,39.4,134837.1,134837.1,269674.2,63.45573909360441,63.45573909360441,126.91147818720881,58.23333333333334,0.12126009181573538
876,Company_876,Healthcare,Oceania,2018,2296.5,21.4,8957.9,8.1,57.6,81.5,54.8,36.4,144552.4,144552.4,289104.8,62.94465490964511,62.94465490964511,125.88930981929022,57.56666666666667,0.08075674149371737
876,Company_876,Healthcare,Oceania,2019,2511.6,19.2,10515.1,9.4,59.3,85.5,54.4,37.9,151032.7,151032.7,302065.3,60.1340579710145,60.1340579710145,120.26807612677177,59.26666666666667,0.09366427171783154
876,Company_876,Healthcare,Oceania,2020,2810.9,18.8,10594.9,11.9,58.8,86.2,54.2,35.9,167671.9,167671.9,335343.8,59.65061012487104,59.65061012487104,119.30122024974207,58.76666666666667,0.11916706481923889
876,Company_876,Healthcare,Oceania,2021,2747.6,19.5,10908.4,-2.3,59.6,89.2,52.7,36.8,158060.7,158060.7,316121.5,57.52682340952104,57.52682340952104,115.0536832144417,59.56666666666666,-0.022519477747340755
876,Company_876,Healthcare,Oceania,2022,2663.3,17.6,10241.9,-3.1,58.7,92.7,51.3,32.0,146799.7,146799.7,293599.4,55.11947583824578,55.11947583824578,110.23895167649157,58.666666666666664,-0.030681321880914103
876,Company_876,Healthcare,Oceania,2023,3004.5,18.5,9749.9,12.8,58.9,93.6,51.0,32.0,163653.4,163653.4,327306.7,54.46942918954901,54.46942918954901,108.93882509568981,58.86666666666667,0.12811174107310475
876,Company_876,Healthcare,Oceania,2024,3258.0,15.7,12682.7,8.4,58.8,91.4,52.5,32.4,182555.1,182555.1,365110.1,56.0328729281768,56.0328729281768,112.06571516267648,58.76666666666667,0.0843734398402396
876,Company_876,Healthcare,Oceania,2025,3361.4,17.9,12338.4,3.2,59.7,95.4,49.4,34.4,179004.9,179004.9,358009.8,53.25307907419527,53.25307907419527,106.50615814839054,59.73333333333334,0.03173726212400241
877,Company_877,Retail,North America,2015,1024.1,2.6,362.4,6.25,39.5,51.1,48.9,18.4,86255.7,43127.9,172511.4,84.22585684991701,42.1129772483156,168.45171369983402,39.46666666666667,
877,Company_877,Retail,North America,2016,1232.6,4.1,953.2,20.4,40.8,50.2,53.7,18.4,104625.7,52312.8,209251.4,84.88211909784197,42.441018984260914,169.76423819568393,40.76666666666667,0.20359339908212082
877,Company_877,Retail,North America,2017,1239.3,1.9,247.6,0.5,40.8,50.5,54.2,17.7,104873.9,52436.9,209747.7,84.62349713547971,42.31170822238361,169.24691358024694,40.800000000000004,0.005435664449132016
877,Company_877,Retail,North America,2018,1363.4,1.8,406.7,10.0,40.5,50.5,52.6,18.5,115420.7,57710.3,230841.4,84.65652046354701,42.32822355875018,169.31304092709402,40.53333333333333,0.10013717421124846
877,Company_877,Retail,North America,2019,1538.1,2.1,680.7,12.8,40.4,47.5,54.3,19.3,133468.2,66734.1,266936.3,86.77472205968404,43.38736102984202,173.54937910408947,40.36666666666667,0.12813554349420553
877,Company_877,Retail,North America,2020,1637.4,4.4,1654.0,6.5,41.5,48.1,56.0,20.3,141361.8,70680.9,282723.7,86.33308904360571,43.166544521802855,172.66623915964334,41.46666666666666,0.06456017164033567
877,Company_877,Retail,North America,2021,1834.3,3.5,1340.7,12.0,42.8,48.9,56.9,22.7,157323.2,78661.6,314646.4,85.76743171782152,42.88371585891076,171.53486343564305,42.833333333333336,0.12025161841944532
877,Company_877,Retail,North America,2022,1790.5,0.1,52.6,-2.4,42.6,48.8,56.2,22.8,153761.0,76880.5,307522.0,85.87601228707065,42.938006143535326,171.7520245741413,42.6,-0.023878318704682933
877,Company_877,Retail,North America,2023,1897.2,-0.8,8578.6,6.0,46.1,53.7,59.4,25.2,156413.1,78206.5,312826.2,82.44418089816573,41.222064094454986,164.88836179633145,46.099999999999994,0.05959229265568289
877,Company_877,Retail,North America,2024,1891.2,1.9,864.7,-0.3,48.0,54.6,61.7,27.9,154694.2,77347.1,309388.5,81.79684856175973,40.898424280879865,163.59375,48.06666666666667,-0.003162555344718543
877,Company_877,Retail,North America,2025,1786.5,4.0,1695.6,-5.5,49.6,60.2,62.2,26.3,139045.5,69522.7,278091.0,77.83123425692695,38.91558914077805,155.6624685138539,49.56666666666667,-0.0553616751269036
878,Company_878,Consumer Goods,Asia,2015,613.9,8.8,1341.4,8.9,23.6,6.3,31.4,33.1,141912.5,177390.6,709562.4,231.1654992669816,288.95683336048216,1155.8273334419287,23.599999999999998,
878,Company_878,Consumer Goods,Asia,2016,704.6,12.4,1751.2,14.8,23.5,5.1,33.6,31.8,164024.8,205031.0,820124.0,232.79137099063297,290.9892137382912,1163.9568549531648,23.5,0.1477439322365206
878,Company_878,Consumer Goods,Asia,2017,732.6,10.8,1497.1,4.0,25.3,9.8,34.8,31.2,165750.4,207188.0,828752.2,226.24952224952224,282.8119028119028,1131.2478842478843,25.266666666666666,0.03973885892705087
878,Company_878,Consumer Goods,Asia,2018,797.7,11.2,1183.3,8.9,27.4,11.3,37.2,33.8,178796.9,223496.2,893984.6,224.14052902093516,280.17575529647735,1120.702770465087,27.433333333333334,0.0888615888615889
878,Company_878,Consumer Goods,Asia,2019,868.3,11.6,1074.0,8.9,25.1,8.3,36.3,30.7,198348.2,247935.2,991741.0,228.43279972359787,285.5409420707129,1142.1639986179891,25.099999999999998,0.08850445029459686
878,Company_878,Consumer Goods,Asia,2020,1073.5,13.5,2124.6,23.6,25.2,6.8,36.0,32.9,247487.7,309359.7,1237438.7,230.54280391243597,288.17857475547277,1152.7142058686538,25.23333333333333,0.23632385120350108
878,Company_878,Consumer Goods,Asia,2021,1282.3,13.6,3901.2,19.5,26.3,4.2,39.0,35.7,300272.5,375340.6,1501362.3,234.1671215784138,292.7088824767995,1170.8354519223271,26.3,0.19450395901257567
878,Company_878,Consumer Goods,Asia,2022,1405.8,12.8,3378.1,9.6,26.0,4.6,36.1,37.5,328385.4,410481.7,1641927.0,233.59325650874948,291.9915350689999,1167.9662825437474,26.066666666666666,0.09631131560477257
878,Company_878,Consumer Goods,Asia,2023,1412.9,12.6,2122.7,0.5,27.0,5.3,39.2,36.6,328608.2,410760.2,1643041.0,232.57711090664588,290.7213532450987,1162.8855545332294,27.03333333333333,0.005050505050505194
878,Company_878,Consumer Goods,Asia,2024,1395.7,16.3,4020.3,-1.2,25.7,3.4,37.0,36.5,328360.4,410450.5,1641802.0,235.2657447875618,294.08218098445224,1176.328723937809,25.633333333333336,-0.01217354377521418
878,Company_878,Consumer Goods,Asia,2025,1469.1,14.8,2599.6,5.3,26.6,5.8,35.1,38.8,340758.9,425948.7,1703794.6,231.95078619563,289.9385337962018,1159.7539990470357,26.566666666666663,0.05259009815863003
879,Company_879,Utilities,Africa,2015,879.5,10.0,1281.2,3.2,49.8,84.2,38.8,26.5,429628.7,268518.0,4296287.4,488.4919840818647,305.30756111426945,4884.920295622514,49.833333333333336,
879,Company_879,Utilities,Africa,2016,949.5,11.0,1152.3,8.0,51.8,87.8,39.4,28.1,444452.9,277783.0,4444528.6,468.09152185360716,292.55713533438654,4680.914797261717,51.76666666666666,0.07959067652075036
879,Company_879,Utilities,Africa,2017,1110.0,11.8,1313.8,16.9,52.5,86.1,38.0,33.4,530204.4,331377.7,5302043.9,477.66162162162163,298.53846846846847,4776.616126126127,52.5,0.1690363349131121
879,Company_879,Utilities,Africa,2018,1189.5,12.1,2077.5,7.2,54.8,91.2,38.9,34.5,534649.1,334155.7,5346490.8,449.4738125262715,280.92114333753676,4494.737957124842,54.86666666666667,0.07162162162162167
879,Company_879,Utilities,Africa,2019,1258.2,10.8,1490.3,5.8,54.6,90.4,39.1,34.2,570604.9,356628.0,5706048.7,453.5089016054681,283.4430138292799,4535.08877761882,54.56666666666666,0.057755359394703776
879,Company_879,Utilities,Africa,2020,1289.5,10.4,1813.1,2.5,53.3,90.3,38.0,31.6,585569.2,365980.8,5855692.5,454.10562233423803,283.81605273361765,4541.05661108957,53.300000000000004,0.024876808138610595
879,Company_879,Utilities,Africa,2021,1340.0,10.8,1314.2,3.9,53.5,90.1,38.5,31.7,610296.2,381435.1,6102961.9,455.4449253731343,284.6530597014925,4554.4491791044775,53.43333333333333,0.03916246607212104
879,Company_879,Utilities,Africa,2022,1280.1,10.2,1677.8,-4.5,54.5,88.9,42.6,32.1,591500.3,369687.7,5915003.4,462.0735098820405,288.79595344113744,4620.735411295993,54.53333333333333,-0.04470149253731348
879,Company_879,Utilities,Africa,2023,1204.6,11.1,1978.9,-5.9,53.4,87.3,37.8,35.0,567325.3,354578.3,5673253.2,470.9657147600864,294.3535613481654,4709.657313631082,53.36666666666667,-0.058979767205687095
879,Company_879,Utilities,Africa,2024,1168.8,9.2,1429.4,-3.0,53.8,87.7,34.5,39.2,547705.6,342316.0,5477056.5,468.6050650239562,292.8781656399726,4686.051078028748,53.800000000000004,-0.02971940893242564
879,Company_879,Utilities,Africa,2025,1162.9,9.8,1564.1,-0.5,55.8,92.1,37.4,37.9,516495.0,322809.4,5164949.8,444.14395046865593,277.5899905408892,4441.439332702726,55.800000000000004,-0.005047912388774667
880,Company_880,Retail,Latin America,2015,3636.5,5.8,3967.2,7.1,44.5,27.3,31.5,74.7,366982.0,183491.0,733964.1,100.9162656400385,50.45813282001925,201.83255877904577,44.5,
880,Company_880,Retail,Latin America,2016,4061.3,5.2,2852.8,11.7,44.4,28.8,30.8,73.5,405596.5,202798.3,811193.0,99.86863812079875,49.93433137172826,199.7372762415975,44.36666666666667,0.11681561941427199
880,Company_880,Retail,Latin America,2017,4468.1,2.8,2556.5,10.0,44.4,26.1,32.2,75.0,454520.7,227260.4,909041.5,101.72572234283028,50.86287236185402,203.45146706653833,44.43333333333334,0.10016497180705697
880,Company_880,Retail,Latin America,2018,5408.4,1.0,1283.4,21.0,43.8,28.3,30.5,72.6,542003.8,271001.9,1084007.7,100.21518378818136,50.10759189409068,200.43038606611938,43.79999999999999,0.21044739374678256
880,Company_880,Retail,Latin America,2019,5506.2,1.1,749.6,1.8,45.4,30.3,32.1,73.6,543827.8,271913.9,1087655.6,98.76644509825289,49.383222549126444,197.53289019650578,45.333333333333336,0.01808298202795644
880,Company_880,Retail,Latin America,2020,5419.1,0.8,1099.3,-1.6,47.8,34.2,35.4,73.9,520670.5,260335.3,1041341.0,96.08062224354597,48.04032034839733,192.16124448709195,47.833333333333336,-0.015818531836838345
880,Company_880,Retail,Latin America,2021,5375.6,3.8,3695.0,-0.8,49.5,33.9,36.0,78.7,517653.9,258826.9,1035307.7,96.29695289828112,48.14846714785326,192.59388719398763,49.53333333333334,-0.00802716318207819
880,Company_880,Retail,Latin America,2022,6196.1,4.6,2876.3,15.3,50.4,36.0,36.9,78.2,587423.4,293711.7,1174846.8,94.80534529784865,47.40267264892432,189.6106905956973,50.366666666666674,0.15263412456283953
880,Company_880,Retail,Latin America,2023,6669.8,2.6,2305.6,7.6,51.0,38.0,39.2,75.8,623023.9,311511.9,1246047.8,93.40968244924885,46.704833728147776,186.8193648984977,51.0,0.07645131615048162
880,Company_880,Retail,Latin America,2024,6939.7,0.7,915.4,4.0,52.2,41.7,38.0,77.0,630436.2,315218.1,1260872.3,90.84487802066371,45.42243901033186,181.68974163148263,52.23333333333333,0.04046598098893517
880,Company_880,Retail,Latin America,2025,7401.1,-0.3,8972.8,6.6,53.8,43.8,39.1,78.6,661335.4,330667.7,1322670.7,89.35636594560268,44.67818297280134,178.7127183797003,53.833333333333336,0.06648702393475237
881,Company_881,Utilities,Middle East,2015,1165.0,14.3,2427.1,1.8,56.5,77.9,58.8,32.8,610270.5,381419.1,6102705.4,523.837339055794,327.3983690987124,5238.37373390558,56.5,
881,Company_881,Utilities,Middle East,2016,1181.0,14.8,2271.0,1.4,57.3,78.5,60.6,32.6,614352.7,383970.4,6143526.9,520.1970364098221,325.123116003387,5201.970279424217,57.23333333333333,0.013733905579399242
881,Company_881,Utilities,Middle East,2017,1242.2,12.9,1367.3,5.2,58.8,82.5,62.4,31.5,618438.2,386523.9,6184382.1,497.85718885847683,311.16076316213173,4978.571969087103,58.800000000000004,0.05182049110922948
881,Company_881,Utilities,Middle East,2018,1325.0,13.7,1864.1,6.7,58.5,80.9,61.9,32.8,671597.2,419748.3,6715972.3,506.8658113207547,316.79116981132074,5068.6583396226415,58.53333333333334,0.06665593302205752
881,Company_881,Utilities,Middle East,2019,1334.5,12.2,2434.6,0.7,58.4,81.5,60.0,33.8,672040.9,420025.6,6720409.3,503.5900337204946,314.7437991757212,5035.900562008243,58.43333333333334,0.007169811320754782
881,Company_881,Utilities,Middle East,2020,1293.8,10.0,1695.7,-3.0,57.4,80.3,58.4,33.3,660083.5,412552.2,6600835.0,510.1897511207296,318.8686041119184,5101.897511207297,57.333333333333336,-0.030498313975271696
881,Company_881,Utilities,Middle East,2021,1321.7,10.6,1548.9,2.2,58.0,84.9,56.2,32.8,640519.8,400324.9,6405198.3,484.6181433002951,302.8863584777181,4846.181659983355,57.966666666666676,0.02156438398516003
881,Company_881,Utilities,Middle East,2022,1337.7,8.2,1028.4,1.2,59.9,89.7,58.5,31.4,612000.3,382500.2,6120003.1,457.50190625700833,285.9387007550273,4575.019137325259,59.86666666666667,0.012105621548006429
881,Company_881,Utilities,Middle East,2023,1344.1,8.0,883.3,0.5,58.3,91.7,56.3,27.0,600501.6,375313.5,6005016.4,446.76854400714234,279.230340004464,4467.685737668329,58.333333333333336,0.00478433131494338
881,Company_881,Utilities,Middle East,2024,1459.8,9.3,1497.3,8.6,60.4,93.0,57.4,30.7,640758.9,400474.3,6407589.2,438.93608713522406,274.3350458966982,4389.361008357309,60.36666666666667,0.08607990476899041
881,Company_881,Utilities,Middle East,2025,1498.5,8.3,1466.6,2.7,58.7,95.1,56.5,24.6,640832.8,400520.5,6408328.4,427.64951618284954,267.28094761428093,4276.495428762096,58.73333333333333,0.026510480887792953
882,Company_882,Energy,Europe,2015,5903.4,-13.8,21129.1,5.7,72.9,72.5,85.1,61.1,4089359.4,1226807.8,40893593.6,692.7125724158959,207.81376833689063,6927.125656401397,72.89999999999999,
882,Company_882,Energy,Europe,2016,5996.2,-20.0,17787.1,1.6,73.0,76.5,84.2,58.4,3985284.6,1195585.4,39852846.4,664.6350355224977,199.39051399219505,6646.350421933891,73.03333333333333,0.015719754717620438
882,Company_882,Energy,Europe,2017,7082.5,-0.7,35225.0,18.1,73.1,77.6,85.8,55.9,4649906.1,1394971.8,46499061.4,656.5345711260147,196.96036710201201,6565.345767737381,73.1,0.1811647376671892
882,Company_882,Energy,Europe,2018,7743.2,-4.6,32778.8,9.3,72.8,77.8,84.4,56.3,5075013.2,1522503.9,50750131.5,655.415487137101,196.6246383923959,6554.154806798223,72.83333333333333,0.09328626897282022
882,Company_882,Energy,Europe,2019,7136.0,-8.0,25726.6,-7.8,74.4,77.8,87.6,58.0,4678269.6,1403480.9,46782696.1,655.5871076233184,196.67613508968608,6555.871090246637,74.46666666666665,-0.07841719185866303
882,Company_882,Energy,Europe,2020,7163.5,-13.1,24311.7,0.4,74.9,80.0,86.6,57.9,4584368.8,1375310.6,45843688.0,639.9621414113212,191.98863683953377,6399.621414113213,74.83333333333333,0.003853699551569445
882,Company_882,Energy,Europe,2021,8175.8,-6.8,23960.4,14.1,76.2,82.3,86.6,59.6,5098507.0,1529552.1,50985070.3,623.6095550282541,187.08286650847623,6236.095586976197,76.16666666666666,0.1413136036853493
882,Company_882,Energy,Europe,2022,9540.2,-0.7,46038.1,16.7,76.4,83.2,85.9,60.2,5891666.2,1767499.9,58916662.2,617.5621265801556,185.26864216683086,6175.621286765477,76.43333333333334,0.16688275153501797
882,Company_882,Energy,Europe,2023,11328.9,-1.3,47342.3,18.7,77.0,86.4,84.0,60.5,6741594.7,2022478.4,67415946.6,595.0793722250174,178.52381078480698,5950.793686942245,76.96666666666667,0.18749082828452224
882,Company_882,Energy,Europe,2024,11562.7,-3.9,42305.1,2.1,76.3,86.9,82.0,59.8,6840277.2,2052083.2,68402772.5,591.5813088638466,177.4743961185536,5915.813131880962,76.23333333333333,0.020637484663118322
882,Company_882,Energy,Europe,2025,11731.7,-3.8,56454.0,1.5,75.4,84.1,83.6,58.5,7168433.5,2150530.1,71684335.2,611.0310952376893,183.3093328332637,6110.3109694247205,75.39999999999999,0.014615963399551957
883,Company_883,Technology,Africa,2015,1598.9,16.8,6806.1,18.6,50.1,81.8,40.1,28.4,50167.6,30100.6,100335.2,31.376321220839323,18.825817749702917,62.752642441678645,50.1,
883,Company_883,Technology,Africa,2016,2158.0,17.0,9253.0,35.0,49.7,83.5,39.4,26.1,66437.8,39862.7,132875.5,30.78674698795181,18.472057460611676,61.57344763670065,49.666666666666664,0.34967790355869655
883,Company_883,Technology,Africa,2017,2846.0,21.5,14758.1,31.9,50.4,82.7,40.9,27.4,88343.3,53006.0,176686.6,31.04121574139143,18.624736472241743,62.08243148278286,50.333333333333336,0.31881371640407785
883,Company_883,Technology,Africa,2018,3481.6,23.3,12488.0,22.3,50.0,85.4,37.7,27.0,104816.3,62889.8,209632.6,30.105784696691178,18.0634765625,60.211569393382355,50.03333333333334,0.22333099086437103
883,Company_883,Technology,Africa,2019,3922.7,22.1,17381.0,12.7,50.1,87.0,38.6,24.9,115912.2,69547.3,231824.4,29.549086088663422,17.72944655466898,59.098172177326845,50.166666666666664,0.12669462316176472
883,Company_883,Technology,Africa,2020,4348.1,22.8,15804.9,10.8,50.2,84.3,40.6,25.6,132558.1,79534.8,265116.2,30.48644235413169,18.29185161334836,60.97288470826338,50.166666666666664,0.10844571341168097
883,Company_883,Technology,Africa,2021,4298.9,22.4,15193.1,-1.1,49.0,83.1,41.4,22.3,132878.2,79726.9,265756.3,30.90981413850055,18.5458838307474,61.819605015236455,48.93333333333334,-0.011315287136910546
883,Company_883,Technology,Africa,2022,4937.8,21.5,22650.5,14.9,50.7,84.6,43.7,23.9,149992.3,89995.4,299984.5,30.376341690631453,18.225809064765684,60.75266312932885,50.73333333333334,0.14861941426876646
883,Company_883,Technology,Africa,2023,6159.8,21.7,29669.6,24.7,50.5,84.9,44.0,22.5,186455.3,111873.2,372910.6,30.269700314945286,18.161823435825838,60.53940062989057,50.46666666666667,0.24747863420956695
883,Company_883,Technology,Africa,2024,7644.3,22.3,46517.9,24.1,50.4,82.8,44.3,24.2,237220.6,142332.4,474441.3,31.032350901979253,18.619415773844562,62.064714885601035,50.43333333333333,0.2409980843533881
883,Company_883,Technology,Africa,2025,7897.7,22.4,42980.0,3.3,52.6,85.5,47.5,24.8,237480.2,142488.1,474960.4,30.06953923294124,18.0417210073819,60.13907846588248,52.6,0.033148882173645644
884,Company_884,Consumer Goods,North America,2015,3825.0,7.9,7135.9,1.05,58.4,42.2,71.7,61.4,692133.2,865166.4,3460665.8,180.9498562091503,226.18729411764707,904.7492287581699,58.43333333333334,
884,Company_884,Consumer Goods,North America,2016,3710.2,10.3,7957.1,-3.0,62.3,45.8,76.8,64.4,652752.4,815940.4,3263761.8,175.93455878389307,219.91817152714142,879.6727400140154,62.333333333333336,-0.030013071895424903
884,Company_884,Consumer Goods,North America,2017,4208.8,9.4,6708.7,13.4,64.0,50.1,76.2,65.7,714674.8,893343.5,3573374.2,169.80488500285117,212.25610625356396,849.0244725337388,64.0,0.13438628645356054
884,Company_884,Consumer Goods,North America,2018,3897.6,9.4,5299.8,-7.4,68.5,54.2,80.0,71.3,639634.1,799542.7,3198170.6,164.1097341954023,205.1371869868637,820.548696633826,68.5,-0.07394031552936708
884,Company_884,Consumer Goods,North America,2019,4002.8,9.5,5721.4,2.7,68.6,56.8,78.5,70.4,642640.8,803301.0,3213203.8,160.5478165284301,200.68477066053762,802.7390326771259,68.56666666666668,0.026990968801313686
884,Company_884,Consumer Goods,North America,2020,4158.4,10.4,6274.0,3.9,69.0,56.0,81.0,70.0,671824.3,839780.3,3359121.3,161.55836379376686,201.94793670642557,807.7917708734129,69.0,0.038872789047666556
884,Company_884,Consumer Goods,North America,2021,4291.4,10.0,9627.9,3.2,70.0,57.4,82.6,70.1,685014.7,856268.4,3425073.7,159.6249941743953,199.53124854359885,798.1250174768142,70.03333333333333,0.03198345517506729
884,Company_884,Consumer Goods,North America,2022,4264.1,9.5,9232.3,-0.6,71.0,58.6,81.1,73.3,673380.6,841725.8,3366903.0,157.91857601838603,197.39823174878637,789.5928800919303,71.0,-0.006361560329962046
884,Company_884,Consumer Goods,North America,2023,4202.6,11.1,5115.2,-1.4,72.8,61.1,81.4,76.1,649215.2,811519.0,3246076.0,154.4794175034502,193.0992718793128,772.3970875172512,72.86666666666666,-0.014422738678736446
884,Company_884,Consumer Goods,North America,2024,4125.2,9.1,8874.5,-1.8,73.3,61.8,82.3,75.8,632961.7,791202.1,3164808.5,153.43782119654804,191.79727043537284,767.1891059827402,73.3,-0.01841717032313339
884,Company_884,Consumer Goods,North America,2025,4360.4,9.2,7920.2,5.7,73.1,62.4,82.9,74.0,665341.3,831676.6,3326706.4,152.58721676910378,190.73401522796075,762.936060911843,73.10000000000001,0.05701541743430627
885,Company_885,Consumer Goods,Middle East,2015,1212.5,6.7,1536.3,5.2,48.5,74.5,60.0,11.1,164491.2,205614.0,822455.8,135.66284536082475,169.57855670103092,678.3140618556702,48.53333333333333,
885,Company_885,Consumer Goods,Middle East,2016,1348.7,4.4,1318.6,11.2,48.9,74.8,61.4,10.3,182487.1,228108.9,912435.6,135.30592422332617,169.13242381552604,676.5296952621042,48.833333333333336,0.11232989690721662
885,Company_885,Consumer Goods,Middle East,2017,1623.2,4.1,781.8,20.4,50.2,78.0,62.6,10.1,212365.6,265457.0,1061827.8,130.83144406111384,163.5393050763923,654.1570970921637,50.23333333333333,0.20352932453473715
885,Company_885,Consumer Goods,Middle East,2018,1529.5,6.6,2186.2,-5.8,52.1,79.0,64.6,12.8,197972.9,247466.1,989864.3,129.43635174893757,161.7954233409611,647.181627983001,52.13333333333333,-0.05772548053228199
885,Company_885,Consumer Goods,Middle East,2019,1622.8,11.4,2880.2,6.1,53.8,82.3,65.2,13.9,202445.5,253056.9,1012227.6,124.75073946265714,155.93843973379344,623.7537589351738,53.800000000000004,0.06100032690421697
885,Company_885,Consumer Goods,Middle East,2020,1704.5,11.0,2449.0,5.0,54.1,81.1,68.1,13.2,215592.9,269491.2,1077964.7,126.48454092109122,158.1057201525374,632.4228219419184,54.133333333333326,0.050345082573330036
885,Company_885,Consumer Goods,Middle East,2021,1754.5,12.6,3861.8,2.9,53.1,81.4,66.3,11.6,221227.3,276534.2,1106136.7,126.091365061271,157.6142490738102,630.4569392989455,53.099999999999994,0.0293341155764153
885,Company_885,Consumer Goods,Middle East,2022,1868.8,14.4,5848.4,6.5,53.9,85.0,62.9,13.8,226029.1,282536.4,1130145.7,120.94879066780823,151.1860017123288,604.7440603595891,53.900000000000006,0.06514676546024512
885,Company_885,Consumer Goods,Middle East,2023,1966.5,14.3,4682.8,5.2,55.5,87.0,64.9,14.7,232383.3,290479.1,1161916.5,118.17101449275361,147.71375540300025,590.8550724637681,55.53333333333333,0.052279537671232834
885,Company_885,Consumer Goods,Middle East,2024,2068.2,17.6,8283.3,5.2,56.4,88.9,67.2,13.1,238834.9,298543.6,1194174.4,115.47959578377333,144.34948264191084,577.3979305676434,56.400000000000006,0.051716247139588
885,Company_885,Consumer Goods,Middle East,2025,2065.6,15.1,5053.4,-0.1,59.5,93.5,70.6,14.5,225489.2,281861.5,1127446.1,109.16402013942681,136.45502517428352,545.8201491092177,59.53333333333333,-0.0012571318054346303
886,Company_886,Retail,Oceania,2015,1284.4,12.3,3150.7,-2.65,55.2,58.2,51.7,55.8,101790.7,50895.3,203581.4,79.25155714730613,39.625739644970416,158.50311429461226,55.23333333333333,
886,Company_886,Retail,Oceania,2016,1243.7,11.5,2889.5,-3.2,55.5,57.2,50.8,58.4,99413.2,49706.6,198826.5,79.93342445927473,39.966712229637366,159.8669293237919,55.46666666666667,-0.0316879476798505
886,Company_886,Retail,Oceania,2017,1205.3,9.7,1880.4,-3.1,56.0,60.1,51.9,56.0,93908.3,46954.2,187816.7,77.91280179208496,38.95644237949058,155.82568655106613,56.0,-0.030875613089973553
886,Company_886,Retail,Oceania,2018,1297.3,8.2,1684.5,7.6,56.8,60.5,53.7,56.1,100743.9,50372.0,201487.8,77.6565944654282,38.82833577430047,155.3131889308564,56.76666666666667,0.07632954451173979
886,Company_886,Retail,Oceania,2019,1268.0,8.4,1471.6,-2.3,59.9,65.6,56.7,57.6,93941.1,46970.5,187882.2,74.08604100946373,37.04298107255521,148.17208201892745,59.96666666666667,-0.0225853696138133
886,Company_886,Retail,Oceania,2020,1268.6,9.0,2122.6,0.0,62.0,71.7,58.2,56.2,88566.8,44283.4,177133.7,69.81459877029798,34.90729938514899,139.6292763676494,62.03333333333334,0.00047318611987368087
886,Company_886,Retail,Oceania,2021,1209.6,9.3,2277.6,-4.7,61.5,69.1,56.7,58.7,86647.9,43323.9,173295.7,71.63351521164022,35.81671626984127,143.26694775132276,61.5,-0.04650796153239789
886,Company_886,Retail,Oceania,2022,1216.5,11.1,2451.9,0.6,61.0,68.9,54.5,59.4,87266.7,43633.4,174533.5,71.73588162762022,35.867981915330866,143.47184545828196,60.93333333333334,0.005704365079365115
886,Company_886,Retail,Oceania,2023,1174.4,11.5,2009.9,-3.5,61.3,73.2,52.2,58.6,80746.7,40373.3,161493.4,68.75570504087193,34.37780994550409,137.51141008174386,61.333333333333336,-0.03460748047677753
886,Company_886,Retail,Oceania,2024,1139.7,11.8,1417.0,-3.0,62.1,77.4,53.4,55.6,74984.8,37492.4,149969.7,65.79345441782925,32.896727208914626,131.58699657804686,62.13333333333333,-0.029547002724795712
886,Company_886,Retail,Oceania,2025,1128.8,8.6,1410.1,-1.0,63.5,78.4,58.1,54.1,73509.5,36754.7,147018.9,65.12181077250177,32.56086109142452,130.24353295535082,63.53333333333333,-0.00956392032991149
887,Company_887,Utilities,Oceania,2015,2853.0,9.0,2789.9,5.15,54.5,44.7,83.2,35.6,2024809.6,1265506.0,20248096.0,709.7124430424116,443.5702769015072,7097.124430424115,54.5,
887,Company_887,Utilities,Oceania,2016,2717.6,9.5,2850.8,-4.7,56.1,47.1,85.0,36.4,1892510.9,1182819.3,18925108.8,696.3905284074183,435.24407565498973,6963.905210479836,56.166666666666664,-0.04745881528215912
887,Company_887,Utilities,Oceania,2017,2483.3,10.3,3242.4,-8.6,55.5,49.5,82.6,34.3,1695164.4,1059477.7,16951643.7,682.625699673821,426.6410421616397,6826.25687593122,55.46666666666666,-0.08621577862820129
887,Company_887,Utilities,Oceania,2018,2770.4,9.0,2014.6,11.6,57.2,52.6,84.9,34.0,1843956.1,1152472.6,18439561.2,665.592008374242,415.9950187698528,6655.920155934161,57.166666666666664,0.11561229009785357
887,Company_887,Utilities,Oceania,2019,3040.0,9.3,2529.1,9.7,57.6,52.7,84.6,35.5,2021866.9,1263666.8,20218668.8,665.0877960526316,415.6798684210527,6650.877894736843,57.6,0.09731446722494952
887,Company_887,Utilities,Oceania,2020,3373.9,11.0,4118.5,11.0,58.7,52.3,87.2,36.7,2250046.6,1406279.1,22500466.0,666.8978333679125,416.8111384451229,6668.978333679125,58.73333333333333,0.10983552631578952
887,Company_887,Utilities,Oceania,2021,3802.0,10.4,4713.6,12.7,59.2,53.1,89.4,35.1,2518330.2,1573956.3,25183301.6,662.3698579694898,413.98114150447134,6623.698474487112,59.199999999999996,0.12688579981623627
887,Company_887,Utilities,Oceania,2022,3604.5,9.6,3814.2,-5.2,59.0,51.9,90.7,34.3,2412697.0,1507935.6,24126969.9,669.3569149674018,418.34806491885143,6693.569121930919,58.96666666666666,-0.05194634402945819
887,Company_887,Utilities,Oceania,2023,3624.2,10.6,5546.8,0.5,58.9,50.1,90.4,36.1,2463191.3,1539494.5,24631912.7,679.6510402295679,424.78188289829484,6796.51031951879,58.86666666666667,0.005465390484117094
887,Company_887,Utilities,Oceania,2024,3735.2,8.6,4480.2,3.1,59.0,48.8,92.3,35.8,2564141.9,1602588.7,25641418.6,686.4804829727993,429.0503052045406,6864.804722638682,58.96666666666666,0.030627448816290537
887,Company_887,Utilities,Oceania,2025,4003.6,7.0,3850.6,7.2,58.0,50.7,89.1,34.2,2707710.5,1692319.1,27077105.0,676.3189379558397,422.69934558896995,6763.189379558397,58.0,0.071856928678518
888,Company_888,Utilities,Oceania,2015,1272.8,9.3,1514.3,-3.9,66.9,61.6,76.2,63.0,782596.5,489122.8,7825965.1,614.8621150219988,384.28881206788185,6148.621228786927,66.93333333333334,
888,Company_888,Utilities,Oceania,2016,1220.4,9.2,1613.0,-4.1,68.1,63.6,76.9,63.8,736727.9,460454.9,7367278.8,603.6774008521796,377.298344804982,6036.7738446411,68.10000000000001,-0.04116907605279685
888,Company_888,Utilities,Oceania,2017,1366.1,11.1,2258.9,11.9,69.8,63.0,77.6,68.8,829558.7,518474.2,8295586.7,607.2459556401435,379.52873142522515,6072.459336798185,69.8,0.11938708620124538
888,Company_888,Utilities,Oceania,2018,1372.7,10.8,1585.8,0.5,71.0,62.6,80.5,70.0,836396.5,522747.8,8363965.1,609.3075690245502,380.81722153420264,6093.075763094631,71.03333333333333,0.004831271502818257
888,Company_888,Utilities,Oceania,2019,1288.9,9.0,1610.3,-6.1,70.2,63.9,79.9,66.9,775919.3,484949.6,7759193.1,602.0011637830709,376.250756458996,6020.011715416245,70.23333333333333,-0.061047570481532754
888,Company_888,Utilities,Oceania,2020,1136.6,9.0,1180.1,-11.8,69.3,63.2,77.7,67.0,688658.3,430411.4,6886582.9,605.8932781981349,378.68326588069687,6058.932693999649,69.3,-0.11816277445884105
888,Company_888,Utilities,Oceania,2021,1002.9,7.1,591.0,-11.8,71.6,66.8,80.0,68.1,587482.8,367176.7,5874827.5,585.7840263236615,366.1149665968691,5857.839764682421,71.63333333333334,-0.11763153264121062
888,Company_888,Utilities,Oceania,2022,982.1,6.8,548.6,-2.1,72.4,66.4,78.5,72.3,577618.6,361011.6,5776185.7,588.1464209347316,367.591487628551,5881.463903879442,72.39999999999999,-0.02073985442217563
888,Company_888,Utilities,Oceania,2023,947.1,3.9,468.1,-3.6,73.0,65.5,77.1,76.6,562051.9,351282.5,5620519.2,593.4451483475874,370.9032837081617,5934.451694646817,73.06666666666666,-0.03563791874554523
888,Company_888,Utilities,Oceania,2024,867.2,1.6,147.4,-8.4,74.0,67.6,78.0,76.5,504421.4,315263.4,5044214.1,581.6667435424354,363.5417435424354,5816.667550738007,74.03333333333333,-0.08436279167986482
888,Company_888,Utilities,Oceania,2025,835.3,2.3,278.2,-3.7,75.8,69.5,78.0,80.0,477023.0,298139.4,4770229.9,571.0798515503412,356.92493714833,5710.798395785946,75.83333333333333,-0.03678505535055365
889,Company_889,Healthcare,Middle East,2015,2517.7,7.0,3102.6,3.9499999999999997,26.5,36.3,5.9,37.4,238200.2,238200.2,476400.5,94.6102395043095,94.6102395043095,189.22051872740994,26.53333333333333,
889,Company_889,Healthcare,Middle East,2016,2587.0,5.6,1775.8,2.8,28.0,37.7,5.5,40.8,242087.5,242087.5,484175.0,93.57846926942405,93.57846926942405,187.1569385388481,28.0,0.027525122135282354
889,Company_889,Healthcare,Middle East,2017,2572.9,7.1,2779.2,-0.5,27.1,38.0,6.1,37.0,240278.6,240278.6,480557.3,93.38823895215515,93.38823895215515,186.77651677095884,27.03333333333333,-0.005450328565906437
889,Company_889,Healthcare,Middle East,2018,2703.5,4.3,1377.6,5.1,27.7,38.3,8.3,36.4,251871.8,251871.8,503743.6,93.16508230072128,93.16508230072128,186.33016460144256,27.666666666666668,0.05075984297873992
889,Company_889,Healthcare,Middle East,2019,2597.7,3.1,833.5,-3.9,29.8,38.7,14.9,35.7,241335.2,241335.2,482670.4,92.903414559033,92.903414559033,185.806829118066,29.76666666666667,-0.039134455335676055
889,Company_889,Healthcare,Middle East,2020,2488.1,5.7,2185.8,-4.2,29.9,37.7,16.0,36.2,232937.3,232937.3,465874.6,93.6205538362606,93.6205538362606,187.2411076725212,29.96666666666667,-0.04219116911113674
889,Company_889,Healthcare,Middle East,2021,2708.1,7.5,3512.6,8.8,30.4,39.7,16.1,35.4,249758.3,249758.3,499516.5,92.22639488940585,92.22639488940585,184.45275285255346,30.400000000000002,0.08842088340500776
889,Company_889,Healthcare,Middle East,2022,2541.2,12.6,3398.8,-6.2,29.2,36.5,16.5,34.4,239954.7,239954.7,479909.3,94.4257437431135,94.4257437431135,188.8514481347395,29.133333333333336,-0.061629925039695777
889,Company_889,Healthcare,Middle East,2023,2740.8,13.4,6683.0,7.9,28.5,35.2,18.0,32.2,261371.2,261371.2,522742.4,95.36310566258027,95.36310566258027,190.72621132516053,28.46666666666667,0.0785455690225092
889,Company_889,Healthcare,Middle East,2024,3445.2,13.1,10493.3,25.7,27.0,33.5,18.0,29.6,332592.2,332592.2,665184.3,96.5378497619877,96.5378497619877,193.07567049808432,27.03333333333333,0.25700525394045526
889,Company_889,Healthcare,Middle East,2025,3933.7,14.9,8604.2,14.2,27.9,34.5,18.4,30.6,376929.1,376929.1,753858.2,95.82049978391845,95.82049978391845,191.6409995678369,27.833333333333332,0.14179147799837466
890,Company_890,Utilities,Middle East,2015,244.4,9.8,265.9,-1.6,36.9,44.5,60.1,6.1,173789.5,108618.4,1737895.1,711.0863338788871,444.4288052373158,7110.863747954174,36.9,
890,Company_890,Utilities,Middle East,2016,235.3,8.0,218.9,-3.7,37.3,47.1,59.0,5.7,163866.9,102416.8,1638669.0,696.4169145771355,435.2605184870378,6964.169145771355,37.266666666666666,-0.037234042553191515
890,Company_890,Utilities,Middle East,2017,225.1,9.4,197.3,-4.4,37.1,48.6,59.1,3.5,154786.3,96741.5,1547863.5,687.6334962239005,429.77121279431367,6876.337183474012,37.06666666666667,-0.04334891627709314
890,Company_890,Utilities,Middle East,2018,226.3,8.3,183.8,0.5,39.3,53.1,60.4,4.4,149904.1,93690.1,1499041.3,662.4131683605833,414.0083959346001,6624.133009279717,39.300000000000004,0.005330964015992867
890,Company_890,Utilities,Middle East,2019,241.6,8.7,242.9,6.8,39.5,52.9,60.3,5.2,160367.0,100229.3,1603669.5,663.7706953642385,414.85637417218544,6637.70488410596,39.46666666666666,0.06760936809544837
890,Company_890,Utilities,Middle East,2020,209.3,9.1,247.4,-13.4,41.0,54.9,61.3,6.9,136599.7,85374.8,1365997.1,652.6502627806976,407.90635451505017,6526.503105590062,41.03333333333333,-0.13369205298013243
890,Company_890,Utilities,Middle East,2021,211.0,8.4,205.9,0.8,42.8,57.5,63.3,7.6,134610.9,84131.8,1346109.3,637.9663507109004,398.72890995260667,6379.664928909953,42.800000000000004,0.008122312470138393
890,Company_890,Utilities,Middle East,2022,199.9,6.3,157.1,-5.3,42.5,54.5,65.6,7.3,130889.9,81806.2,1308899.0,654.7768884442221,409.2356178089044,6547.768884442221,42.46666666666666,-0.05260663507108998
890,Company_890,Utilities,Middle East,2023,216.0,5.9,178.9,8.0,43.4,55.4,66.1,8.7,140336.2,87710.1,1403361.6,649.7046296296297,406.0652777777778,6497.044444444445,43.4,0.08054027013506748
890,Company_890,Utilities,Middle East,2024,226.3,6.2,163.7,4.8,43.7,56.7,66.1,8.5,145445.6,90903.5,1454456.3,642.7114449845338,401.6946531153336,6427.115775519223,43.76666666666667,0.047685185185185164
890,Company_890,Utilities,Middle East,2025,202.9,5.5,161.5,-10.3,44.3,59.2,66.0,7.7,127557.2,79723.3,1275572.1,628.6702809265648,392.9191720059142,6286.703302119271,44.300000000000004,-0.10340256296950956
891,Company_891,Manufacturing,North America,2015,7955.8,9.6,14100.5,14.3,54.4,33.0,66.2,64.0,2313458.5,3084611.3,38557641.1,290.788921290128,387.71855753035516,4846.481950275271,54.4,
891,Company_891,Manufacturing,North America,2016,9453.5,9.7,7390.2,18.8,55.3,31.0,66.2,68.9,2788700.5,3718267.3,46478341.7,294.9913259639287,393.321764425874,4916.522102924843,55.366666666666674,0.18825259559063823
891,Company_891,Manufacturing,North America,2017,10765.0,9.2,19127.1,13.9,56.2,32.4,68.9,67.5,3143238.0,4190984.0,52387300.1,291.9868091035764,389.3157454714352,4866.446827682304,56.26666666666667,0.13873168667689217
891,Company_891,Manufacturing,North America,2018,13345.7,8.3,15027.0,24.0,58.2,35.7,70.4,68.4,3803829.4,5071772.5,63397156.0,285.0228463100474,380.0304592490465,4750.380721880456,58.166666666666664,0.23973060845332106
891,Company_891,Manufacturing,North America,2019,13893.0,8.3,11457.7,4.1,58.0,35.9,67.2,71.0,3953886.8,5271849.0,65898112.7,284.59560929964726,379.4608076009501,4743.260109407615,58.03333333333333,0.04100946372239744
891,Company_891,Manufacturing,North America,2020,14779.7,2.5,4106.3,6.4,61.1,39.0,70.9,73.5,4110219.7,5480292.9,68503661.7,278.0989938902684,370.79865626501214,4634.983233759819,61.13333333333333,0.06382350824156058
891,Company_891,Manufacturing,North America,2021,17683.5,2.5,5138.7,19.6,62.4,38.4,73.7,75.1,4939200.5,6585600.6,82320008.1,279.3112506008426,372.41499703113067,4655.187496819069,62.4,0.19647218820409074
891,Company_891,Manufacturing,North America,2022,19938.3,6.9,21560.3,12.8,63.1,38.8,72.7,77.8,5552387.3,7403183.0,92539787.7,278.47847108329194,371.30462476740746,4641.307819623539,63.1,0.12750869454576286
891,Company_891,Manufacturing,North America,2023,22872.5,9.5,26746.4,14.7,62.6,37.4,71.9,78.4,6435563.4,8580751.2,107259389.9,281.36685539403214,375.1558071920428,4689.447585528474,62.56666666666667,0.14716400094290893
891,Company_891,Manufacturing,North America,2024,24945.0,9.4,36906.9,9.1,62.5,38.8,71.1,77.7,6945423.1,9260564.1,115757051.8,278.4294688314291,371.2392904389657,4640.491152535578,62.53333333333333,0.09061099573723896
891,Company_891,Manufacturing,North America,2025,30093.5,8.2,52872.6,20.6,60.9,35.8,68.5,78.2,8568674.4,11424899.2,142811240.4,284.73505574293455,379.64674099057936,4745.5842756741495,60.833333333333336,0.20639406694728413
892,Company_892,Transportation,Latin America,2015,824.1,2.9,257.4,-0.75,33.7,24.2,58.1,18.8,509502.7,84917.1,1698342.2,618.2534886542895,103.04222788496543,2060.8448003883022,33.699999999999996,
892,Company_892,Transportation,Latin America,2016,799.7,0.8,70.4,-3.0,35.4,25.7,57.4,23.2,489525.2,81587.5,1631750.8,612.1360510191322,102.02263348755783,2040.4536701262973,35.43333333333333,-0.029608057274602584
892,Company_892,Transportation,Latin America,2017,856.8,3.4,325.9,7.1,35.1,24.2,58.8,22.4,529678.5,88279.7,1765594.8,618.2055322128851,103.0341970121382,2060.68487394958,35.13333333333333,0.07140177566587469
892,Company_892,Transportation,Latin America,2018,896.2,3.3,258.9,4.6,34.2,21.9,59.0,21.7,562767.1,93794.5,1875890.4,627.9481142602098,104.65800044632894,2093.160455255523,34.2,0.0459850606909431
892,Company_892,Transportation,Latin America,2019,890.6,3.4,372.3,-0.6,34.3,21.8,59.6,21.6,559805.4,93300.9,1866018.0,628.5710756793173,104.76184594655288,2095.2369189310575,34.333333333333336,-0.00624860522204862
892,Company_892,Transportation,Latin America,2020,914.2,3.3,542.4,2.6,36.5,22.5,63.6,23.6,571968.3,95328.0,1906560.9,625.6489827171298,104.27477576022751,2085.496499671844,36.56666666666666,0.02649898944531781
892,Company_892,Transportation,Latin America,2021,906.2,2.2,267.2,-0.9,36.6,23.9,62.2,23.7,561319.8,93553.3,1871066.0,619.4215404987862,103.23692341646435,2064.738468329287,36.6,-0.008750820389411551
892,Company_892,Transportation,Latin America,2022,864.0,4.1,444.9,-4.7,38.5,24.8,62.8,27.7,531958.4,88659.7,1773194.5,615.6925925925926,102.61539351851852,2052.308449074074,38.43333333333333,-0.04656808651511812
892,Company_892,Transportation,Latin America,2023,882.0,4.5,357.4,2.1,39.1,26.1,62.4,28.8,538521.9,89753.6,1795073.0,610.5690476190476,101.76145124716554,2035.2301587301588,39.1,0.02083333333333326
892,Company_892,Transportation,Latin America,2024,787.7,-0.9,1410.0,-10.7,40.4,27.6,65.0,28.6,476009.8,79335.0,1586699.2,604.3034150057127,100.71727815158054,2014.344547416529,40.4,-0.10691609977324257
892,Company_892,Transportation,Latin America,2025,718.2,-0.9,1505.9,-8.8,40.8,26.9,67.3,28.1,435965.0,72660.8,1453216.7,607.0245057087162,101.1707045391256,2023.415065441381,40.76666666666666,-0.08823156023866952
893,Company_893,Finance,Oceania,2015,3696.3,17.5,9987.6,7.8999999999999995,61.5,99.1,53.3,32.1,37445.3,18722.7,93613.3,10.130481833184536,5.065254443632822,25.326218110001893,61.49999999999999,
893,Company_893,Finance,Oceania,2016,3959.9,17.9,11820.3,7.1,64.2,100.0,59.0,33.5,39598.8,19799.4,98996.9,9.999949493674084,4.999974746837042,24.999848481022244,64.16666666666667,0.07131455780104434
893,Company_893,Finance,Oceania,2017,4088.5,15.9,5285.5,3.2,64.2,100.0,60.4,32.4,40884.8,20442.4,102212.1,9.999951082304024,4.999975541152012,24.99990216460805,64.26666666666667,0.03247556756483738
893,Company_893,Finance,Oceania,2018,4649.7,15.5,9281.0,13.7,64.3,100.0,61.0,31.8,46497.4,23248.7,116243.6,10.00008602705551,5.000043013527755,25.000236574402653,64.26666666666667,0.1372630549101137
893,Company_893,Finance,Oceania,2019,5712.9,12.7,13557.2,22.9,63.8,100.0,60.1,31.4,57129.4,28564.7,142823.5,10.000070016979118,5.000035008489559,25.000175042447797,63.833333333333336,0.22865991354280912
893,Company_893,Finance,Oceania,2020,6065.2,9.5,5041.7,6.2,63.6,100.0,59.4,31.3,60652.2,30326.1,151630.5,10.000032975004945,5.000016487502473,25.000082437512365,63.56666666666667,0.06166745435768184
893,Company_893,Finance,Oceania,2021,6705.5,12.4,6833.1,10.6,63.7,100.0,59.6,31.5,67054.5,33527.3,167636.3,9.999925434344942,4.999970173737977,24.999821042427858,63.699999999999996,0.10556947833542174
893,Company_893,Finance,Oceania,2022,7179.9,11.5,10680.8,7.1,63.8,99.0,57.8,34.7,72828.1,36414.1,182070.3,10.143330687056924,5.071672307413753,25.358333681527597,63.833333333333336,0.07074789352024458
893,Company_893,Finance,Oceania,2023,7801.6,13.4,18683.8,8.7,63.9,99.4,57.5,35.0,78651.1,39325.5,196627.7,10.081406378178835,5.040696780147662,25.203509536505333,63.96666666666667,0.08658894970682063
893,Company_893,Finance,Oceania,2024,7753.4,11.5,16846.4,-0.6,64.7,100.0,58.6,35.5,77533.6,38766.8,193834.0,9.999948409729926,4.999974204864963,24.999871024324815,64.7,-0.006178219852338129
893,Company_893,Finance,Oceania,2025,9447.8,10.4,14447.0,21.9,64.4,100.0,59.4,33.8,94478.1,47239.0,236195.2,10.000010584474694,5.0,25.000021168949388,64.39999999999999,0.21853638403797038
894,Company_894,Healthcare,North America,2015,12207.4,12.9,22608.5,4.949999999999999,72.8,59.1,85.8,73.5,959811.8,959811.8,1919623.6,78.62540753968905,78.62540753968905,157.2508150793781,72.8,
894,Company_894,Healthcare,North America,2016,12769.5,13.5,25863.7,4.6,73.7,61.5,85.7,73.8,982804.9,982804.9,1965609.8,76.96502603860762,76.96502603860762,153.93005207721524,73.66666666666667,0.04604584104723375
894,Company_894,Healthcare,North America,2017,13451.7,12.3,27748.0,5.3,74.5,63.4,88.6,71.4,1016935.2,1016935.2,2033870.4,75.59900979058408,75.59900979058408,151.19801958116815,74.46666666666667,0.053424174791495416
894,Company_894,Healthcare,North America,2018,12297.1,15.6,35208.2,-8.6,76.4,67.0,89.6,72.6,899003.0,899003.0,1798006.0,73.10691138561124,73.10691138561124,146.21382277122248,76.39999999999999,-0.08583301738813687
894,Company_894,Healthcare,North America,2019,13697.6,18.9,35578.6,11.4,77.3,65.6,93.8,72.3,1014346.4,1014346.4,2028692.8,74.0528559747693,74.0528559747693,148.1057119495386,77.23333333333333,0.11388864041115387
894,Company_894,Healthcare,North America,2020,13393.6,21.0,46528.5,-2.2,77.3,67.3,92.7,71.8,975805.0,975805.0,1951609.9,72.8560655835623,72.8560655835623,145.71212370087204,77.26666666666667,-0.022193668963906066
894,Company_894,Healthcare,North America,2021,12603.5,19.2,40403.9,-5.9,77.1,68.9,92.2,70.3,904484.9,904484.9,1808969.7,71.76458126710834,71.76458126710834,143.52915459991272,77.13333333333334,-0.058990861306892906
894,Company_894,Healthcare,North America,2022,12012.7,19.0,27875.7,-4.7,79.0,69.6,98.3,69.2,856058.5,856058.5,1712117.0,71.26278854878586,71.26278854878586,142.52557709757173,79.03333333333332,-0.04687586781449593
894,Company_894,Healthcare,North America,2023,12940.6,16.3,38488.9,7.7,80.0,72.6,100.0,67.4,895567.4,895567.4,1791134.7,69.20601826808648,69.20601826808648,138.41202880855602,80.0,0.07724325089280515
894,Company_894,Healthcare,North America,2024,13774.5,15.5,43462.2,6.4,81.0,75.3,100.0,67.6,927289.1,927289.1,1854578.3,67.31925659733565,67.31925659733565,134.63852045446296,80.96666666666667,0.06444059780844791
894,Company_894,Healthcare,North America,2025,15518.0,10.3,20539.8,12.7,80.2,73.5,100.0,67.0,1064122.8,1064122.8,2128245.7,68.57345018687975,68.57345018687975,137.14690681788892,80.16666666666667,0.1265744673127882
895,Company_895,Finance,Oceania,2015,8876.1,14.0,23825.4,-0.05000000000000002,59.7,98.3,26.4,54.5,90861.7,45430.9,227154.3,10.236669257894796,5.118340262052027,25.59167877784162,59.73333333333333,
895,Company_895,Finance,Oceania,2016,8433.9,13.0,20116.3,-5.0,61.1,100.0,23.8,59.5,84339.4,42169.7,210848.5,10.000047427643201,5.000023713821601,25.000118569108007,61.1,-0.04981917734140007
895,Company_895,Finance,Oceania,2017,8245.3,14.7,20809.2,-2.2,60.7,100.0,23.5,58.7,82452.8,41226.4,206132.0,9.999975743757052,4.999987871878526,24.999939359392627,60.73333333333333,-0.02236213376966767
895,Company_895,Finance,Oceania,2018,8399.4,17.1,16459.3,1.9,59.9,100.0,21.4,58.3,83994.3,41997.2,209985.8,10.000035716836917,5.000023811224612,25.000095244898446,59.9,0.018689435193382842
895,Company_895,Finance,Oceania,2019,8095.0,15.1,20829.5,-3.6,60.2,100.0,21.5,59.1,80950.4,40475.2,202376.1,10.000049413218035,5.000024706609017,25.0001358863496,60.199999999999996,-0.03624068385837076
895,Company_895,Finance,Oceania,2020,8300.1,15.5,14583.2,2.5,59.1,96.3,22.4,58.5,87256.2,43628.1,218140.4,10.512668522065999,5.2563342610329995,26.281659257117383,59.06666666666666,0.02533662754786903
895,Company_895,Finance,Oceania,2021,8911.0,16.3,14411.7,7.4,60.8,97.8,23.4,61.2,91885.1,45942.6,229712.8,10.311424082594547,5.1557176523398045,25.778565817528897,60.79999999999999,0.0736015228732183
895,Company_895,Finance,Oceania,2022,8873.2,16.0,15405.5,-0.4,60.9,99.0,22.2,61.4,90026.3,45013.1,225065.7,10.145866203849794,5.072927466979218,25.364659874678807,60.86666666666667,-0.004241948153966946
895,Company_895,Finance,Oceania,2023,8279.2,17.6,23666.7,-6.7,60.4,99.2,20.4,61.5,83713.9,41857.0,209284.8,10.111351338293554,5.05568170837762,25.278384384964728,60.36666666666667,-0.06694315466798895
895,Company_895,Finance,Oceania,2024,8762.2,17.0,20101.4,5.8,61.4,98.5,24.5,61.3,89476.3,44738.1,223690.7,10.21162493437721,5.105806760859144,25.529056629613567,61.43333333333334,0.05833896994878729
895,Company_895,Finance,Oceania,2025,8786.7,14.9,14500.4,0.3,61.3,97.0,24.6,62.4,91604.6,45802.3,229011.5,10.425370161721693,5.2126850808608465,26.06342540430423,61.333333333333336,0.002796101435712517
896,Company_896,Manufacturing,North America,2015,437.3,13.5,1148.4,-5.5,51.0,39.0,44.8,69.2,121590.1,162120.1,2026501.0,278.0473359249943,370.72970500800363,4634.12074091013,51.0,
896,Company_896,Manufacturing,North America,2016,393.7,12.6,889.1,-10.0,51.3,44.1,43.3,66.4,105257.8,140343.7,1754296.5,267.3553467106934,356.4737109474219,4455.922021844044,51.26666666666667,-0.09970272124399726
896,Company_896,Manufacturing,North America,2017,408.0,9.0,779.4,3.6,50.0,44.9,40.2,64.8,108391.6,144522.1,1806526.6,265.6656862745098,354.22083333333336,4427.761274509804,49.96666666666666,0.03632207264414533
896,Company_896,Manufacturing,North America,2018,376.9,7.7,464.8,-7.6,51.7,47.0,42.0,66.2,98484.9,131313.2,1641415.3,261.30246749801006,348.4032899973468,4355.041920933935,51.73333333333333,-0.0762254901960785
896,Company_896,Manufacturing,North America,2019,362.5,5.7,178.3,-3.8,52.9,46.5,44.4,67.9,95125.4,126833.9,1585423.6,262.4148965517241,349.88662068965516,4373.582344827587,52.93333333333334,-0.038206420801273455
896,Company_896,Manufacturing,North America,2020,365.5,4.0,261.5,0.8,55.9,52.0,48.3,67.4,91693.9,122258.6,1528232.4,250.87250341997262,334.496853625171,4181.210396716826,55.9,0.008275862068965578
896,Company_896,Manufacturing,North America,2021,340.5,1.8,68.1,-6.9,58.1,55.5,52.6,66.1,82877.1,110502.7,1381284.4,243.39823788546258,324.53069016152716,4056.635535976505,58.06666666666666,-0.06839945280437754
896,Company_896,Manufacturing,North America,2022,296.8,-3.3,1063.6,-12.8,60.3,59.3,52.2,69.4,69870.2,93160.3,1164503.5,235.41172506738542,313.8824123989218,3923.5293126684633,60.300000000000004,-0.12834067547723937
896,Company_896,Manufacturing,North America,2023,306.6,-5.6,1097.0,3.3,63.4,60.9,55.7,73.6,71156.6,94875.4,1185942.8,232.08284409654271,309.44357469015,3868.0456621004564,63.4,0.03301886792452824
896,Company_896,Manufacturing,North America,2024,293.9,-5.5,723.8,-4.1,63.7,62.0,54.3,74.8,67568.3,90091.0,1126137.7,229.90234773732564,306.5362368152433,3831.703640694114,63.699999999999996,-0.04142204827136353
896,Company_896,Manufacturing,North America,2025,269.6,-6.6,312.1,-8.3,61.5,60.7,53.7,70.1,62697.9,83597.2,1044964.4,232.55897626112758,310.0786350148368,3875.980712166172,61.5,-0.08268118407621627
897,Company_897,Utilities,Oceania,2015,586.1,7.3,523.7,2.15,74.9,69.3,83.5,71.8,335224.3,209515.2,3352242.6,571.9575157822896,357.4734686913496,5719.574475345504,74.86666666666667,
897,Company_897,Utilities,Oceania,2016,602.9,8.4,715.2,2.9,75.0,71.6,82.1,71.4,337112.4,210695.3,3371124.3,559.1514347321281,349.46972964007296,5591.514844916238,75.03333333333333,0.0286640505033271
897,Company_897,Utilities,Oceania,2017,624.4,9.7,738.4,3.6,76.0,71.6,82.8,73.5,349099.7,218187.3,3490997.0,559.0962524023063,349.4351377322229,5590.9625240230625,75.96666666666665,0.035660971968817456
897,Company_897,Utilities,Oceania,2018,591.6,9.9,486.9,-5.3,76.5,71.8,82.8,75.0,330115.0,206321.9,3301150.1,558.0037187288708,348.7523664638269,5580.037356321839,76.53333333333333,-0.05253042921204354
897,Company_897,Utilities,Oceania,2019,578.6,6.1,381.9,-2.2,77.1,75.1,80.1,76.0,312049.0,195030.7,3120490.5,539.3173176633253,337.0734531628068,5393.174040788109,77.06666666666666,-0.021974306964165025
897,Company_897,Utilities,Oceania,2020,593.7,5.1,284.6,2.6,77.6,77.9,80.2,74.6,310912.0,194320.0,3109120.1,523.6853629779349,327.30335186120936,5236.853798214586,77.56666666666668,0.02609747666781881
897,Company_897,Utilities,Oceania,2021,685.7,7.4,555.6,15.5,81.6,81.2,82.7,80.8,346469.0,216543.1,3464689.9,505.27781828788096,315.7985999708327,5052.778037042438,81.56666666666666,0.15496041771938684
897,Company_897,Utilities,Oceania,2022,735.2,7.8,487.9,7.2,83.2,79.5,87.1,83.2,378585.8,236616.1,3785858.1,514.9426006528835,321.8390914036997,5149.4261425462455,83.26666666666667,0.0721890039375821
897,Company_897,Utilities,Oceania,2023,747.7,8.3,707.8,1.7,82.8,77.2,86.9,84.2,394710.5,246694.1,3947105.2,527.899558646516,329.9372743078775,5278.995853952119,82.76666666666667,0.017002176278563708
897,Company_897,Utilities,Oceania,2024,728.2,8.1,474.6,-2.6,83.3,76.7,87.7,85.4,386406.4,241504.0,3864063.8,530.6322438890414,331.6451524306509,5306.322164240592,83.26666666666667,-0.026079978601043163
897,Company_897,Utilities,Oceania,2025,709.4,6.7,488.2,-2.6,85.8,82.2,88.9,86.3,354376.3,221485.2,3543763.2,499.5436989004793,312.214829433324,4995.437270933184,85.80000000000001,-0.025817083218895975
898,Company_898,Utilities,Oceania,2015,662.0,12.4,965.4,4.4,66.1,79.3,38.4,80.6,341393.7,213371.0,3413936.7,515.7004531722055,322.31268882175226,5157.0040785498495,66.1,
898,Company_898,Utilities,Oceania,2016,669.0,14.0,1087.1,1.1,67.6,82.6,41.0,79.3,332952.4,208095.3,3329524.2,497.6866965620329,311.05426008968607,4976.867264573992,67.63333333333333,0.010574018126888296
898,Company_898,Utilities,Oceania,2017,657.1,16.6,1486.8,-1.8,67.4,82.3,41.9,78.1,327890.6,204931.6,3278905.6,498.9964997717242,311.8727743113681,4989.96438898189,67.43333333333332,-0.017787742899850523
898,Company_898,Utilities,Oceania,2018,720.7,18.2,1746.9,9.7,67.2,79.5,42.3,80.0,370995.9,231872.4,3709959.1,514.7716109338144,321.732204800888,5147.716248092132,67.26666666666667,0.09678892101658798
898,Company_898,Utilities,Oceania,2019,763.6,17.1,1243.1,6.0,67.5,78.5,42.9,81.0,397561.3,248475.8,3975612.7,520.6407805133578,325.4004714510215,5206.407412257727,67.46666666666667,0.059525461357013976
898,Company_898,Utilities,Oceania,2020,785.0,15.2,1690.8,2.8,66.9,77.3,43.8,79.6,413702.7,258564.2,4137027.2,527.0098089171975,329.3811464968153,5270.098343949045,66.89999999999999,0.028025144054478757
898,Company_898,Utilities,Oceania,2021,757.0,14.6,1399.6,-3.6,65.0,76.7,42.3,75.9,401497.2,250935.8,4014972.2,530.379392338177,331.48718626155875,5303.794187582563,64.96666666666667,-0.03566878980891719
898,Company_898,Utilities,Oceania,2022,827.2,15.1,1385.0,9.3,65.1,78.3,42.2,74.9,431368.9,269605.6,4313688.9,521.4807785299806,325.92553191489355,5214.807664410058,65.13333333333334,0.09273447820343472
898,Company_898,Utilities,Oceania,2023,902.1,13.9,1025.4,9.1,65.5,79.7,44.9,72.0,463231.3,289519.6,4632313.0,513.5032701474338,320.93958541181684,5135.032701474338,65.53333333333333,0.09054642166344284
898,Company_898,Utilities,Oceania,2024,973.2,15.2,1679.0,7.9,68.2,83.9,47.6,73.1,477072.3,298170.2,4770723.0,490.2099260172626,306.3812166050144,4902.099260172627,68.2,0.07881609577652138
898,Company_898,Utilities,Oceania,2025,936.3,11.6,1070.4,-3.8,68.6,85.3,46.0,74.4,451528.1,282205.1,4515281.0,482.2472498130941,301.4045711844494,4822.472498130941,68.56666666666668,-0.03791615289765726
899,Company_899,Manufacturing,Asia,2015,2256.2,4.9,2157.1,4.699999999999999,48.1,28.5,45.7,70.0,677143.4,902857.8,11285722.6,300.125609431788,400.1674496941761,5002.093165499513,48.06666666666666,
899,Company_899,Manufacturing,Asia,2016,1974.1,5.8,1709.8,-12.5,48.1,27.7,44.7,71.7,595797.9,794397.2,9929965.1,301.8073552504939,402.40980700065853,5030.122638164226,48.03333333333334,-0.12503324173388886
899,Company_899,Manufacturing,Asia,2017,2044.1,10.2,2838.0,3.5,48.5,28.9,45.0,71.8,611941.8,815922.3,10199029.3,299.3697959982389,399.15967907636616,4989.496257521649,48.56666666666666,0.03545919659591723
899,Company_899,Manufacturing,Asia,2018,2127.1,13.1,5969.6,4.1,49.7,28.8,46.0,74.3,637271.8,849695.7,10621196.1,299.5965398899911,399.46203751586665,4993.275398429787,49.699999999999996,0.04060466709065125
899,Company_899,Manufacturing,Asia,2019,2311.1,12.5,5544.8,8.7,47.5,24.5,47.0,70.8,712862.6,950483.5,11881043.4,308.45164640214614,411.2688762926745,5140.860802215396,47.43333333333334,0.08650275022330867
899,Company_899,Manufacturing,Asia,2020,2257.6,14.2,3697.7,-2.3,48.8,26.2,46.6,73.5,688577.3,918103.1,11476288.7,305.00411941885193,406.67217399007797,5083.402152728561,48.76666666666667,-0.02314914975552762
899,Company_899,Manufacturing,Asia,2021,2715.0,12.2,2681.3,20.3,50.4,27.7,51.4,72.0,819378.8,1092505.1,13656313.9,301.7969797421731,402.39598526703503,5029.949871086556,50.36666666666667,0.20260453579021975
899,Company_899,Manufacturing,Asia,2022,2858.8,12.3,4760.7,5.3,51.6,32.4,51.3,71.1,834869.9,1113159.9,13914499.0,292.0350846509025,389.38012452777383,4867.251644046452,51.599999999999994,0.0529650092081031
899,Company_899,Manufacturing,Asia,2023,2878.0,12.3,5353.5,0.7,51.0,32.1,47.6,73.4,842067.1,1122756.2,14034452.5,292.587595552467,390.1168172341904,4876.46021542738,51.03333333333334,0.006716104659297617
899,Company_899,Manufacturing,Asia,2024,3252.0,15.4,5384.8,13.0,52.2,33.2,52.8,70.6,944193.0,1258924.0,15736550.3,290.3422509225092,387.1230012300123,4839.037607626076,52.199999999999996,0.1299513551077136
899,Company_899,Manufacturing,Asia,2025,3580.3,16.0,8930.7,10.1,54.1,35.3,54.7,72.4,1023467.6,1364623.5,17057793.8,285.8608496494707,381.14780884283437,4764.3476245007405,54.13333333333333,0.10095325953259549
900,Company_900,Utilities,Middle East,2015,940.4,15.4,1195.5,-6.800000000000001,24.8,13.1,23.9,37.5,833781.1,521113.2,8337810.6,886.6238834538494,554.139940450872,8866.23840918758,24.833333333333332,
900,Company_900,Utilities,Middle East,2016,817.8,18.0,1383.3,-13.0,25.3,12.5,23.0,40.3,727672.6,454795.4,7276726.4,889.7928588897041,556.1205673758866,8897.929078014186,25.266666666666666,-0.13037005529561896
900,Company_900,Utilities,Middle East,2017,761.2,18.3,1405.3,-6.9,25.2,11.5,24.3,39.8,681772.9,426108.0,6817728.8,895.6554125065686,559.7845507094062,8956.553862322648,25.2,-0.06921007581315719
900,Company_900,Utilities,Middle East,2018,704.5,17.0,1135.0,-7.4,23.7,9.2,24.2,37.8,639852.7,399907.9,6398526.9,908.23662171753,567.6478353442158,9082.36607523066,23.73333333333333,-0.07448765107724653
900,Company_900,Utilities,Middle East,2019,770.5,19.8,1609.8,9.4,23.4,14.2,21.6,34.4,678283.7,423927.3,6782837.0,880.3162881245944,550.1976638546398,8803.162881245944,23.399999999999995,0.09368346344925471
900,Company_900,Utilities,Middle East,2020,662.8,20.3,1954.0,-14.0,24.5,14.2,22.6,36.6,583614.2,364758.9,5836142.4,880.5283645141823,550.3302655401328,8805.284248642125,24.46666666666667,-0.13977936404931868
900,Company_900,Utilities,Middle East,2021,697.7,20.2,1557.1,5.3,25.9,15.6,24.5,37.6,608789.7,380493.5,6087896.7,872.5665758922172,545.354020352587,8725.66532893794,25.900000000000002,0.052655401327700746
900,Company_900,Utilities,Middle East,2022,650.7,22.5,1263.6,-6.7,25.7,16.9,22.7,37.5,562979.2,351862.0,5629791.5,865.1901029660364,540.7438143537728,8651.900261257108,25.7,-0.06736419664612292
900,Company_900,Utilities,Middle East,2023,576.2,24.7,1470.4,-11.4,25.9,14.1,27.9,35.7,507739.7,317337.3,5077396.7,881.1865671641791,550.7415827837556,8811.865150989239,25.900000000000002,-0.1144920854464423
900,Company_900,Utilities,Middle East,2024,547.5,28.3,2013.9,-5.0,27.4,17.7,27.4,37.1,471369.7,294606.1,4713697.1,860.9492237442922,538.0933333333332,8609.492420091323,27.399999999999995,-0.04980909406456102
900,Company_900,Utilities,Middle East,2025,574.9,28.5,2082.4,5.0,25.8,16.8,24.8,35.7,497729.1,311080.7,4977291.0,865.7663941555053,541.1040180901026,8657.663941555053,25.76666666666667,0.05004566210045658
901,Company_901,Consumer Goods,Europe,2015,672.6,5.7,801.0,1.4,59.3,65.0,63.3,49.5,100178.0,125222.5,500890.1,148.94142134998512,186.1767766874814,744.7072554267023,59.26666666666667,
901,Company_901,Consumer Goods,Europe,2016,686.3,4.1,598.4,2.0,61.5,68.5,63.6,52.5,98923.8,123654.7,494618.8,144.14075477196562,180.17587061052018,720.7034824420807,61.53333333333333,0.020368718406184927
901,Company_901,Consumer Goods,Europe,2017,730.8,6.7,1078.7,6.5,61.2,68.1,64.0,51.5,105698.1,132122.7,528490.6,144.6334154351396,180.7918719211823,723.1672140120417,61.199999999999996,0.06484044878333095
901,Company_901,Consumer Goods,Europe,2018,725.4,4.4,788.8,-0.7,58.3,63.9,59.9,51.2,109245.6,136557.0,546227.8,150.60049627791565,188.25062034739454,753.0022056796251,58.333333333333336,-0.00738916256157629
901,Company_901,Consumer Goods,Europe,2019,814.3,3.8,489.4,12.3,60.3,63.5,62.0,55.3,123076.6,153845.8,615383.2,151.14405010438415,188.9301240329117,755.7204961316468,60.26666666666667,0.12255307416597727
901,Company_901,Consumer Goods,Europe,2020,766.2,7.7,1249.9,-5.9,61.1,67.6,59.8,55.9,111327.6,139159.4,556637.8,145.29835552075176,181.62281388671363,726.4915165753067,61.099999999999994,-0.05906913913790979
901,Company_901,Consumer Goods,Europe,2021,723.8,9.1,953.7,-5.5,64.0,70.5,62.4,58.9,102224.0,127780.0,511120.1,141.23238463663998,176.54048079579997,706.1620613429125,63.93333333333334,-0.05533803184547126
901,Company_901,Consumer Goods,Europe,2022,729.4,12.6,1673.5,0.8,65.6,71.4,64.6,60.9,102185.9,127732.3,510929.3,140.09583219084178,175.11968741431315,700.478886756238,65.63333333333334,0.007736943907156624
901,Company_901,Consumer Goods,Europe,2023,735.2,9.6,1243.9,0.8,65.4,71.9,62.4,61.8,102421.2,128026.5,512106.1,139.3106637649619,174.13832970620237,696.5534548422197,65.36666666666667,0.0079517411571155
901,Company_901,Consumer Goods,Europe,2024,817.3,8.1,758.6,11.2,65.8,72.5,60.5,64.5,113208.7,141510.9,566043.6,138.51547779273218,173.14437782943838,692.5775113177535,65.83333333333333,0.11167029379760596
901,Company_901,Consumer Goods,Europe,2025,964.6,8.0,986.6,18.0,65.9,73.1,59.6,65.1,132813.9,166017.4,664069.5,137.68805722579307,172.1100974497201,688.4402861289653,65.93333333333332,0.1802275786125047
902,Company_902,Utilities,Africa,2015,416.2,10.6,359.5,6.050000000000001,20.1,33.1,22.8,4.5,322513.4,201570.9,3225134.0,774.9000480538203,484.31259010091304,7749.000480538203,20.133333333333336,
902,Company_902,Utilities,Africa,2016,557.7,11.8,572.1,34.0,21.1,37.0,23.1,3.3,419682.4,262301.5,4196824.0,752.5235789851174,470.32723686569835,7525.235789851174,21.133333333333333,0.3399807784718887
902,Company_902,Utilities,Africa,2017,595.2,13.2,968.5,6.7,22.8,38.3,23.2,6.8,443756.5,277347.8,4437565.0,745.5586357526881,465.97412634408596,7455.586357526881,22.766666666666666,0.06724045185583649
902,Company_902,Utilities,Africa,2018,572.4,12.2,976.6,-3.8,24.4,37.5,24.8,10.8,429145.6,268216.0,4291456.4,749.7302585604473,468.5814116002795,7497.303284416493,24.366666666666664,-0.03830645161290336
902,Company_902,Utilities,Africa,2019,624.3,13.2,763.1,9.1,26.7,38.7,27.0,14.3,463966.1,289978.8,4639661.2,743.1781194938332,464.4863046612206,7431.781515297133,26.666666666666668,0.09067085953878395
902,Company_902,Utilities,Africa,2020,609.1,16.1,896.0,-2.4,27.2,40.7,28.4,12.3,445801.1,278625.7,4458011.0,731.901329830898,457.43835166639303,7319.01329830898,27.13333333333333,-0.024347268941214084
902,Company_902,Utilities,Africa,2021,605.9,16.0,1274.9,-0.5,29.9,43.3,31.9,14.6,434910.4,271819.0,4349103.6,717.7923749793696,448.620234362106,7177.923089618748,29.933333333333326,-0.005253652930553354
902,Company_902,Utilities,Africa,2022,638.9,15.8,1196.0,5.4,30.3,43.8,34.9,12.3,456554.5,285346.6,4565545.3,714.5946157458131,446.62169353576456,7145.9466270151825,30.33333333333333,0.054464433074764784
902,Company_902,Utilities,Africa,2023,701.8,15.9,1042.4,9.9,30.2,44.5,34.7,11.6,498942.2,311838.9,4989422.1,710.9464234824737,444.3415502992306,7109.464377315475,30.266666666666666,0.09845046173110039
902,Company_902,Utilities,Africa,2024,729.0,16.4,1501.7,3.9,31.3,46.2,35.9,11.7,511266.8,319541.7,5112667.5,701.3262002743484,438.32880658436216,7013.261316872428,31.266666666666666,0.03875748076375052
902,Company_902,Utilities,Africa,2025,800.4,13.9,943.7,9.8,32.2,47.1,38.5,10.9,557500.4,348437.8,5575004.0,696.5272363818092,435.3295852073963,6965.272363818091,32.166666666666664,0.09794238683127565
903,Company_903,Manufacturing,Oceania,2015,2611.2,-1.2,10677.9,13.55,47.0,9.0,57.8,74.2,890397.9,1187197.3,14839965.7,340.9918428308824,454.65582873774514,5683.197648590686,47.0,
903,Company_903,Manufacturing,Oceania,2016,2724.7,1.8,902.8,4.3,48.8,10.5,60.5,75.5,920691.0,1227588.0,15344849.5,337.9054574815576,450.5406099754102,5631.757441186186,48.833333333333336,0.043466605392156854
903,Company_903,Manufacturing,Oceania,2017,3052.5,-0.9,12368.5,12.0,48.0,10.7,58.9,74.4,1030078.4,1373437.8,17167972.8,337.4540212940213,449.9386732186732,5624.233513513514,48.0,0.12030682276947924
903,Company_903,Manufacturing,Oceania,2018,3421.9,-0.9,15677.2,12.1,47.9,10.9,59.1,73.9,1153732.0,1538309.4,19228867.3,337.1612262193518,449.54832110815624,5619.353955404892,47.96666666666667,0.12101556101556099
903,Company_903,Manufacturing,Oceania,2019,3908.2,-1.0,16425.9,14.2,47.9,9.2,56.5,77.8,1331512.3,1775349.8,22191872.3,340.6970728212477,454.2627808198148,5678.284709073231,47.833333333333336,0.14211403021713065
903,Company_903,Manufacturing,Oceania,2020,3922.9,-1.8,6296.3,0.4,49.0,11.1,57.0,78.9,1320911.7,1761215.6,22015195.0,336.7181676820719,448.9575569094293,5611.969461367866,49.0,0.0037613223478840663
903,Company_903,Manufacturing,Oceania,2021,4716.5,-0.4,12743.3,20.2,50.2,14.1,58.0,78.5,1558629.3,2078172.4,25977155.6,330.4631188381215,440.617491784162,5507.718774515,50.199999999999996,0.20229931938107004
903,Company_903,Manufacturing,Oceania,2022,5772.2,-0.2,28371.5,22.4,49.6,13.9,58.5,76.4,1909288.5,2545718.0,31821475.1,330.773102110114,441.03080281348537,5512.885052492984,49.6,0.22383123078554013
903,Company_903,Manufacturing,Oceania,2023,6568.8,3.0,3343.2,13.8,50.7,15.7,59.3,77.0,2147508.6,2863344.8,35791810.1,326.9255571793935,435.90074290585795,5448.7593015467055,50.666666666666664,0.1380063060878003
903,Company_903,Manufacturing,Oceania,2024,7443.4,5.3,6281.0,13.3,50.9,14.0,60.6,78.1,2461074.3,3281432.4,41017905.0,330.63845823145334,440.8512776419378,5510.640970524223,50.9,0.133144562172695
903,Company_903,Manufacturing,Oceania,2025,8544.4,11.0,18738.0,14.8,48.9,12.7,55.7,78.4,2848329.2,3797772.3,47472153.2,333.3562567295539,444.47501287392913,5555.937596554469,48.93333333333334,0.1479162748206464
904,Company_904,Utilities,Europe,2015,985.8,10.4,1230.9,7.75,41.8,37.1,46.3,41.9,741499.3,463437.1,7414993.5,752.1802596875635,470.1127003448975,7521.803104077907,41.76666666666667,
904,Company_904,Utilities,Europe,2016,1259.9,8.9,945.7,27.8,42.9,37.8,49.0,41.9,942449.2,589030.8,9424492.4,748.0349234066194,467.5218668148266,7480.349551551711,42.9,0.2780482856563198
904,Company_904,Utilities,Europe,2017,1389.0,6.7,1160.6,10.2,43.9,37.8,51.2,42.6,1039377.2,649610.7,10393771.7,748.291720662347,467.68228941684663,7482.916990640748,43.86666666666667,0.10246844987697434
904,Company_904,Utilities,Europe,2018,1648.4,5.3,1134.6,18.7,45.8,40.3,51.0,46.1,1210474.1,756546.3,12104740.6,734.3327469060907,458.9579592331958,7343.3272264013585,45.800000000000004,0.1867530597552196
904,Company_904,Utilities,Europe,2019,1536.0,3.4,486.7,-6.8,47.4,45.0,48.0,49.2,1087189.1,679493.2,10871891.0,707.8054036458334,442.3783854166666,7078.054036458333,47.4,-0.06818733317156034
904,Company_904,Utilities,Europe,2020,1574.5,-0.2,5585.6,2.5,49.0,45.0,51.8,50.2,1114751.6,696719.7,11147515.9,708.0035566846618,442.5021911718005,7080.035503334392,49.0,0.02506510416666674
904,Company_904,Utilities,Europe,2021,1590.5,1.4,233.7,1.0,50.2,47.2,51.8,51.5,1106542.0,691588.8,11065420.1,695.7195850361521,434.82477208425024,6957.195913234832,50.166666666666664,0.010161956176564013
904,Company_904,Utilities,Europe,2022,1687.5,-1.3,8417.3,6.1,51.7,49.2,51.4,54.6,1155446.2,722153.9,11554462.1,684.7088592592593,427.94305185185186,6847.088651851852,51.73333333333333,0.060987110971392644
904,Company_904,Utilities,Europe,2023,1571.4,-0.7,1596.4,-6.9,50.8,48.3,49.7,54.4,1083160.4,676975.2,10831603.8,689.2964235713375,430.81023291332565,6892.964108438336,50.800000000000004,-0.06879999999999997
904,Company_904,Utilities,Europe,2024,1812.4,-1.9,3171.2,15.3,51.6,46.6,51.5,56.6,1267323.2,792077.0,12673231.7,699.2513793864489,437.0321121165305,6992.513628338114,51.56666666666666,0.15336642484408802
904,Company_904,Utilities,Europe,2025,1982.5,-1.9,4399.7,9.4,50.9,45.4,53.9,53.5,1399442.6,874651.6,13994426.1,705.8979066834805,441.18617906683477,7058.979117276166,50.93333333333334,0.09385345398366796
905,Company_905,Manufacturing,Europe,2015,468.8,11.0,485.8,0.9,68.0,56.5,55.4,92.1,113188.7,150918.2,1886478.0,241.44347269624572,321.92448805460754,4024.057167235495,68.0,
905,Company_905,Manufacturing,Europe,2016,429.5,14.2,1251.8,-8.4,68.9,58.4,58.5,89.7,101944.5,135926.0,1699074.4,237.35622817229336,316.47497089639114,3955.9357392316647,68.86666666666667,-0.08383105802047786
905,Company_905,Manufacturing,Europe,2017,493.3,14.2,1166.5,14.8,69.8,57.3,63.0,88.9,118253.6,157671.4,1970892.9,239.7194405027367,319.625785526049,3995.323129941212,69.73333333333333,0.1485448195576251
905,Company_905,Manufacturing,Europe,2018,441.3,13.0,1151.4,-10.5,70.4,60.2,63.9,87.0,103037.2,137382.9,1717286.5,233.48561069567185,311.3140720598232,3891.4264672558347,70.36666666666666,-0.10541252787350497
905,Company_905,Manufacturing,Europe,2019,439.9,10.6,1007.1,-0.3,71.0,61.0,64.5,87.5,101978.2,135970.9,1699636.2,231.82132302796091,309.09502159581723,3863.6876562855196,71.0,-0.0031724450487197187
905,Company_905,Manufacturing,Europe,2020,481.0,13.5,689.5,9.4,71.4,64.8,62.3,87.1,107705.9,143607.8,1795097.8,223.92079002079,298.5609147609147,3732.0120582120585,71.39999999999999,0.09343032507388038
905,Company_905,Manufacturing,Europe,2021,491.2,10.3,546.8,2.1,70.7,66.8,60.4,85.0,107892.8,143857.1,1798213.7,219.65146579804562,292.86868892508147,3660.858509771987,70.73333333333333,0.021205821205821263
905,Company_905,Manufacturing,Europe,2022,480.3,13.4,1056.8,-2.2,69.2,64.1,60.8,82.6,108244.2,144325.6,1804069.5,225.367895065584,300.490526754112,3756.1305434103683,69.16666666666667,-0.022190553745928265
905,Company_905,Manufacturing,Europe,2023,531.6,12.7,719.6,10.7,68.6,64.0,60.4,81.3,119956.0,159941.4,1999267.0,225.65086531226484,300.86794582392776,3760.8483822422872,68.56666666666666,0.10680824484697071
905,Company_905,Manufacturing,Europe,2024,561.1,8.7,1067.4,5.6,68.6,63.9,58.2,83.7,126675.5,168900.7,2111258.8,225.76278738192835,301.01710924968813,3762.7139547317765,68.60000000000001,0.0554928517682467
905,Company_905,Manufacturing,Europe,2025,558.7,6.3,369.0,-0.4,68.3,63.9,57.0,84.0,126172.8,168230.3,2102879.2,225.83282620368712,301.11025595131554,3763.8790048326473,68.3,-0.004277312422028112
906,Company_906,Energy,Asia,2015,6113.2,5.8,3930.0,2.0999999999999996,56.6,52.7,78.6,38.4,5080011.6,1524003.5,50800115.6,830.9905777661454,249.2971766014526,8309.905712229274,56.56666666666667,
906,Company_906,Energy,Asia,2016,6903.3,7.4,7961.1,12.9,61.1,57.4,82.1,43.8,5508036.0,1652410.8,55080360.1,797.8844900265091,239.36534700795272,7978.844914750916,61.1,0.1292449126480404
906,Company_906,Energy,Asia,2017,6965.5,11.4,12000.0,0.9,61.9,57.9,82.3,45.6,5533351.1,1660005.3,55333511.3,794.3939559256335,238.3181824707487,7943.939602325748,61.93333333333333,0.00901018353541061
906,Company_906,Energy,Asia,2018,7125.5,10.9,13052.8,2.3,64.8,62.6,83.1,48.9,5430103.1,1629030.9,54301031.3,762.0662549996491,228.61987228966387,7620.6625920988,64.86666666666666,0.022970353887014516
906,Company_906,Energy,Asia,2019,6782.5,6.5,7966.5,-4.8,66.0,63.4,84.2,50.4,5129378.4,1538813.5,51293784.1,756.2666273497973,226.87998525617397,7562.666288241799,66.0,-0.04813697284401097
906,Company_906,Energy,Asia,2020,7041.3,7.4,8100.3,3.8,68.5,64.1,87.6,53.9,5290017.1,1587005.1,52900171.2,751.2841520741907,225.3852413616804,7512.8415491457545,68.53333333333333,0.038157021747143416
906,Company_906,Energy,Asia,2021,6592.0,9.4,7322.4,-6.4,68.9,63.1,87.4,56.2,4998225.6,1499467.7,49982256.4,758.2259708737863,227.4677942961165,7582.259769417476,68.89999999999999,-0.06380923977106501
906,Company_906,Energy,Asia,2022,6715.1,9.1,6500.5,1.9,70.6,66.3,88.3,57.2,4942677.3,1482803.2,49426773.0,736.054161516582,220.8162499441557,7360.54161516582,70.60000000000001,0.018674150485436858
906,Company_906,Energy,Asia,2023,7065.3,5.3,6634.4,5.2,72.1,65.4,91.4,59.4,5241815.8,1572544.8,52418158.4,741.9098693615274,222.57296930066664,7419.098750229997,72.06666666666668,0.05215112209795825
906,Company_906,Energy,Asia,2024,7711.8,7.2,9878.1,9.2,72.3,68.1,91.5,57.4,5578741.8,1673622.5,55787417.7,723.4033299618766,217.02099380170648,7234.033260717342,72.33333333333333,0.09150354549700657
906,Company_906,Energy,Asia,2025,7664.5,10.7,10316.6,-0.6,71.8,67.4,93.3,54.9,5583103.8,1674931.1,55831037.6,728.4367930067193,218.5310326831496,7284.367877878531,71.86666666666666,-0.006133457817889543
907,Company_907,Transportation,Oceania,2015,356.4,2.8,88.0,11.100000000000001,47.2,43.8,59.0,38.8,191050.4,31841.7,636834.6,536.0561167227834,89.3425925925926,1786.8535353535353,47.199999999999996,
907,Company_907,Transportation,Oceania,2016,398.8,1.7,70.2,11.9,48.1,46.4,57.9,40.2,209504.4,34917.4,698347.9,525.3370110330993,87.55616850551655,1751.1231193580743,48.166666666666664,0.11896745230078576
907,Company_907,Transportation,Oceania,2017,475.7,4.0,222.3,19.3,49.6,49.5,57.7,41.5,243544.2,40590.7,811814.0,511.9701492537314,85.32835820895522,1706.5671641791046,49.56666666666666,0.1928284854563691
907,Company_907,Transportation,Oceania,2018,505.9,5.0,318.9,6.3,49.9,47.5,58.1,44.3,263313.6,43885.6,877712.0,520.4854714370429,86.74757857284048,1734.9515714568097,49.96666666666666,0.0634853899516501
907,Company_907,Transportation,Oceania,2019,577.9,4.4,231.2,14.2,49.9,45.6,59.2,44.9,305389.4,50898.2,1017964.5,528.4467901020938,88.0744073369095,1761.4890119397821,49.900000000000006,0.1423206167226725
907,Company_907,Transportation,Oceania,2020,666.5,3.3,412.4,15.3,48.5,43.7,58.2,43.6,357620.9,59603.5,1192069.8,536.5654913728432,89.42760690172543,1788.5518379594898,48.5,0.1533137220972487
907,Company_907,Transportation,Oceania,2021,668.7,1.7,187.9,0.3,49.3,41.2,58.9,47.8,365683.9,60947.3,1218946.3,546.8579333034246,91.14296395992224,1822.8597278301181,49.29999999999999,0.003300825206301594
907,Company_907,Transportation,Oceania,2022,737.3,2.3,190.0,10.3,49.7,39.8,61.0,48.3,407572.4,67928.7,1358574.5,552.7904516479045,92.13169673131696,1842.6346127763463,49.699999999999996,0.10258710931658421
907,Company_907,Transportation,Oceania,2023,839.5,0.7,68.5,13.9,51.7,40.1,62.4,52.7,462916.7,77152.8,1543055.6,551.4195354377606,91.90327575938059,1838.0650387135202,51.73333333333333,0.13861386138613874
907,Company_907,Transportation,Oceania,2024,881.7,2.0,293.2,5.0,51.6,38.8,64.1,51.7,491116.8,81852.8,1637056.1,557.0112283089486,92.8352047181581,1856.7042077804242,51.53333333333333,0.0502680166765932
907,Company_907,Transportation,Oceania,2025,968.5,-0.2,1315.5,9.8,52.1,38.9,65.3,52.2,539199.2,89866.5,1797330.6,556.7363964894166,92.78936499741869,1855.7879194630873,52.133333333333326,0.09844618350912993
908,Company_908,Technology,Africa,2015,4891.9,7.8,10713.8,8.0,59.9,84.6,38.1,57.0,148636.4,89181.8,297272.7,30.384186103558946,18.230503485353342,60.768351765162826,59.9,
908,Company_908,Technology,Africa,2016,4133.6,3.1,3487.2,-15.5,60.1,86.1,37.4,56.8,123474.2,74084.5,246948.4,29.870863170118053,17.92251306367331,59.741726340236106,60.1,-0.15501134528506288
908,Company_908,Technology,Africa,2017,4644.1,1.9,1753.8,12.3,60.3,89.5,33.5,58.0,133117.3,79870.4,266234.6,28.663745397385927,17.198251544971036,57.327490794771855,60.333333333333336,0.12350009676795048
908,Company_908,Technology,Africa,2018,5175.1,2.2,3548.0,11.4,60.3,90.6,31.0,59.4,146325.4,87795.2,292650.7,28.27489323877799,16.964928213947555,56.549767154257886,60.333333333333336,0.1143386231993282
908,Company_908,Technology,Africa,2019,5224.3,2.2,2894.2,1.0,60.0,89.5,30.9,59.7,149890.9,89934.6,299781.9,28.69109737189671,17.21466990793025,57.3822138851138,60.03333333333334,0.009507062665455646
908,Company_908,Technology,Africa,2020,5373.5,5.8,6998.7,2.9,61.2,90.1,30.4,63.1,152927.8,91756.7,305855.7,28.45962594212338,17.075779287242952,56.91927049409138,61.199999999999996,0.028558849989472224
908,Company_908,Technology,Africa,2021,6241.0,8.3,13974.2,16.1,61.6,90.8,29.9,64.0,176113.4,105668.0,352226.7,28.21877904182022,16.93126101586284,56.43754206056722,61.56666666666666,0.16144040197264342
908,Company_908,Technology,Africa,2022,6750.0,6.6,9607.3,8.2,62.4,91.0,28.4,67.7,190081.5,114048.9,380163.1,28.160222222222224,16.89613333333333,56.32045925925926,62.366666666666674,0.0815574427175132
908,Company_908,Technology,Africa,2023,7873.1,9.1,19599.7,16.6,63.0,90.6,30.4,67.9,222829.3,133697.6,445658.5,28.302612693856293,16.981570156609212,56.605212686235404,62.96666666666667,0.1663851851851852
908,Company_908,Technology,Africa,2024,7594.5,9.6,24987.4,-3.5,64.9,90.6,32.7,71.3,214855.9,128913.5,429711.8,28.290986898413326,16.97458687207848,56.58197379682665,64.86666666666666,-0.03538631542848436
908,Company_908,Technology,Africa,2025,8189.3,11.6,28488.0,7.8,67.7,92.0,34.3,76.9,227711.5,136626.9,455423.1,27.805978532963746,16.683587119778245,55.61196927698337,67.73333333333333,0.07831983672394505
909,Company_909,Finance,Latin America,2015,6281.0,16.3,13517.6,-5.2,60.0,93.6,63.7,22.6,68425.5,34212.7,171063.6,10.894045534150614,5.447014806559465,27.23508995382901,59.96666666666667,
909,Company_909,Finance,Latin America,2016,6049.9,18.4,20443.6,-3.7,59.8,96.0,60.0,23.2,63848.6,31924.3,159621.5,10.553662044000728,5.276831022000364,26.38415511000182,59.73333333333333,-0.03679350421907346
909,Company_909,Finance,Latin America,2017,6218.5,21.4,11175.6,2.8,61.3,97.4,61.6,24.8,64452.5,32226.3,161131.3,10.36463777438289,5.182326927715687,25.911602476481466,61.26666666666667,0.027868229226929442
909,Company_909,Finance,Latin America,2018,5846.4,22.6,20208.3,-6.0,63.7,98.0,65.8,27.3,60067.1,30033.6,150167.8,10.274202928297756,5.137110016420361,25.685515873015873,63.70000000000001,-0.05983758141030804
909,Company_909,Finance,Latin America,2019,5289.1,25.8,26973.4,-9.5,65.6,100.0,66.8,29.9,52890.8,26445.4,132226.9,9.999962186383316,4.999981093191658,24.999886559149946,65.56666666666668,-0.09532361795292821
909,Company_909,Finance,Latin America,2020,4750.6,28.0,15855.6,-10.2,63.9,100.0,62.4,29.2,47505.8,23752.9,118764.6,9.99995790005473,4.999978950027365,24.99991580010946,63.86666666666667,-0.10181316291996745
909,Company_909,Finance,Latin America,2021,3964.2,28.7,15888.0,-16.6,65.2,100.0,64.5,31.2,39641.7,19820.8,99104.2,9.999924322688058,4.999949548458705,24.99979819383482,65.23333333333333,-0.1655369848019198
909,Company_909,Finance,Latin America,2022,4072.0,29.2,21657.0,2.7,66.3,97.6,68.7,32.7,42082.7,21041.4,105206.9,10.334651277013752,5.167337917485265,25.836665029469547,66.33333333333333,0.027193380757782215
909,Company_909,Finance,Latin America,2023,3894.9,28.3,14585.5,-4.4,65.8,98.9,66.5,32.1,39558.1,19779.0,98895.2,10.156383989319366,5.078179157359624,25.390947135998356,65.83333333333333,-0.04349214145383107
909,Company_909,Finance,Latin America,2024,3725.8,26.1,15335.9,-4.3,66.0,98.8,67.7,31.7,37901.0,18950.5,94752.5,10.17258038542058,5.08629019271029,25.431450963551452,66.06666666666666,-0.04341574879971244
909,Company_909,Finance,Latin America,2025,3392.0,27.4,13045.8,-9.0,66.4,99.7,66.3,33.3,34076.4,17038.2,85190.9,10.046108490566038,5.023054245283019,25.11524174528302,66.43333333333334,-0.08959149712813363
910,Company_910,Finance,Oceania,2015,1991.4,17.8,6683.8,5.65,74.5,99.8,76.1,47.5,19956.6,9978.3,49891.5,10.02139198553781,5.010695992768905,25.05347996384453,74.46666666666665,
910,Company_910,Finance,Oceania,2016,2081.4,19.9,3565.8,4.5,74.6,100.0,77.9,46.0,20813.8,10406.9,52034.4,9.999903910829248,4.999951955414624,24.999711732487746,74.63333333333334,0.045194335643266026
910,Company_910,Finance,Oceania,2017,2043.8,17.5,4910.1,-1.8,74.4,100.0,77.3,45.9,20437.6,10218.8,51094.0,9.999804286133672,4.999902143066836,24.999510715334182,74.4,-0.018064764101085817
910,Company_910,Finance,Oceania,2018,2143.1,20.3,6933.8,4.9,73.3,97.6,77.8,44.5,22154.6,11077.3,55386.5,10.33764173393682,5.16882086696841,25.84410433484205,73.3,0.04858596731578424
910,Company_910,Finance,Oceania,2019,2081.1,19.8,4186.7,-2.9,73.4,98.4,79.1,42.7,21263.9,10632.0,53159.8,10.217625294315507,5.108836672913363,25.544087261544377,73.39999999999999,-0.028930054593812704
910,Company_910,Finance,Oceania,2020,2258.5,19.2,5626.1,8.5,74.4,100.0,79.2,43.9,22584.5,11292.3,56461.3,9.999778614124418,4.999911445649767,24.99946867389861,74.36666666666666,0.08524338090432959
910,Company_910,Finance,Oceania,2021,2549.3,21.6,6773.6,12.9,75.1,100.0,81.6,43.7,25493.4,12746.7,63733.4,10.000156905817283,5.0000784529086415,25.000353038088885,75.10000000000001,0.12875802523798985
910,Company_910,Finance,Oceania,2022,2772.0,20.6,9551.4,8.7,74.5,98.5,80.0,44.9,28320.7,14160.4,70801.8,10.216702741702742,5.108369408369408,25.541774891774892,74.46666666666667,0.08735731377240796
910,Company_910,Finance,Oceania,2023,2950.0,17.2,5430.7,6.4,76.0,99.1,82.3,46.4,29856.1,14928.1,74640.3,10.120711864406779,5.060372881355932,25.301796610169493,75.93333333333332,0.06421356421356417
910,Company_910,Finance,Oceania,2024,3147.5,14.5,8022.6,6.7,76.2,100.0,80.7,47.9,31475.0,15737.5,78687.5,10.0,5.0,25.0,76.2,0.06694915254237288
910,Company_910,Finance,Oceania,2025,3283.9,16.9,10204.3,4.3,77.5,100.0,83.1,49.3,32839.0,16419.5,82097.6,10.0,5.0,25.000030451597187,77.46666666666665,0.04333598093725177
911,Company_911,Manufacturing,Europe,2015,393.0,6.8,361.8,3.25,79.8,90.8,62.8,85.7,66563.2,88750.9,1109385.9,169.37201017811705,225.82926208651398,2822.864885496183,79.76666666666667,
911,Company_911,Manufacturing,Europe,2016,423.7,3.8,179.9,7.8,79.8,91.3,61.5,86.6,71347.2,95129.6,1189120.5,168.39084257729525,224.5211234363937,2806.5152230351664,79.8,0.07811704834605604
911,Company_911,Manufacturing,Europe,2017,452.5,1.7,154.6,6.8,80.3,94.2,58.1,88.7,73375.5,97834.1,1222925.8,162.15580110497237,216.207955801105,2702.598453038674,80.33333333333333,0.06797262213830546
911,Company_911,Manufacturing,Europe,2018,430.2,6.0,306.2,-4.9,81.1,94.5,59.1,89.9,69541.8,92722.4,1159029.4,161.64993026499303,215.53324035332403,2694.1641097164106,81.16666666666667,-0.04928176795580108
911,Company_911,Manufacturing,Europe,2019,489.6,0.6,37.4,13.8,83.0,95.8,61.5,91.6,77725.3,103633.7,1295421.4,158.75265522875816,211.67013888888889,2645.87704248366,82.96666666666667,0.13807531380753146
911,Company_911,Manufacturing,Europe,2020,465.7,-0.2,277.9,-4.9,83.8,93.8,63.0,94.8,75951.1,101268.2,1265852.1,163.0901868155465,217.45372557440413,2718.170710757999,83.86666666666667,-0.04881535947712423
911,Company_911,Manufacturing,Europe,2021,413.2,-1.6,1512.9,-11.3,85.7,98.0,63.0,96.2,63680.8,84907.7,1061346.7,154.11616650532432,205.4881413359148,2568.6028557599225,85.73333333333333,-0.1127335194331115
911,Company_911,Manufacturing,Europe,2022,391.8,1.1,39.9,-5.2,85.0,99.5,62.5,92.9,59158.1,78877.5,985968.5,150.99055640632974,201.3208269525268,2516.5096988259315,84.96666666666667,-0.05179090029041622
911,Company_911,Manufacturing,Europe,2023,407.3,-0.8,300.5,4.0,84.7,100.0,60.4,93.7,61096.8,81462.4,1018279.8,150.00441934691872,200.00589246255828,2500.0731647434322,84.7,0.03956100051046452
911,Company_911,Manufacturing,Europe,2024,417.4,-2.5,1051.9,2.5,85.7,100.0,60.8,96.2,62607.8,83477.0,1043462.5,149.99472927647344,199.99281264973646,2499.910158121706,85.66666666666667,0.02479744659955796
911,Company_911,Manufacturing,Europe,2025,438.0,-0.5,1689.7,4.9,86.2,100.0,59.4,99.4,65701.7,87602.2,1095028.0,150.0038812785388,200.0050228310502,2500.0639269406392,86.26666666666667,0.049353138476281755
912,Company_912,Finance,North America,2015,728.7,15.1,1779.7,9.75,69.7,87.9,41.9,79.5,8525.8,4262.9,21314.5,11.700013723068476,5.850006861534238,29.250034307671193,69.76666666666667,
912,Company_912,Finance,North America,2016,789.6,18.4,1520.4,8.4,69.3,87.0,43.8,77.1,9332.9,4666.5,23332.3,11.819782168186423,5.9099544072948325,29.54951874366768,69.3,0.0835734870317002
912,Company_912,Finance,North America,2017,923.9,20.7,3282.3,17.0,71.2,87.7,46.5,79.3,10835.1,5417.5,27087.7,11.72756791860591,5.863729840891872,29.31886567810369,71.16666666666667,0.1700861195542045
912,Company_912,Finance,North America,2018,981.3,19.4,3300.7,6.2,73.6,90.7,48.1,81.9,11086.2,5543.1,27715.4,11.297462549678999,5.648731274839499,28.243554468562113,73.56666666666668,0.06212793592380117
912,Company_912,Finance,North America,2019,1118.2,21.9,2911.7,14.0,73.6,92.4,48.5,80.0,12373.6,6186.8,30934.1,11.065641209086031,5.532820604543016,27.66419245215525,73.63333333333334,0.13950881483746058
912,Company_912,Finance,North America,2020,1204.2,23.1,3957.0,7.7,74.7,93.9,49.4,80.9,13073.4,6536.7,32683.6,10.856502242152466,5.428251121076233,27.141338648065105,74.73333333333333,0.07690931854766592
912,Company_912,Finance,North America,2021,1179.1,22.1,3312.6,-2.1,73.9,91.8,47.6,82.2,13147.6,6573.8,32869.1,11.150538546348912,5.575269273174456,27.876431176320924,73.86666666666667,-0.02084371366882587
912,Company_912,Finance,North America,2022,1261.6,20.2,2740.5,7.0,75.8,94.3,50.7,82.5,13616.9,6808.4,34042.2,10.79335764109068,5.396639188332276,26.983354470513632,75.83333333333333,0.0699686201340004
912,Company_912,Finance,North America,2023,1420.2,19.4,4294.1,12.6,77.1,94.1,55.0,82.2,15367.5,7683.7,38418.7,10.820659062103928,5.410294324742994,27.05161244895085,77.10000000000001,0.1257133798351302
912,Company_912,Finance,North America,2024,1589.3,16.8,3598.0,11.9,79.7,97.1,55.9,86.1,16546.8,8273.4,41367.0,10.411376077518405,5.205688038759202,26.028440193796012,79.7,0.1190677369384594
912,Company_912,Finance,North America,2025,1765.3,18.5,4495.3,11.1,80.6,100.0,55.2,86.7,17653.4,8826.7,44133.5,10.000226590381239,5.000113295190619,25.000566475953097,80.63333333333333,0.11074057761278544
913,Company_913,Transportation,Oceania,2015,622.6,2.0,204.5,6.449999999999999,56.4,36.6,82.5,50.2,352541.1,58756.8,1175137.0,566.240122068744,94.3732733697398,1887.4670735624798,56.43333333333334,
913,Company_913,Transportation,Oceania,2016,701.1,2.8,324.5,12.6,58.1,38.9,84.1,51.1,390195.3,65032.6,1300651.1,556.5472828412494,92.75795179004422,1855.1577521038369,58.03333333333333,0.12608416318663673
913,Company_913,Transportation,Oceania,2017,787.7,-0.4,2291.1,12.4,57.0,37.0,85.7,48.2,444675.1,74112.5,1482250.5,564.5234226228259,94.08721594515679,1881.7449536625618,56.96666666666667,0.12352018257024677
913,Company_913,Transportation,Oceania,2018,920.7,1.5,122.7,16.9,58.0,36.4,88.7,48.8,522095.8,87016.0,1740319.4,567.063973063973,94.51069838166612,1890.2133159552513,57.96666666666666,0.16884600736320943
913,Company_913,Transportation,Oceania,2019,960.2,0.3,35.5,4.3,57.5,38.0,87.9,46.6,537906.5,89651.1,1793021.8,560.202561966257,93.36711101853781,1867.3420120808164,57.5,0.04290213967633316
913,Company_913,Transportation,Oceania,2020,1162.9,2.5,336.3,21.1,59.7,41.4,90.6,47.1,634887.6,105814.6,2116292.1,545.952016510448,90.99200275174134,1819.8401410267434,59.699999999999996,0.21110185378046253
913,Company_913,Transportation,Oceania,2021,1257.5,4.6,584.7,8.1,60.9,41.6,95.3,45.8,685649.8,114275.0,2285499.2,545.2483499005965,90.87475149105367,1817.4943936381712,60.9,0.08134835325479406
913,Company_913,Transportation,Oceania,2022,1189.3,1.8,362.7,-5.4,61.2,41.8,95.9,46.1,647685.9,107947.7,2158953.0,544.5942150845035,90.76574455562096,1815.3140502816784,61.26666666666666,-0.05423459244532802
913,Company_913,Transportation,Oceania,2023,1246.4,-1.1,6085.1,4.8,62.9,43.7,99.8,45.2,668863.0,111477.2,2229543.4,536.6359114249037,89.43934531450577,1788.7864249037225,62.9,0.04801143529807472
913,Company_913,Transportation,Oceania,2024,1152.5,-0.8,4190.7,-7.5,64.4,49.1,99.4,44.6,592030.5,98671.8,1973435.1,513.6924078091106,85.61544468546639,1712.3081127982648,64.36666666666666,-0.07533697047496801
913,Company_913,Transportation,Oceania,2025,1184.3,-2.0,1691.8,2.8,65.2,48.8,98.7,48.0,609754.9,101625.8,2032516.4,514.8652368487715,85.81085873511779,1716.2175124546145,65.16666666666667,0.027592190889370816
914,Company_914,Utilities,Oceania,2015,1717.7,12.8,2486.5,2.95,42.3,21.9,86.4,18.5,1438419.9,899012.4,14384198.7,837.4104325551609,523.3814985154568,8374.104150899459,42.26666666666667,
914,Company_914,Utilities,Oceania,2016,1754.9,11.5,2846.0,2.2,42.7,22.2,86.8,19.1,1467003.0,916876.8,14670029.6,835.9467775941648,522.4666932588751,8359.467548008433,42.699999999999996,0.021656866740408676
914,Company_914,Utilities,Oceania,2017,1797.9,13.0,1945.1,2.5,45.0,25.5,87.6,21.8,1469275.1,918296.9,14692750.9,817.2173647032649,510.7608320818733,8172.173591412203,44.96666666666667,0.024502820673542702
914,Company_914,Utilities,Oceania,2018,1536.0,13.2,1774.7,-14.6,46.4,26.2,88.6,24.3,1248785.8,780491.1,12487858.3,813.0115885416667,508.13222656249997,8130.116080729167,46.36666666666667,-0.14566994827298518
914,Company_914,Utilities,Oceania,2019,1588.9,11.8,2701.9,3.4,47.3,24.8,90.0,27.1,1305074.2,815671.4,13050741.8,821.3696267858265,513.3560324752974,8213.696141985021,47.300000000000004,0.03444010416666665
914,Company_914,Utilities,Oceania,2020,1648.9,11.7,1781.5,3.8,48.0,24.4,90.5,29.2,1357641.0,848525.7,13576410.4,823.3616350294135,514.6010673782521,8233.616592880102,48.03333333333333,0.03776197369249168
914,Company_914,Utilities,Oceania,2021,1808.2,11.7,2766.2,9.7,49.3,25.1,91.9,30.9,1481489.9,925931.2,14814899.1,819.3174980643734,512.0734432031854,8193.17503594735,49.300000000000004,0.09660986111953429
914,Company_914,Utilities,Oceania,2022,1741.9,11.3,1929.4,-3.7,49.2,26.8,90.8,29.9,1411163.1,881976.9,14111630.7,810.1286526207016,506.3303863597221,8101.286353981284,49.166666666666664,-0.03666629797588761
914,Company_914,Utilities,Oceania,2023,1806.9,13.2,2484.1,3.7,52.0,29.5,92.5,33.9,1435943.0,897464.4,14359430.4,794.6997620233549,496.6873651004483,7946.997841607173,51.96666666666667,0.03731557494689697
914,Company_914,Utilities,Oceania,2024,1969.1,13.5,2193.1,9.0,51.0,28.7,91.0,33.4,1573935.1,983709.4,15739351.1,799.3169976131228,499.5731044639683,7993.17002691585,51.03333333333333,0.08976700426144224
914,Company_914,Utilities,Oceania,2025,1812.5,13.9,3416.9,-8.0,51.5,30.4,90.5,33.7,1431859.6,894912.2,14318595.9,789.9915034482759,493.7446620689655,7899.914979310345,51.53333333333334,-0.07952871870397638
915,Company_915,Manufacturing,Middle East,2015,725.7,-2.8,3063.1,8.35,29.8,52.6,19.3,17.4,181095.6,241460.8,3018259.6,249.54609342703597,332.72812456938124,4159.101005925313,29.76666666666667,
915,Company_915,Manufacturing,Middle East,2016,823.6,-3.6,2946.0,13.5,29.0,53.2,20.8,13.1,204548.5,272731.3,3409141.5,248.3590335114133,331.14533754249635,4139.317022826614,29.03333333333333,0.13490423039823618
915,Company_915,Manufacturing,Middle East,2017,897.3,-0.2,758.4,8.9,29.9,54.2,22.1,13.3,220939.4,294585.9,3682323.3,246.22690293101527,328.3025743898362,4103.781678368438,29.86666666666667,0.08948518698397279
915,Company_915,Manufacturing,Middle East,2018,1012.8,-1.2,3734.2,12.9,32.0,56.5,22.6,16.9,244358.5,325811.3,4072641.3,241.27024091627175,321.69362164297,4021.170319905213,32.0,0.12871949180875952
915,Company_915,Manufacturing,Middle East,2019,1094.9,0.8,107.9,8.1,33.5,57.1,24.2,19.3,262812.6,350416.8,4380210.1,240.03342771029313,320.0445702803909,4000.5572198374275,33.53333333333333,0.08106240126382325
915,Company_915,Manufacturing,Middle East,2020,1248.1,0.3,55.9,14.0,32.8,56.0,22.3,20.1,302476.5,403302.0,5041274.8,242.34957134844967,323.13276179793286,4039.1593622305904,32.800000000000004,0.13992145401406497
915,Company_915,Manufacturing,Middle East,2021,1355.6,1.2,153.8,8.6,34.9,59.1,24.6,20.9,319722.4,426296.5,5328706.6,235.8530539982296,314.4707140749484,3930.8841841251106,34.86666666666667,0.0861309189968753
915,Company_915,Manufacturing,Middle East,2022,1341.5,1.8,426.4,-1.0,36.0,64.8,23.5,19.6,300277.5,400370.0,5004624.5,223.83712262392845,298.4494968319046,3730.6183376817,35.96666666666667,-0.010401298318087893
915,Company_915,Manufacturing,Middle East,2023,1429.7,3.1,606.3,6.6,38.1,68.2,25.6,20.5,310013.6,413351.5,5166893.5,216.8382178079317,289.11764705882354,3613.970413373435,38.1,0.065747297800969
915,Company_915,Manufacturing,Middle East,2024,1263.9,3.7,832.0,-11.6,38.6,67.3,26.4,22.0,276295.7,368394.2,4604927.7,218.6056650051428,291.47416726006804,3643.4272489912178,38.56666666666666,-0.11596838497586903
915,Company_915,Manufacturing,Middle East,2025,1111.7,7.8,1224.4,-12.0,38.9,70.1,24.0,22.6,236486.9,315315.9,3941448.2,212.72546550328323,283.63398398848614,3545.4243051182875,38.9,-0.12042091937653299
916,Company_916,Manufacturing,Oceania,2015,1153.5,5.1,906.4,1.15,67.5,25.9,88.8,87.7,352466.4,469955.1,5874439.3,305.5625487646294,407.41664499349804,5092.708539228435,67.46666666666665,
916,Company_916,Manufacturing,Oceania,2016,1173.8,10.1,1322.5,1.8,69.1,29.9,90.8,86.7,348856.3,465141.7,5814271.2,297.20250468563637,396.2699778497189,4953.374680524792,69.13333333333333,0.017598612917208545
916,Company_916,Manufacturing,Oceania,2017,1104.6,15.0,2510.2,-5.9,69.2,29.2,91.4,87.1,329904.8,439873.0,5498412.6,298.66449393445595,398.2192648922687,4977.740901683867,69.23333333333333,-0.05895382518316583
916,Company_916,Manufacturing,Oceania,2018,1047.4,11.2,2242.2,-5.2,69.2,27.1,92.3,88.3,317452.6,423270.2,5290877.1,303.08630895550885,404.11514225701734,5051.438896314683,69.23333333333333,-0.05178345102299464
916,Company_916,Manufacturing,Oceania,2019,1259.6,8.4,1866.7,20.3,70.4,30.9,92.6,87.8,371682.4,495576.6,6194707.3,295.07970784376,393.43966338520164,4917.995633534456,70.43333333333334,0.20259690662593077
916,Company_916,Manufacturing,Oceania,2020,1430.0,12.0,1542.4,13.5,71.2,31.0,93.5,89.1,421601.1,562134.8,7026684.5,294.82594405594403,393.1012587412588,4913.765384615384,71.2,0.13528104160050813
916,Company_916,Manufacturing,Oceania,2021,1502.1,12.2,3288.0,5.0,70.8,32.7,92.8,86.9,437686.0,583581.3,7294765.9,291.38273084348583,388.5102856001598,4856.378336994874,70.8,0.05041958041958039
916,Company_916,Manufacturing,Oceania,2022,1447.0,14.3,3077.8,-3.7,72.2,35.5,95.7,85.3,413173.8,550898.4,6886229.9,285.5382170006911,380.7176226675881,4758.970214236351,72.16666666666667,-0.03668197856334454
916,Company_916,Manufacturing,Oceania,2023,1359.2,13.0,3758.2,-6.1,70.3,31.5,93.5,85.9,399544.1,532725.5,6659068.9,293.9553413772807,391.9404796939376,4899.256106533255,70.3,-0.0606772633033863
916,Company_916,Manufacturing,Oceania,2024,1365.4,10.4,2973.0,0.5,71.9,32.4,96.9,86.4,398675.9,531567.9,6644599.1,291.98469313021826,389.31294858649477,4866.412113666324,71.9,0.0045615067686874955
916,Company_916,Manufacturing,Oceania,2025,1468.4,10.5,2211.3,7.5,73.4,33.8,99.9,86.7,424506.8,566009.0,7075113.0,289.0947970580223,385.45968400980655,4818.246390629256,73.46666666666665,0.07543576973780586
917,Company_917,Energy,Middle East,2015,5942.4,8.0,4916.2,9.350000000000001,27.0,17.1,32.8,31.1,6420762.7,1926228.8,64207627.2,1080.4999158589123,324.1499730748519,10804.99919224556,27.0,
917,Company_917,Energy,Middle East,2016,6103.0,8.5,7524.0,2.7,26.4,16.4,33.1,29.6,6623795.4,1987138.6,66237953.6,1085.3343273799771,325.60029493691627,10853.343208258233,26.366666666666664,0.027026117393645688
917,Company_917,Energy,Middle East,2017,6418.3,5.9,3428.2,5.2,26.0,18.4,31.4,28.3,6873202.1,2061960.6,68732021.2,1070.875792655376,321.2627331224779,10708.757957714659,26.03333333333333,0.05166311650008204
917,Company_917,Energy,Middle East,2018,7547.2,-3.6,22167.1,17.6,26.5,21.6,30.0,27.9,7913251.7,2373975.5,79132517.2,1048.501656243375,314.5504955480178,10485.016588933644,26.5,0.17588769611890998
917,Company_917,Energy,Middle East,2019,8975.6,1.0,796.1,18.9,25.7,21.0,30.1,26.0,9449776.1,2834932.8,94497761.4,1052.8294598689781,315.84883461829844,10528.294643255047,25.7,0.18926224295102823
917,Company_917,Energy,Middle East,2020,9808.0,-4.6,22852.6,9.3,26.7,23.3,29.3,27.5,10169070.5,3050721.1,101690704.8,1036.8138764274063,311.0441578303426,10368.138743882544,26.7,0.09274031819599804
917,Company_917,Energy,Middle East,2021,10815.1,-19.4,16405.3,10.3,27.1,24.6,28.1,28.6,11116790.3,3335037.1,111167903.3,1027.895285295559,308.36858651330084,10278.952880694584,27.100000000000005,0.10268148450244707
917,Company_917,Energy,Middle East,2022,13136.2,-13.3,33550.1,21.5,28.4,29.1,27.9,28.2,13087464.9,3926239.5,130874649.2,996.2900153773542,298.8870068969717,9962.900168998645,28.400000000000002,0.21461660086360745
917,Company_917,Energy,Middle East,2023,13214.8,-18.3,37625.0,0.6,28.6,33.8,26.2,25.7,12729680.3,3818904.1,127296802.7,963.2896676453674,288.9869010503375,9632.896653751855,28.566666666666666,0.005983465537978905
917,Company_917,Energy,Middle East,2024,14453.7,-17.8,64735.6,9.4,29.5,36.6,25.1,27.0,13645502.6,4093650.8,136455025.8,944.0837017511086,283.2251119090613,9440.8370036738,29.566666666666666,0.09375094590913235
917,Company_917,Energy,Middle East,2025,15478.0,-13.5,59528.3,7.1,32.0,41.1,25.7,29.1,14122928.5,4236878.6,141229285.1,912.4517702545548,273.7355343067579,9124.517709006332,31.96666666666667,0.07086766710254122
918,Company_918,Utilities,Asia,2015,1035.9,6.7,575.1,7.2,54.4,53.6,58.7,51.0,683800.6,427375.4,6838005.6,660.102905685877,412.56434018727674,6601.028670721111,54.43333333333334,
918,Company_918,Utilities,Asia,2016,924.9,6.5,693.0,-10.7,55.5,57.8,56.8,51.9,588684.9,367928.0,5886848.7,636.4849172883555,397.80300573034924,6364.848848524165,55.5,-0.1071532001158414
918,Company_918,Utilities,Asia,2017,979.0,5.3,582.0,5.8,56.6,61.4,54.8,53.6,603374.8,377109.2,6033747.7,616.31746680286,385.19836567926455,6163.174361593463,56.599999999999994,0.05849281003351714
918,Company_918,Utilities,Asia,2018,1095.2,7.3,1011.7,11.9,56.5,64.4,52.0,53.1,656452.7,410283.0,6564527.5,599.3907048940832,374.6192476260044,5993.907505478451,56.5,0.11869254341164459
918,Company_918,Utilities,Asia,2019,1104.1,6.4,840.0,0.8,56.9,68.0,50.5,52.0,639215.4,399509.6,6392154.4,578.9470156688707,361.8418621501676,5789.470518974731,56.833333333333336,0.008126369612855955
918,Company_918,Utilities,Asia,2020,1208.8,7.4,1236.6,9.5,57.7,68.5,53.2,51.4,696717.6,435448.5,6967176.5,576.3712772998015,360.2320483123759,5763.71318663137,57.699999999999996,0.09482836699574326
918,Company_918,Utilities,Asia,2021,1361.1,7.6,969.3,12.6,57.2,68.9,51.3,51.6,781603.2,488502.0,7816031.9,574.2437734185585,358.9023583865991,5742.437660715598,57.26666666666667,0.12599272005294493
918,Company_918,Utilities,Asia,2022,1514.8,7.2,1340.1,11.3,57.6,70.8,50.3,51.5,853623.2,533514.5,8536232.0,563.5220491153948,352.2012806971217,5635.2204911539475,57.53333333333333,0.11292337080302706
918,Company_918,Utilities,Asia,2023,1616.0,7.7,1520.0,6.7,59.0,75.1,49.5,52.5,871970.7,544981.7,8719707.3,539.5858292079207,337.24115099009896,5395.8584777227725,59.03333333333333,0.06680749933984687
918,Company_918,Utilities,Asia,2024,1717.4,7.9,1172.6,6.3,59.7,76.1,51.4,51.6,917087.2,573179.5,9170871.7,533.9974379876558,333.74839874228485,5339.974205193897,59.699999999999996,0.06274752475247536
918,Company_918,Utilities,Asia,2025,1848.8,7.8,2008.0,7.7,61.4,80.5,52.3,51.2,941356.1,588347.6,9413561.1,509.17140848117697,318.2321505841627,5091.714138900908,61.333333333333336,0.07651100500756947
919,Company_919,Consumer Goods,Europe,2015,2871.1,11.7,5961.6,16.55,75.5,49.2,92.1,85.3,491304.8,614131.0,2456524.1,171.1207551112814,213.90094388910174,855.6038103862631,75.53333333333335,
919,Company_919,Consumer Goods,Europe,2016,3282.3,11.9,9382.1,14.3,77.6,48.8,97.2,86.8,563723.2,704654.0,2818615.8,171.7463973433263,214.6829966791579,858.7319257837491,77.60000000000001,0.1432203684998783
919,Company_919,Consumer Goods,Europe,2017,3902.6,8.8,7976.1,18.9,77.5,52.0,96.3,84.1,652484.0,815605.0,3262420.0,167.1921283247066,208.99016040588327,835.9606416235331,77.46666666666667,0.1889833348566552
919,Company_919,Consumer Goods,Europe,2018,4499.2,5.5,4245.5,15.3,76.7,50.5,98.9,80.6,761446.1,951807.7,3807230.7,169.24033161450924,211.55043118776672,846.2017025248933,76.66666666666667,0.15287244401168443
919,Company_919,Consumer Goods,Europe,2019,5271.5,6.0,5843.5,17.2,79.1,51.3,100.0,86.1,886836.5,1108545.7,4434182.7,168.23228682538178,210.2903727591767,841.1614720667742,79.13333333333334,0.1716527382645805
919,Company_919,Consumer Goods,Europe,2020,6140.0,2.1,3167.9,16.5,79.7,52.7,97.4,89.0,1020455.4,1275569.2,5102276.8,166.19794788273617,207.7474267100977,830.9897068403908,79.7,0.16475386512377876
919,Company_919,Consumer Goods,Europe,2021,6716.1,3.0,4943.0,9.4,80.0,53.4,98.1,88.5,1109740.1,1387175.1,5548700.5,165.2357916052471,206.54473578416045,826.1789580262354,80.0,0.0938273615635179
919,Company_919,Consumer Goods,Europe,2022,7829.2,0.9,1384.9,16.6,81.7,55.3,99.8,89.9,1273228.8,1591536.0,6366144.2,162.62565779389976,203.2820722423747,813.128314514893,81.66666666666667,0.1657360670627297
919,Company_919,Consumer Goods,Europe,2023,10213.6,-0.5,14988.7,30.5,84.6,62.1,100.0,91.6,1563253.4,1954066.8,7816267.1,153.0560625048954,191.32008302655282,765.2803223153442,84.56666666666666,0.30455218924028005
919,Company_919,Consumer Goods,Europe,2024,12045.9,-0.1,46797.8,17.9,85.9,63.1,100.0,94.7,1826182.3,2282727.9,9130911.4,151.60198075693805,189.5024780215675,758.0098954831105,85.93333333333334,0.17939805749197135
919,Company_919,Consumer Goods,Europe,2025,13844.0,0.8,1950.3,14.9,86.7,62.9,100.0,97.3,2103445.9,2629307.4,10517229.5,151.93917220456515,189.9239670615429,759.6958610228257,86.73333333333333,0.14927070621539285
920,Company_920,Finance,Africa,2015,1386.5,23.8,5625.8,-1.2000000000000002,66.2,99.1,26.0,73.5,14033.1,7016.6,35082.8,10.121240533717994,5.060656328885684,25.303137396321674,66.2,
920,Company_920,Finance,Africa,2016,1508.9,22.5,5394.2,8.8,66.0,100.0,25.0,72.9,15088.9,7544.4,37722.2,9.999933726555769,4.999933726555769,24.999801179667305,65.96666666666667,0.08827984132708266
920,Company_920,Finance,Africa,2017,1488.6,22.2,6532.7,-1.3,65.5,98.2,24.7,73.5,15255.5,7627.8,38138.8,10.248219803842538,5.124143490528013,25.62058309821309,65.46666666666667,-0.013453509178872114
920,Company_920,Finance,Africa,2018,1433.2,23.1,6037.6,-3.7,65.4,98.3,25.2,72.6,14676.6,7338.3,36691.4,10.24044097125314,5.12022048562657,25.60103265420039,65.36666666666666,-0.037216176273008106
920,Company_920,Finance,Africa,2019,1418.0,22.5,4697.8,-1.1,64.6,97.9,21.3,74.7,14603.5,7301.7,36508.7,10.298660084626235,5.1492947813822285,25.746614950634694,64.63333333333334,-0.010605637733742679
920,Company_920,Finance,Africa,2020,1520.9,20.1,3237.3,7.3,66.3,100.0,23.1,75.7,15209.4,7604.7,38023.4,10.000263002169767,5.0001315010848835,25.000591754881977,66.26666666666667,0.0725669957686883
920,Company_920,Finance,Africa,2021,1495.5,21.0,4109.3,-1.7,66.3,100.0,22.6,76.4,14954.9,7477.4,37387.2,9.999933132731528,4.9999331327315275,24.999799398194583,66.33333333333333,-0.016700637780261762
920,Company_920,Finance,Africa,2022,1303.5,22.6,3363.0,-12.8,68.3,100.0,24.7,80.3,13034.6,6517.3,32586.6,9.99969313387035,4.999846566935175,24.999309551208285,68.33333333333333,-0.12838515546639917
920,Company_920,Finance,Africa,2023,1180.9,21.0,4376.6,-9.4,68.7,100.0,25.6,80.6,11808.5,5904.3,29521.3,9.999576594123125,4.99983063764925,24.9989838258955,68.73333333333333,-0.09405446873801293
920,Company_920,Finance,Africa,2024,1198.7,22.0,3986.9,1.5,67.9,100.0,25.8,78.0,11986.9,5993.5,29967.3,9.999916576290982,5.0,24.999833152581964,67.93333333333334,0.01507324921669917
920,Company_920,Finance,Africa,2025,1191.7,25.3,2426.1,-0.6,68.4,100.0,26.0,79.3,11917.3,5958.6,29793.2,10.000251741210034,5.000083913736678,25.00058739615675,68.43333333333334,-0.005839659631267202
921,Company_921,Healthcare,Oceania,2015,2132.2,21.4,9413.8,12.1,81.9,79.8,88.9,76.9,136752.4,136752.4,273504.8,64.13676015383173,64.13676015383173,128.27352030766346,81.86666666666666,
921,Company_921,Healthcare,Oceania,2016,2430.0,20.7,10902.7,14.0,83.3,83.6,87.0,79.3,149454.3,149454.3,298908.6,61.50382716049382,61.50382716049382,123.00765432098764,83.3,0.1396679485976926
921,Company_921,Healthcare,Oceania,2017,2837.5,17.5,5888.4,16.8,81.6,83.1,83.0,78.7,175392.0,175392.0,350784.0,61.81215859030837,61.81215859030837,123.62431718061674,81.60000000000001,0.16769547325102874
921,Company_921,Healthcare,Oceania,2018,2995.2,20.4,8690.5,5.6,82.5,82.9,82.1,82.6,185711.3,185711.3,371422.6,62.00297142094017,62.00297142094017,124.00594284188034,82.53333333333333,0.05557709251101306
921,Company_921,Healthcare,Oceania,2019,3279.4,20.1,14917.1,9.5,82.4,81.3,82.7,83.3,206830.8,206830.8,413661.5,63.06970787339147,63.06970787339147,126.13938525340001,82.43333333333334,0.09488514957264971
921,Company_921,Healthcare,Oceania,2020,3614.8,20.8,17626.0,10.2,82.5,80.3,81.9,85.4,230502.9,230502.9,461005.8,63.76643244439526,63.76643244439526,127.53286488879051,82.53333333333333,0.10227480636701847
921,Company_921,Healthcare,Oceania,2021,4093.2,20.6,8810.2,13.2,82.3,82.5,80.5,83.8,254763.3,254763.3,509526.5,62.240618586924654,62.240618586924654,124.4812127430861,82.26666666666667,0.1323448046918223
921,Company_921,Healthcare,Oceania,2022,4545.1,21.4,12250.5,11.0,82.1,81.6,81.6,83.2,285868.7,285868.7,571737.5,62.89601988955138,62.89601988955138,125.7920617808189,82.13333333333333,0.11040261897781711
921,Company_921,Healthcare,Oceania,2023,5151.7,23.0,27369.5,13.3,82.6,83.1,82.4,82.2,318480.8,318480.8,636961.7,61.82052526350525,61.82052526350525,123.64106993807869,82.56666666666666,0.1334624100679851
921,Company_921,Healthcare,Oceania,2024,6226.3,27.8,19744.4,20.9,80.7,81.3,80.8,80.2,392733.4,392733.4,785466.9,63.07653020252799,63.07653020252799,126.15307646595892,80.76666666666667,0.20859133878137315
921,Company_921,Healthcare,Oceania,2025,6613.5,26.6,26312.7,6.2,82.1,84.4,78.7,83.2,402692.5,402692.5,805385.0,60.88946851137824,60.88946851137824,121.77893702275648,82.10000000000001,0.06218781619902658
922,Company_922,Healthcare,Oceania,2015,1240.2,20.6,4376.9,-0.7,65.2,55.7,78.1,61.7,100464.4,100464.4,200928.8,81.0066118368005,81.0066118368005,162.013223673601,65.16666666666667,
922,Company_922,Healthcare,Oceania,2016,1143.6,19.6,5380.7,-7.8,65.5,54.4,76.5,65.6,93648.1,93648.1,187296.1,81.88885974116825,81.88885974116825,163.77763203917456,65.5,-0.07789066279632328
922,Company_922,Healthcare,Oceania,2017,1136.7,23.0,4248.4,-0.6,67.9,53.4,81.0,69.1,93875.5,93875.5,187751.1,82.5859945456145,82.5859945456145,165.17207706518872,67.83333333333333,-0.0060335781741867045
922,Company_922,Healthcare,Oceania,2018,1078.9,22.2,2619.5,-5.1,67.2,52.0,81.6,67.9,90222.3,90222.3,180444.5,83.6243396051534,83.6243396051534,167.24858652331076,67.16666666666667,-0.050848948711181396
922,Company_922,Healthcare,Oceania,2019,1156.2,20.2,5790.9,7.2,69.3,52.6,84.4,71.0,96169.5,96169.5,192339.0,83.1772184743124,83.1772184743124,166.3544369486248,69.33333333333333,0.07164704791917686
922,Company_922,Healthcare,Oceania,2020,984.1,20.3,4114.9,-14.9,71.7,57.8,86.6,70.6,78245.5,78245.5,156491.0,79.50970429834366,79.50970429834366,159.01940859668733,71.66666666666666,-0.1488496799861616
922,Company_922,Healthcare,Oceania,2021,976.7,19.4,4366.2,-0.8,70.3,58.7,84.5,67.8,77087.4,77087.4,154174.7,78.92638476502508,78.92638476502508,157.85266714446607,70.33333333333333,-0.007519561020221444
922,Company_922,Healthcare,Oceania,2022,906.6,16.6,2754.5,-7.2,72.4,60.7,87.6,69.0,70296.2,70296.2,140592.3,77.53827487315243,77.53827487315243,155.07643944407675,72.43333333333334,-0.07177229446093991
922,Company_922,Healthcare,Oceania,2023,957.1,12.4,2792.5,5.6,72.5,65.0,84.4,68.1,71283.7,71283.7,142567.5,74.478842336224,74.478842336224,148.95778915473826,72.5,0.05570262519302882
922,Company_922,Healthcare,Oceania,2024,981.9,13.2,2010.1,2.6,73.1,64.7,86.2,68.2,73366.9,73366.9,146733.8,74.71931968632244,74.71931968632244,149.43863937264487,73.03333333333335,0.02591160798244685
922,Company_922,Healthcare,Oceania,2025,991.3,12.9,1480.9,1.0,73.7,68.3,84.6,68.2,71580.5,71580.5,143161.0,72.208715827701,72.208715827701,144.417431655402,73.69999999999999,0.009573276301048983
923,Company_923,Transportation,Middle East,2015,411.1,1.0,52.3,11.15,50.3,55.0,68.0,28.0,201095.9,33516.0,670319.8,489.16540987594254,81.52760885429335,1630.551690586232,50.333333333333336,
923,Company_923,Transportation,Middle East,2016,492.0,1.4,82.7,19.7,53.7,59.7,70.7,30.7,230890.2,38481.7,769634.1,469.2890243902439,78.21483739837397,1564.296951219512,53.699999999999996,0.19678910240817316
923,Company_923,Transportation,Middle East,2017,541.9,2.0,152.2,10.1,51.9,58.8,67.6,29.3,256219.3,42703.2,854064.2,472.81657132312233,78.80273113120502,1576.0549916958848,51.9,0.10142276422764218
923,Company_923,Transportation,Middle East,2018,608.9,-0.4,627.0,12.4,52.8,59.4,70.6,28.3,286387.5,47731.2,954625.0,470.33585153555595,78.38922647396946,1567.7861717851865,52.76666666666667,0.12363904779479618
923,Company_923,Transportation,Middle East,2019,673.4,-0.9,2699.5,10.6,51.9,59.9,67.2,28.6,315544.6,52590.8,1051815.2,468.58419958419955,78.0974160974161,1561.947133947134,51.9,0.10592872392839547
923,Company_923,Transportation,Middle East,2020,717.9,0.1,7.1,6.6,51.4,61.1,64.6,28.6,332670.2,55445.0,1108900.7,463.3935088452431,77.23220504248503,1544.6450759158656,51.43333333333333,0.06608256608256613
923,Company_923,Transportation,Middle East,2021,804.7,-1.7,1403.6,12.1,51.7,62.2,63.6,29.2,369254.2,61542.4,1230847.3,458.87187771840433,76.47868770970548,1529.5728843047098,51.666666666666664,0.12090820448530448
923,Company_923,Transportation,Middle East,2022,892.6,3.1,458.4,10.9,50.5,61.3,60.4,29.6,412740.7,68790.1,1375802.2,462.4027559937262,77.06710732691016,1541.3423706027336,50.43333333333333,0.1092332546290542
923,Company_923,Transportation,Middle East,2023,1062.3,1.6,291.1,19.0,51.8,63.0,62.3,30.1,483941.4,80656.9,1613137.9,455.56001129624406,75.926668549374,1518.5332768521132,51.800000000000004,0.19011875420120994
923,Company_923,Transportation,Middle East,2024,1088.4,2.6,364.5,2.5,52.7,62.1,64.7,31.3,499861.1,83310.2,1666203.7,459.2623116501286,76.54373392135244,1530.8744027930907,52.70000000000001,0.02456933069754319
923,Company_923,Transportation,Middle East,2025,1212.3,0.8,162.3,11.4,53.7,65.5,64.8,30.7,539504.4,89917.4,1798347.9,445.0254887404108,74.17091479006847,1483.4182133135362,53.666666666666664,0.11383682469680245
924,Company_924,Retail,Africa,2015,886.7,-1.2,2726.8,1.15,37.4,68.2,21.4,22.5,64081.1,32040.5,128162.1,72.26920040599977,36.134543814142326,144.53828803428442,37.36666666666667,
924,Company_924,Retail,Africa,2016,866.7,1.2,193.5,-2.3,38.3,70.2,25.4,19.4,61444.7,30722.4,122889.5,70.89500403830621,35.44755970924195,141.79012345679013,38.333333333333336,-0.02255554302469831
924,Company_924,Retail,Africa,2017,942.9,2.0,209.3,8.8,40.5,70.6,29.4,21.5,66555.9,33277.9,133111.8,70.58638243716194,35.2931381906883,141.1727648743239,40.5,0.08791969539633082
924,Company_924,Retail,Africa,2018,863.8,2.2,244.4,-8.4,43.1,71.9,33.2,24.1,60187.2,30093.6,120374.4,69.67724010187544,34.83862005093772,139.35448020375088,43.06666666666667,-0.08389012620638459
924,Company_924,Retail,Africa,2019,850.9,1.6,159.2,-1.5,44.8,76.1,32.6,25.8,56790.6,28395.3,113581.1,66.74180279703843,33.370901398519216,133.48348807145376,44.833333333333336,-0.014934012502894167
924,Company_924,Retail,Africa,2020,897.1,0.6,116.0,5.4,46.3,76.2,34.8,27.9,59817.2,29908.6,119634.5,66.67840820421357,33.339204102106784,133.3569278787203,46.300000000000004,0.05429545187448581
924,Company_924,Retail,Africa,2021,931.9,-1.9,4231.5,3.9,47.0,76.1,36.8,28.1,62165.6,31082.8,124331.3,66.7084451121365,33.35422255606825,133.41699753192404,47.0,0.03879166202207096
924,Company_924,Retail,Africa,2022,967.5,0.5,72.6,3.8,48.4,78.2,38.6,28.3,63170.7,31585.3,126341.3,65.29271317829458,32.646304909560726,130.58532299741603,48.366666666666674,0.03820152376864483
924,Company_924,Retail,Africa,2023,917.9,2.2,309.3,-5.1,49.5,79.1,37.7,31.8,59357.6,29678.8,118715.3,64.66673929621963,32.333369648109816,129.3335875367687,49.53333333333333,-0.051266149870801025
924,Company_924,Retail,Africa,2024,868.1,0.9,99.1,-5.4,50.4,80.0,40.2,31.0,55545.8,27772.9,111091.5,63.98548554314019,31.992742771570096,127.97085589217832,50.4,-0.05425427606493072
924,Company_924,Retail,Africa,2025,916.3,2.0,396.5,5.5,51.1,84.7,38.1,30.7,55657.2,27828.6,111314.5,60.74124195132598,30.37062097566299,121.4825930372149,51.166666666666664,0.0555235571938717
925,Company_925,Utilities,Africa,2015,697.3,11.4,1080.7,4.449999999999999,35.1,50.1,44.3,11.0,473891.2,296182.0,4738911.6,679.6087767101678,424.7554854438549,6796.08719346049,35.13333333333333,
925,Company_925,Utilities,Africa,2016,687.5,12.0,1060.5,-1.4,36.7,51.1,47.1,11.7,463281.4,289550.9,4632814.0,673.8638545454546,421.1649454545455,6738.638545454545,36.63333333333333,-0.014054209092212777
925,Company_925,Utilities,Africa,2017,816.5,12.7,1447.7,18.8,37.2,51.6,49.4,10.8,547800.0,342375.0,5478000.3,670.9124311083895,419.32026944274344,6709.124678505817,37.266666666666666,0.1876363636363636
925,Company_925,Utilities,Africa,2018,783.7,14.2,966.0,-4.0,37.2,49.8,49.7,12.0,533675.2,333547.0,5336752.0,680.9687380375143,425.60546127344645,6809.687380375143,37.166666666666664,-0.04017146356399259
925,Company_925,Utilities,Africa,2019,741.9,13.6,926.3,-5.3,37.0,50.2,47.4,13.4,503566.9,314729.3,5035668.7,678.7530664510042,424.2206496832457,6787.530260142877,37.0,-0.05333673599591693
925,Company_925,Utilities,Africa,2020,806.5,13.1,972.3,8.7,38.1,52.2,49.1,13.0,538282.0,336426.2,5382819.9,667.4296342219467,417.14345939243645,6674.296218226907,38.1,0.0870737296131554
925,Company_925,Utilities,Africa,2021,875.9,15.8,1146.2,8.6,38.3,52.7,48.0,14.2,582109.5,363818.5,5821095.2,664.5844274460555,415.3653385089622,6645.844502797123,38.300000000000004,0.086050836949783
925,Company_925,Utilities,Africa,2022,941.4,14.9,1749.9,7.5,37.9,51.1,49.7,13.0,634219.9,396387.4,6342199.2,673.6986403229233,421.06161036753775,6736.986615678777,37.93333333333334,0.07478022605320245
925,Company_925,Utilities,Africa,2023,972.9,15.4,1364.4,3.3,39.5,53.1,51.0,14.4,644689.4,402930.9,6446894.5,662.6471374241958,414.15448658649404,6626.471888169391,39.5,0.03346080305927335
925,Company_925,Utilities,Africa,2024,1027.5,15.4,1905.6,5.6,40.7,53.5,51.5,17.0,678358.7,423974.2,6783587.5,660.2031143552312,412.6269586374696,6602.031630170316,40.666666666666664,0.05612087573234659
925,Company_925,Utilities,Africa,2025,950.9,15.4,1332.8,-7.5,41.2,54.2,52.1,17.3,624248.3,390155.2,6242483.4,656.48154380061,410.3009780208224,6564.815858660218,41.2,-0.07454987834549875
926,Company_926,Retail,Asia,2015,255.1,5.5,311.4,2.0,25.6,41.7,6.2,28.7,23169.7,11584.8,46339.4,90.82595060760487,45.41277930223442,181.65190121520973,25.533333333333335,
926,Company_926,Retail,Asia,2016,260.1,5.3,251.1,2.0,25.3,39.2,8.2,28.5,24072.4,12036.2,48144.7,92.55055747789312,46.27527873894656,185.1007304882737,25.3,0.019600156801254487
926,Company_926,Retail,Asia,2017,305.9,5.2,374.4,17.6,26.6,40.4,7.6,31.9,28051.2,14025.6,56102.4,91.70055573716901,45.850277868584506,183.40111147433802,26.633333333333336,0.17608612072279883
926,Company_926,Retail,Asia,2018,311.9,7.2,516.9,2.0,27.2,44.7,8.5,28.4,27668.9,13834.5,55337.9,88.71080474511062,44.35556268034627,177.42193010580317,27.2,0.019614253023864103
926,Company_926,Retail,Asia,2019,292.8,7.7,492.5,-6.1,27.9,47.2,8.5,28.1,25471.9,12736.0,50943.8,86.99419398907104,43.49726775956284,173.98838797814207,27.933333333333337,-0.06123757614620062
926,Company_926,Retail,Asia,2020,275.3,9.1,507.8,-6.0,27.6,46.4,8.8,27.7,24095.1,12047.5,48190.1,87.5230657464584,43.76135125317835,175.0457682528151,27.633333333333336,-0.05976775956284153
926,Company_926,Retail,Asia,2021,277.3,10.8,407.0,0.7,30.6,49.3,11.9,30.5,23710.3,11855.1,47420.6,85.50414713306887,42.75189325640101,171.00829426613774,30.566666666666663,0.007264802034144591
926,Company_926,Retail,Asia,2022,293.0,8.4,291.9,5.7,29.9,47.5,11.6,30.7,25417.6,12708.8,50835.3,86.7494880546075,43.37474402730375,173.49931740614335,29.933333333333334,0.056617381896862495
926,Company_926,Retail,Asia,2023,336.6,9.9,490.2,14.9,31.1,46.4,13.8,33.1,29447.5,14723.8,58895.1,87.48514557338086,43.74272133095662,174.9705882352941,31.100000000000005,0.14880546075085332
926,Company_926,Retail,Asia,2024,339.5,11.2,443.7,0.8,31.5,48.9,13.5,32.1,29107.0,14553.5,58213.9,85.73490427098675,42.86745213549337,171.46951399116347,31.5,0.00861556743909686
926,Company_926,Retail,Asia,2025,361.5,9.7,632.7,6.5,30.5,47.9,10.4,33.2,31252.7,15626.3,62505.4,86.45283540802214,43.22627939142462,172.90567081604428,30.5,0.06480117820324005
927,Company_927,Manufacturing,Asia,2015,884.4,10.4,1540.8,0.2500000000000001,56.5,44.9,49.3,75.3,235055.3,313407.1,3917589.1,265.77939846223427,354.3725689733152,4429.657507914971,56.5,
927,Company_927,Manufacturing,Asia,2016,960.3,11.3,1923.1,8.6,58.0,47.2,49.9,76.8,250556.4,334075.2,4175940.1,260.9147141518276,347.8862855357701,4348.578673331251,57.96666666666666,0.08582089552238803
927,Company_927,Manufacturing,Asia,2017,867.1,12.0,1881.3,-9.7,59.4,47.0,51.7,79.6,226650.4,302200.5,3777506.4,261.3889978087879,348.51862530273326,4356.482989274593,59.43333333333334,-0.09705300426949903
927,Company_927,Manufacturing,Asia,2018,910.9,13.6,1045.5,5.1,60.0,48.7,51.2,80.1,234685.2,312913.6,3911420.3,257.64101438138107,343.5213525085081,4294.017235700955,60.0,0.05051320493599354
927,Company_927,Manufacturing,Asia,2019,931.3,12.4,2192.7,2.2,59.7,48.0,50.3,80.8,241470.0,321960.0,4024499.9,259.2827230752711,345.71029743369485,4321.3786105444005,59.699999999999996,0.022395433088154615
927,Company_927,Manufacturing,Asia,2020,990.0,10.4,1292.4,6.3,60.3,50.7,50.6,79.7,250949.4,334599.3,4182490.7,253.4842424242424,337.97909090909087,4224.738080808081,60.333333333333336,0.06303017287662405
927,Company_927,Manufacturing,Asia,2021,919.3,8.3,797.1,-7.1,60.4,50.7,52.7,77.7,233006.9,310675.9,3883448.8,253.46122049385403,337.9483302512782,4224.354182530186,60.366666666666674,-0.07141414141414149
927,Company_927,Manufacturing,Asia,2022,801.6,11.1,953.1,-12.8,60.4,49.8,53.8,77.5,204690.2,272920.3,3411503.5,255.35204590818364,340.4694361277445,4255.867639720559,60.36666666666667,-0.128032198411835
927,Company_927,Manufacturing,Asia,2023,730.9,15.2,1955.8,-8.8,61.6,51.8,57.3,75.7,183607.4,244809.8,3060122.8,251.20727869749624,334.94294705158023,4186.7872485976195,61.6,-0.08819860279441127
927,Company_927,Manufacturing,Asia,2024,718.8,11.5,1371.5,-1.7,63.7,52.2,58.2,80.6,179932.6,239910.1,2998876.8,250.32359488035618,333.7647468002226,4172.060100166945,63.666666666666664,-0.016554932275277046
927,Company_927,Manufacturing,Asia,2025,784.8,10.4,1035.9,9.2,65.4,53.8,59.6,82.8,193781.4,258375.2,3229690.2,246.91819571865443,329.22426095820595,4115.303516819572,65.39999999999999,0.09181969949916535
928,Company_928,Healthcare,Oceania,2015,3007.0,16.6,7305.2,10.1,68.6,46.5,81.3,78.1,262918.5,262918.5,525837.1,87.43548387096774,87.43548387096774,174.8710009976721,68.63333333333333,
928,Company_928,Healthcare,Oceania,2016,3662.0,17.9,7475.2,21.8,67.5,46.1,78.9,77.6,321167.2,321167.2,642334.4,87.70267613326051,87.70267613326051,175.40535226652102,67.53333333333333,0.21782507482540736
928,Company_928,Healthcare,Oceania,2017,4034.2,25.3,25217.6,10.2,70.3,50.3,80.4,80.0,342052.4,342052.4,684104.7,84.78816122155571,84.78816122155571,169.57629765504933,70.23333333333333,0.10163844893500817
928,Company_928,Healthcare,Oceania,2018,4457.8,25.8,14177.2,10.5,70.6,52.5,77.1,82.2,371193.0,371193.0,742386.0,83.26820404683924,83.26820404683924,166.5364080936785,70.60000000000001,0.10500223092558625
928,Company_928,Healthcare,Oceania,2019,4665.1,27.5,26206.4,4.6,69.3,50.8,79.2,77.9,394069.5,394069.5,788139.1,84.47182268332939,84.47182268332939,168.94366680242652,69.3,0.04650275920857827
928,Company_928,Healthcare,Oceania,2020,5216.2,29.9,18894.7,11.8,69.3,51.1,81.2,75.6,439402.0,439402.0,878803.9,84.2379509988114,84.2379509988114,168.47588282657875,69.3,0.11813251591605733
928,Company_928,Healthcare,Oceania,2021,5430.0,28.9,36400.1,4.1,70.3,51.2,82.1,77.6,457032.4,457032.4,914064.8,84.16802946593002,84.16802946593002,168.33605893186004,70.3,0.04098769218971676
928,Company_928,Healthcare,Oceania,2022,5767.6,29.9,32126.7,6.2,69.1,51.8,81.5,74.0,483080.5,483080.5,966161.0,83.75762882308065,83.75762882308065,167.5152576461613,69.10000000000001,0.06217311233885825
928,Company_928,Healthcare,Oceania,2023,6344.9,29.6,41856.0,10.0,69.5,53.1,80.7,74.6,525480.7,525480.7,1050961.4,82.81938249617804,82.81938249617804,165.63876499235607,69.46666666666667,0.10009362646508069
928,Company_928,Healthcare,Oceania,2024,7268.9,25.6,31428.1,14.6,69.1,54.5,79.5,73.2,594742.1,594742.1,1189484.3,81.82009657582303,81.82009657582303,163.64020690888583,69.06666666666666,0.145628772715094
928,Company_928,Healthcare,Oceania,2025,7429.9,25.3,45699.8,2.2,71.7,58.1,80.5,76.5,589162.7,589162.7,1178325.4,79.29618164443667,79.29618164443667,158.59236328887334,71.7,0.02214915599334155
929,Company_929,Manufacturing,North America,2015,785.0,8.2,1157.7,4.2,63.9,40.9,90.5,60.4,215155.9,286874.5,3585931.8,274.083949044586,365.4452229299363,4568.065987261146,63.93333333333334,
929,Company_929,Manufacturing,North America,2016,807.5,6.6,564.5,2.9,64.1,42.8,87.8,61.7,218174.7,290899.7,3636245.7,270.185386996904,360.247306501548,4503.090650154799,64.10000000000001,0.02866242038216571
929,Company_929,Manufacturing,North America,2017,846.5,3.8,650.6,4.8,64.0,43.2,87.2,61.5,227874.2,303832.3,3797903.8,269.1957471943296,358.92770230360304,4486.5963378617835,63.96666666666667,0.048297213622291
929,Company_929,Manufacturing,North America,2018,818.3,5.8,390.7,-3.3,65.3,43.1,88.1,64.8,220482.1,293976.1,3674701.2,269.4392032262007,359.2522302334107,4490.652816815349,65.33333333333333,-0.03331364441819262
929,Company_929,Manufacturing,North America,2019,848.0,5.9,482.0,3.6,63.3,41.6,85.1,63.1,231182.2,308243.0,3853037.4,272.62051886792455,363.4941037735849,4543.676179245283,63.26666666666666,0.036294757423927626
929,Company_929,Manufacturing,North America,2020,967.5,9.6,1081.2,14.1,64.5,43.1,86.5,63.9,260777.3,347703.0,4346287.9,269.53726098191214,359.3829457364341,4492.287235142119,64.5,0.14091981132075482
929,Company_929,Manufacturing,North America,2021,1054.2,10.4,1250.7,9.0,66.8,44.9,88.2,67.2,280077.7,373436.9,4667961.8,265.67795484727753,354.2372415101499,4427.966040599506,66.76666666666667,0.08961240310077523
929,Company_929,Manufacturing,North America,2022,1190.7,5.9,1104.7,12.9,64.5,40.8,84.2,68.6,326520.8,435361.1,5442013.3,274.2259175275048,365.6345846980767,4570.43193079701,64.53333333333333,0.1294820717131473
929,Company_929,Manufacturing,North America,2023,1044.0,8.8,2002.3,-12.3,65.2,44.3,82.8,68.5,278638.0,371517.4,4643967.0,266.89463601532566,355.8595785440613,4448.244252873563,65.2,-0.12320483749055178
929,Company_929,Manufacturing,North America,2024,1169.5,6.9,919.9,12.0,67.7,46.3,84.3,72.5,307267.7,409690.3,5121128.5,262.7342454040188,350.31235570756735,4378.904232578025,67.7,0.12021072796934873
929,Company_929,Manufacturing,North America,2025,1210.3,8.5,1271.8,3.5,68.2,49.0,83.0,72.7,311104.1,414805.5,5185068.4,257.04709576138146,342.72948855655625,4284.118317772453,68.23333333333333,0.03488670371953817
930,Company_930,Transportation,Africa,2015,326.9,6.0,385.8,4.35,36.5,30.0,71.5,8.1,194199.1,32366.5,647330.4,594.062710308963,99.01040073416948,1980.2092382991743,36.53333333333333,
930,Company_930,Transportation,Africa,2016,364.4,5.1,328.9,11.5,39.2,33.9,72.4,11.3,210449.1,35074.9,701497.1,577.5222283205269,96.25384193194293,1925.0743688254665,39.2,0.1147139798103396
930,Company_930,Transportation,Africa,2017,364.2,6.0,375.3,-0.1,38.8,34.4,69.5,12.6,209651.0,34941.8,698836.7,575.6479956068094,95.94124107633169,1918.8267435475013,38.833333333333336,-0.0005488474204170535
930,Company_930,Transportation,Africa,2018,394.2,3.1,122.0,8.2,38.7,36.1,67.2,12.8,224062.7,37343.8,746875.7,568.398528665652,94.73313039066464,1894.661846778285,38.7,0.08237232289950569
930,Company_930,Transportation,Africa,2019,452.3,1.7,69.3,14.7,38.2,35.4,64.5,14.8,258397.3,43066.2,861324.3,571.2962635418969,95.21600707495024,1904.3208047755916,38.233333333333334,0.14738711314053776
930,Company_930,Transportation,Africa,2020,441.0,3.3,176.3,-2.5,39.5,36.3,65.3,16.8,250242.1,41707.0,834140.2,567.442403628118,94.57369614512471,1891.4743764172335,39.46666666666666,-0.024983418085341658
930,Company_930,Transportation,Africa,2021,408.7,3.9,307.3,-7.3,39.8,38.3,61.9,19.2,228539.7,38090.0,761799.1,559.1869341815514,93.19794470271593,1863.9566919500855,39.8,-0.0732426303854875
930,Company_930,Transportation,Africa,2022,410.7,-2.9,1423.3,0.5,41.7,38.8,64.5,21.8,228797.1,38132.8,762656.9,557.0905770635501,92.8483077672267,1856.9683467251036,41.699999999999996,0.004893564962074937
930,Company_930,Transportation,Africa,2023,455.1,-3.1,373.1,10.8,42.8,38.2,69.0,21.3,254673.0,42445.5,848910.0,559.5978905735003,93.26631509558338,1865.3263019116678,42.833333333333336,0.10810810810810811
930,Company_930,Transportation,Africa,2024,465.8,-7.8,692.5,2.4,43.8,38.5,69.6,23.3,260142.4,43357.1,867141.2,558.4851867754401,93.08093602404465,1861.6170030055816,43.800000000000004,0.02351131619424307
930,Company_930,Transportation,Africa,2025,495.2,-2.3,2327.6,6.3,45.1,39.8,73.1,22.5,273730.3,45621.7,912434.5,552.7671647819063,92.12782714054927,1842.5575525040388,45.133333333333326,0.06311721768999567
931,Company_931,Energy,Middle East,2015,9799.7,24.1,24694.5,-13.95,40.7,28.4,35.9,57.7,9809222.2,2942766.7,98092221.9,1000.9716828066164,300.2915089237426,10009.71681786177,40.666666666666664,
931,Company_931,Energy,Middle East,2016,8441.2,13.4,19912.8,-13.9,39.9,24.8,37.4,57.5,8663658.1,2599097.4,86636581.1,1026.3538477941524,307.90615078424867,10263.53848978818,39.9,-0.13862669265385674
931,Company_931,Energy,Middle East,2017,7174.3,20.4,18684.4,-15.0,39.3,26.0,36.7,55.3,7304795.2,2191438.6,73047952.0,1018.1892588823997,305.4567832401767,10181.892588823997,39.333333333333336,-0.15008529592948872
931,Company_931,Energy,Middle East,2018,6372.0,17.0,9622.3,-11.2,40.9,27.8,38.4,56.4,6404218.5,1921265.5,64042184.6,1005.0562617702449,301.51687068424354,10050.56255492781,40.86666666666667,-0.11182972554813708
931,Company_931,Energy,Middle East,2019,5697.6,19.1,14413.6,-10.6,41.5,31.7,37.1,55.6,5574619.0,1672385.7,55746190.0,978.4152976691939,293.5245893007582,9784.15297669194,41.46666666666667,-0.10583804143126174
931,Company_931,Energy,Middle East,2020,4899.6,23.4,15351.2,-14.0,42.4,34.5,39.0,53.8,4695550.2,1408665.1,46955502.2,958.3537839823658,287.5061433586415,9583.537880643318,42.43333333333333,-0.14005897219882057
931,Company_931,Energy,Middle East,2021,5056.3,24.2,22239.0,3.2,42.3,34.3,39.2,53.4,4854923.3,1456477.0,48549233.1,960.1731107726994,288.05193520954055,9601.731127504301,42.300000000000004,0.03198220262878593
931,Company_931,Energy,Middle East,2022,4576.1,16.1,6003.1,-9.5,43.8,35.7,40.3,55.2,4346554.9,1303966.5,43465548.7,949.8382683944844,284.9514870741461,9498.382618386835,43.73333333333333,-0.09497063069833667
931,Company_931,Energy,Middle East,2023,3887.5,18.4,6324.4,-15.0,43.7,35.1,39.3,56.7,3708907.4,1112672.2,37089073.8,954.0597813504822,286.21792926045015,9540.597762057878,43.70000000000001,-0.1504774808242828
931,Company_931,Energy,Middle East,2024,3307.4,26.6,8457.9,-14.9,43.6,35.3,39.9,55.6,3150507.0,945152.1,31505070.3,952.5630404547378,285.76891213642136,9525.630495253068,43.599999999999994,-0.14922186495176848
931,Company_931,Energy,Middle East,2025,2663.5,21.5,7584.2,-19.5,44.5,33.5,41.7,58.2,2571711.8,771513.5,25717117.7,965.5385019710906,289.66153557349355,9655.384907077154,44.46666666666667,-0.19468464655016027
932,Company_932,Manufacturing,Latin America,2015,410.0,6.3,367.8,-1.4499999999999997,48.6,18.3,73.0,54.5,131815.2,175753.7,2196920.8,321.5004878048781,428.6675609756098,5358.343414634146,48.6,
932,Company_932,Manufacturing,Latin America,2016,422.9,3.1,148.2,3.1,48.8,19.1,75.0,52.3,135275.1,180366.8,2254585.1,319.87491132655475,426.49988176873967,5331.248758571767,48.79999999999999,0.03146341463414637
932,Company_932,Manufacturing,Latin America,2017,388.3,6.2,438.5,-8.2,51.0,22.0,78.2,52.9,121858.0,162477.4,2030967.1,313.8243626062323,418.4326551635333,5230.407159412825,51.03333333333333,-0.08181603215890276
932,Company_932,Manufacturing,Latin America,2018,355.6,5.8,213.2,-8.4,50.4,20.9,79.2,51.1,112388.8,149851.7,1873146.1,316.05399325084363,421.4052305961755,5267.564960629921,50.4,-0.08421323718774143
932,Company_932,Manufacturing,Latin America,2019,370.5,3.9,166.3,4.2,51.0,23.9,76.2,52.9,114804.8,153073.1,1913413.5,309.86450742240214,413.1527665317139,5164.4089068825915,51.0,0.04190101237345334
932,Company_932,Manufacturing,Latin America,2020,376.7,6.6,514.4,1.7,50.8,25.7,76.2,50.4,115244.7,153659.6,1920745.4,305.9323068754978,407.9097425006637,5098.872843111229,50.76666666666667,0.016734143049932593
932,Company_932,Manufacturing,Latin America,2021,332.0,5.7,222.2,-11.9,51.1,25.0,76.3,52.1,102110.7,136147.6,1701844.9,307.56234939759037,410.0831325301205,5126.038855421686,51.13333333333333,-0.1186620653039554
932,Company_932,Manufacturing,Latin America,2022,357.5,8.6,467.8,7.7,51.1,27.2,72.9,53.1,108255.9,144341.3,1804265.7,302.8137062937063,403.7518881118881,5046.897062937062,51.06666666666667,0.07680722891566272
932,Company_932,Manufacturing,Latin America,2023,340.9,6.6,248.8,-4.6,52.8,27.6,75.0,55.8,102958.3,137277.7,1715971.4,302.0190671751247,402.6919917864477,5033.650337342329,52.79999999999999,-0.04643356643356644
932,Company_932,Manufacturing,Latin America,2024,300.0,6.2,259.7,-12.0,50.1,27.4,74.7,48.1,90754.5,121006.1,1512575.7,302.515,403.3536666666667,5041.919,50.06666666666666,-0.11997653270753883
932,Company_932,Manufacturing,Latin America,2025,324.8,5.8,351.0,8.3,51.0,26.8,77.5,48.8,98675.1,131566.8,1644584.4,303.80264778325125,405.0701970443349,5063.375615763546,51.03333333333333,0.08266666666666667
933,Company_933,Consumer Goods,Latin America,2015,2020.4,11.6,3219.0,4.05,47.5,79.3,42.4,20.6,260471.4,325589.2,1302356.9,128.92070877054047,161.15086121560088,644.6034943575529,47.43333333333333,
933,Company_933,Consumer Goods,Latin America,2016,2097.2,11.2,4122.9,3.8,48.8,79.7,40.2,26.4,269258.8,336573.5,1346294.1,128.38966240701888,160.4870780087736,641.948359717719,48.76666666666667,0.0380122747970697
933,Company_933,Consumer Goods,Latin America,2017,2186.5,15.7,7820.3,4.3,50.3,81.0,42.6,27.2,276811.5,346014.4,1384057.6,126.60027441115939,158.25035444774755,633.0014177909902,50.26666666666666,0.042580583635323466
933,Company_933,Consumer Goods,Latin America,2018,2338.0,18.2,7949.9,6.9,51.3,84.0,42.7,27.1,286154.7,357693.4,1430773.7,122.39294268605646,152.9911890504705,611.9647989734816,51.26666666666667,0.06928881774525508
933,Company_933,Consumer Goods,Latin America,2019,2393.5,18.7,10172.9,2.4,52.6,84.3,45.7,27.9,291910.9,364888.6,1459554.4,121.95984959264676,152.44980154585335,609.7992061834134,52.63333333333333,0.0237382378100941
933,Company_933,Consumer Goods,Latin America,2020,2657.3,19.3,7221.6,11.0,53.1,83.6,45.2,30.6,326729.0,408411.2,1633644.9,122.95525533436194,153.6940503518609,614.7762390396266,53.13333333333333,0.11021516607478588
933,Company_933,Consumer Goods,Latin America,2021,2997.8,16.7,12030.8,12.8,55.2,88.2,45.5,31.8,349442.4,436803.0,1747211.9,116.5662819400894,145.70785242511175,582.8313763426512,55.166666666666664,0.12813758326120506
933,Company_933,Consumer Goods,Latin America,2022,3520.5,17.2,8502.2,17.4,55.1,90.7,47.5,27.0,397926.0,497407.5,1989629.9,113.03110353642948,141.28887942053686,565.1554892770913,55.06666666666666,0.17436119821202212
933,Company_933,Consumer Goods,Latin America,2023,3627.0,16.5,9313.7,3.0,56.4,91.7,50.4,27.2,404842.2,506052.8,2024211.1,111.61902398676592,139.52379376895504,558.0951475048249,56.43333333333333,0.03025138474648492
933,Company_933,Consumer Goods,Latin America,2024,3731.5,15.4,9724.4,2.9,56.4,91.3,49.4,28.5,418756.0,523445.0,2093780.2,112.22189468042342,140.2773683505293,561.109526999866,56.4,0.028811690102012788
933,Company_933,Consumer Goods,Latin America,2025,3858.1,15.4,11078.0,3.4,59.6,95.2,53.3,30.3,411764.5,514705.7,2058822.7,106.72727508359037,133.4091132941085,533.6364272569399,59.6,0.03392737505024779
934,Company_934,Consumer Goods,Middle East,2015,2063.2,7.5,3724.5,2.75,34.6,34.7,50.6,18.4,394907.5,493634.4,1974537.7,191.4053412175262,239.2566886390074,957.0268030244281,34.56666666666667,
934,Company_934,Consumer Goods,Middle East,2016,2176.8,9.6,2732.0,5.5,35.6,34.6,51.4,20.9,416980.7,521225.9,2084903.7,191.55673465637634,239.44592980521867,957.7837651598676,35.63333333333333,0.055060100814269264
934,Company_934,Consumer Goods,Middle East,2017,2022.6,10.2,2260.2,-7.1,35.6,34.1,51.4,21.2,388849.6,486062.0,1944248.0,192.25234846237515,240.31543557796897,961.2617423118759,35.56666666666667,-0.07083792723263516
934,Company_934,Consumer Goods,Middle East,2018,1940.5,8.6,2914.0,-4.1,37.2,37.0,54.7,19.9,365079.4,456349.3,1825397.1,188.13676887400155,235.17098685905694,940.6838959031178,37.199999999999996,-0.040591318105408836
934,Company_934,Consumer Goods,Middle East,2019,1727.2,10.4,3498.5,-11.0,39.0,39.3,59.2,18.6,319557.7,399447.1,1597788.6,185.01487957387678,231.26858499305231,925.0744557665586,39.03333333333333,-0.10992012367946402
934,Company_934,Consumer Goods,Middle East,2020,1670.9,10.4,2918.2,-3.3,40.5,41.5,58.9,21.2,304026.8,380033.4,1520133.8,181.95391705069122,227.44233646537793,909.769465557484,40.53333333333334,-0.03259610930986567
934,Company_934,Consumer Goods,Middle East,2021,1745.0,13.0,2991.6,4.4,41.6,42.4,59.4,23.1,315250.2,394062.7,1576250.9,180.65914040114615,225.82389684813754,903.2956446991403,41.63333333333333,0.04434735771141285
934,Company_934,Consumer Goods,Middle East,2022,1765.8,15.2,6200.4,1.2,43.5,47.1,60.4,23.0,307272.9,384091.2,1536364.7,174.0134216785593,217.51681957186545,870.0672216559067,43.5,0.011919770773638927
934,Company_934,Consumer Goods,Middle East,2023,1842.2,19.0,5530.1,4.3,42.8,48.3,60.1,20.1,317472.0,396840.0,1587359.9,172.3330800130279,215.41635001628487,861.6653457822168,42.833333333333336,0.04326650809831234
934,Company_934,Consumer Goods,Middle East,2024,1962.1,17.3,5611.8,6.5,43.8,46.7,60.8,24.0,342747.6,428434.4,1713737.8,174.6840629937312,218.35502777636208,873.4202130370522,43.833333333333336,0.06508522418847029
934,Company_934,Consumer Goods,Middle East,2025,2156.1,17.2,7132.3,9.9,44.6,43.9,62.8,26.9,384898.7,481123.4,1924493.7,178.51616344325404,223.14521589907704,892.5809099763462,44.53333333333333,0.0988736557769736
935,Company_935,Consumer Goods,Oceania,2015,804.5,16.3,3244.2,8.65,63.1,80.5,87.0,21.8,102407.1,128008.9,512035.6,127.29285270354258,159.1160969546302,636.4643878185208,63.1,
935,Company_935,Consumer Goods,Oceania,2016,892.6,13.9,2975.6,10.9,63.8,81.2,86.1,24.0,112696.9,140871.1,563484.4,126.25688998431548,157.82108447232804,631.2843378893122,63.76666666666667,0.10950901180857686
935,Company_935,Consumer Goods,Oceania,2017,964.2,13.0,1422.9,8.0,65.3,82.9,86.3,26.7,119465.1,149331.3,597325.4,123.90074673304294,154.87585563161167,619.503629952292,65.3,0.08021510194936154
935,Company_935,Consumer Goods,Oceania,2018,1006.9,14.0,2698.8,4.4,63.8,80.6,86.4,24.5,128071.3,160089.1,640356.3,127.19366372032972,158.99205482173008,635.968119972192,63.833333333333336,0.044285417963078055
935,Company_935,Consumer Goods,Oceania,2019,1247.7,10.5,2741.6,23.9,65.5,82.6,89.4,24.4,155122.1,193902.7,775610.7,124.32644065079747,155.40811092410036,621.63236354893,65.46666666666667,0.23914986592511678
935,Company_935,Consumer Goods,Oceania,2020,1249.4,11.7,2211.5,0.1,64.6,81.8,87.2,24.7,156734.6,195918.3,783673.0,125.447894989595,156.80990875620296,627.2394749479749,64.56666666666666,0.0013625070129037464
935,Company_935,Consumer Goods,Oceania,2021,1261.5,11.4,2364.8,1.0,65.6,82.0,88.8,26.0,157975.2,197469.1,789876.2,125.2280618311534,156.53515655965123,626.1404676971858,65.60000000000001,0.009684648631342885
935,Company_935,Consumer Goods,Oceania,2022,1379.4,11.5,3164.5,9.3,67.6,83.2,91.6,28.0,170439.3,213049.1,852196.3,123.56046107003043,154.4505582137161,617.8021603595766,67.60000000000001,0.09346016646848998
935,Company_935,Consumer Goods,Oceania,2023,1616.3,10.1,1647.2,17.2,67.2,86.7,88.6,26.2,191619.9,239524.9,958099.4,118.55466188207635,148.19334282002103,592.7732475406793,67.16666666666667,0.1717413368131071
935,Company_935,Consumer Goods,Oceania,2024,1662.4,10.7,3230.0,2.9,67.6,87.2,91.5,24.2,195995.0,244993.7,979975.0,117.89882098171319,147.37349615014438,589.4941049085659,67.63333333333333,0.028521932809503214
935,Company_935,Consumer Goods,Oceania,2025,1832.8,11.6,3870.8,10.2,69.4,91.5,92.1,24.6,205127.4,256409.3,1025637.2,111.92023134002619,139.9003164556962,559.6012658227849,69.39999999999999,0.10250240615976902
936,Company_936,Energy,Middle East,2015,3609.0,13.0,8820.1,2.05,32.8,14.3,27.4,56.6,3970442.9,1191132.9,39704428.7,1100.150429481851,330.0451371571072,11001.50421169299,32.76666666666667,
936,Company_936,Energy,Middle East,2016,3263.8,13.1,5648.4,-9.6,31.3,12.8,24.6,56.4,3624264.3,1087279.3,36242642.6,1110.4431337704516,333.1329431950487,11104.431215147986,31.26666666666667,-0.09564976447769458
936,Company_936,Energy,Middle East,2017,3269.9,8.9,5732.9,0.2,32.5,15.3,25.8,56.4,3573868.9,1072160.7,35738689.0,1092.9596929569711,327.8879170616838,10929.59692956971,32.5,0.0018689870702861544
936,Company_936,Energy,Middle East,2018,3650.6,8.5,2768.0,11.6,35.0,18.9,30.2,55.7,3897996.4,1169398.9,38979963.8,1067.7686955568947,320.33060318851693,10677.686900783432,34.93333333333333,0.1164255787638766
936,Company_936,Energy,Middle East,2019,3143.7,9.0,5379.1,-13.9,38.8,20.6,34.9,61.0,3320170.3,996051.1,33201703.2,1056.1345866335846,316.8403791710405,10561.345929955149,38.833333333333336,-0.13885388703226864
936,Company_936,Energy,Middle East,2020,2964.1,-0.6,6665.2,-5.7,39.2,20.8,36.6,60.1,3124435.6,937330.7,31244355.5,1054.0925070004387,316.22775884754225,10540.924901319118,39.166666666666664,-0.05713013328243788
936,Company_936,Energy,Middle East,2021,3079.1,3.5,1445.5,3.9,39.8,23.3,38.5,57.7,3192834.8,957850.4,31928347.5,1036.9376765938098,311.081289987334,10369.376603552986,39.833333333333336,0.03879761141661886
936,Company_936,Energy,Middle East,2022,3251.0,-2.3,7112.7,5.6,41.0,25.2,37.8,59.9,3328438.0,998531.4,33284379.7,1023.819747769917,307.1459243309751,10238.197385419871,40.96666666666667,0.05582800168880531
936,Company_936,Energy,Middle East,2023,3456.0,-7.2,9826.1,6.3,40.5,24.1,38.7,58.7,3564986.2,1069495.8,35649861.6,1031.5353587962964,309.4605902777778,10315.353472222223,40.5,0.0630575207628421
936,Company_936,Energy,Middle East,2024,3001.1,-3.0,6335.5,-13.2,42.7,24.0,41.2,62.8,3097193.8,929158.2,30971938.3,1032.0195261737363,309.60587784479026,10320.195361700711,42.666666666666664,-0.13162615740740746
936,Company_936,Energy,Middle East,2025,3197.2,-0.3,5905.6,6.5,44.2,26.4,45.5,60.6,3245266.8,973580.0,32452667.9,1015.034029776054,304.5101964218691,10150.340266483174,44.166666666666664,0.06534270767385286
937,Company_937,Technology,Europe,2015,2758.1,20.1,18405.8,13.399999999999999,86.7,80.6,90.3,89.0,87658.1,52594.8,175316.1,31.78206011384649,19.06921431420181,63.5640839708495,86.63333333333333,
937,Company_937,Technology,Europe,2016,3184.8,22.5,11340.6,15.5,86.5,79.1,89.9,90.6,102947.2,61768.3,205894.4,32.32454157246923,19.39471866365235,64.64908314493846,86.53333333333335,0.15470795112577518
937,Company_937,Technology,Europe,2017,3746.0,28.5,27693.5,17.6,85.5,80.8,87.2,88.3,118768.1,71260.9,237536.2,31.705312333155366,19.02319807794981,63.41062466631073,85.43333333333334,0.17621200703340856
937,Company_937,Technology,Europe,2018,4695.4,25.6,30330.4,25.3,86.8,82.8,86.0,91.6,145580.9,87348.5,291161.7,31.00500489841121,18.602994420070708,62.00998849938238,86.8,0.2534436732514682
937,Company_937,Technology,Europe,2019,5070.5,24.8,34377.8,8.0,86.4,83.8,84.4,90.9,155428.2,93256.9,310856.4,30.653426683759,18.392052065871216,61.306853367518,86.36666666666667,0.07988669761894629
937,Company_937,Technology,Europe,2020,5647.2,24.2,44127.3,11.4,87.8,83.4,87.6,92.4,174058.4,104435.1,348116.9,30.822071114888793,18.49325329366766,61.64415993766823,87.8,0.11373631791736516
937,Company_937,Technology,Europe,2021,6362.0,22.4,32430.7,12.7,88.0,85.2,89.8,89.1,192074.3,115244.6,384148.5,30.19086765168186,18.11452373467463,60.38171958503615,88.03333333333335,0.12657600226661003
937,Company_937,Technology,Europe,2022,7258.1,23.5,43832.5,14.1,89.4,86.7,89.0,92.5,215116.3,129069.8,430232.5,29.638100880395694,17.782863283779502,59.276187983080966,89.39999999999999,0.14085193335429125
937,Company_937,Technology,Europe,2023,8501.3,29.2,82272.5,17.1,89.3,86.7,85.8,95.3,252051.2,151230.7,504102.3,29.64854786914943,17.78912636890829,59.297083975392006,89.26666666666667,0.1712844959424642
937,Company_937,Technology,Europe,2024,9292.6,29.1,66696.8,9.3,90.5,88.7,86.9,96.0,269196.5,161517.9,538392.9,28.968910746185134,17.38134644771108,57.937810731119384,90.53333333333335,0.09307988190041527
937,Company_937,Technology,Europe,2025,10244.8,29.4,79167.8,10.2,92.2,92.6,86.5,97.4,282541.6,169525.0,565083.3,27.579025456817117,16.547419178510076,55.15806067468375,92.16666666666667,0.10246863095366199
938,Company_938,Consumer Goods,North America,2015,1031.0,9.3,1087.4,8.45,61.9,33.5,84.3,67.9,199082.2,248852.8,995411.1,193.09621726479148,241.37032007759456,965.4811833171677,61.9,
938,Company_938,Consumer Goods,North America,2016,1177.7,11.9,3218.7,14.2,62.7,35.0,84.2,68.9,224902.3,281127.9,1124511.4,190.9673940731935,238.70926381930883,954.8368854546998,62.70000000000001,0.1422890397672163
938,Company_938,Consumer Goods,North America,2017,1272.7,15.3,4330.7,8.1,63.0,34.4,84.4,70.2,244079.1,305098.9,1220395.6,191.78054529739921,239.7257012650271,958.9028050601084,63.0,0.0806657043389658
938,Company_938,Consumer Goods,North America,2018,1407.2,13.8,2222.2,10.6,64.2,37.6,85.3,69.6,263556.0,329445.1,1317780.2,187.291074474133,234.1139141557703,936.4555144968732,64.16666666666667,0.10568083601791467
938,Company_938,Consumer Goods,North America,2019,1362.5,13.8,2381.4,-3.2,65.2,41.3,86.0,68.5,248258.5,310323.2,1241292.7,182.20807339449541,227.76014678899082,911.0405137614679,65.26666666666667,-0.031765207504263815
938,Company_938,Consumer Goods,North America,2020,1396.8,13.6,2697.7,2.5,66.0,41.6,86.7,69.6,253821.0,317276.3,1269105.2,181.71606529209623,227.14511741122567,908.5804696449027,65.96666666666667,0.025174311926605464
938,Company_938,Consumer Goods,North America,2021,1519.4,16.7,3181.7,8.8,66.9,42.2,87.2,71.4,274883.9,343604.9,1374419.6,180.9160852968277,226.14512307489798,904.5804922995919,66.93333333333334,0.08777205040091651
938,Company_938,Consumer Goods,North America,2022,1612.7,17.4,5779.5,6.1,68.0,44.4,88.9,70.6,286828.3,358535.4,1434141.4,177.85595585043714,222.3199603149997,889.2797172443727,67.96666666666667,0.06140581808608658
938,Company_938,Consumer Goods,North America,2023,1755.5,19.5,7050.2,8.9,66.5,40.8,91.8,66.9,321096.0,401370.0,1605480.2,182.90857305610936,228.6357163201367,914.5429792082027,66.5,0.08854715694177462
938,Company_938,Consumer Goods,North America,2024,2064.0,18.3,4220.7,17.6,68.0,43.4,93.3,67.4,370048.7,462560.9,1850243.6,179.28716085271319,224.10896317829457,896.4358527131783,68.03333333333333,0.17573340928510395
938,Company_938,Consumer Goods,North America,2025,2144.8,17.4,7918.1,3.9,68.2,41.2,92.8,70.7,390944.5,488680.7,1954722.7,182.2755035434539,227.8444143976128,911.3776109660573,68.23333333333333,0.03914728682170554
939,Company_939,Consumer Goods,Europe,2015,750.4,14.0,1719.3,-0.39999999999999997,62.6,34.3,95.8,57.7,144021.5,180026.9,720107.6,191.92630597014926,239.9079157782516,959.6316631130064,62.6,
939,Company_939,Consumer Goods,Europe,2016,781.9,16.1,1670.1,4.2,62.3,34.1,94.5,58.4,150359.7,187949.6,751798.3,192.30042204885538,240.37549558767108,961.5018544570918,62.333333333333336,0.04197761194029859
939,Company_939,Consumer Goods,Europe,2017,800.2,16.0,3104.2,2.3,62.8,35.3,96.1,56.9,152491.0,190613.8,762455.2,190.56610847288178,238.2076980754811,952.8307923019244,62.76666666666666,0.02340452743317578
939,Company_939,Consumer Goods,Europe,2018,727.3,15.8,1437.1,-9.1,63.1,36.2,95.7,57.4,137715.7,172144.6,688578.3,189.351986800495,236.68994912690778,946.7596590127871,63.1,-0.09110222444388916
939,Company_939,Consumer Goods,Europe,2019,733.5,17.1,1584.3,0.9,62.9,33.5,93.8,61.3,141606.1,177007.7,708030.7,193.05535105657805,241.31929107021134,965.2770279481936,62.86666666666667,0.008524680324487832
939,Company_939,Consumer Goods,Europe,2020,706.4,14.2,1515.8,-3.7,62.6,31.9,93.3,62.4,137961.4,172451.8,689807.2,195.30209513023783,244.12768969422422,976.5107587768969,62.53333333333333,-0.03694614860259038
939,Company_939,Consumer Goods,Europe,2021,660.8,11.0,1161.2,-6.5,64.2,33.7,91.4,67.4,127382.6,159228.2,636912.9,192.7702784503632,240.96277239709445,963.851240920097,64.16666666666667,-0.0645526613816535
939,Company_939,Consumer Goods,Europe,2022,592.9,8.6,1217.7,-10.3,65.6,35.6,92.6,68.6,112722.6,140903.2,563613.0,190.1207623545286,237.6508686119076,950.603811772643,65.6,-0.1027542372881356
939,Company_939,Consumer Goods,Europe,2023,647.9,8.9,1118.0,9.3,65.9,39.8,92.5,65.3,119369.5,149211.8,596847.4,184.24062355301746,230.30066368266708,921.202963420281,65.86666666666667,0.09276437847866426
939,Company_939,Consumer Goods,Europe,2024,714.0,10.8,1325.6,10.2,67.7,41.9,94.2,67.0,129503.8,161879.8,647519.1,181.37787114845938,226.72240896358542,906.8894957983193,67.7,0.1020219169624943
939,Company_939,Consumer Goods,Europe,2025,701.8,11.4,1840.7,-1.7,69.9,45.9,97.4,66.4,123318.3,154147.9,616591.7,175.7171558848675,219.6464804787689,878.5860644058137,69.9,-0.017086834733893608
940,Company_940,Healthcare,Asia,2015,621.5,12.6,1379.2,5.35,46.0,45.3,45.7,47.1,54887.3,54887.3,109774.7,88.31423974255833,88.31423974255833,176.62864038616252,46.03333333333333,
940,Company_940,Healthcare,Asia,2016,577.2,10.8,1374.8,-7.1,47.6,50.7,44.5,47.6,48768.1,48768.1,97536.3,84.49081774081773,84.49081774081773,168.9818087318087,47.6,-0.07127916331456152
940,Company_940,Healthcare,Asia,2017,582.5,9.1,1269.8,0.9,48.0,50.7,46.4,47.0,49222.8,49222.8,98445.7,84.50266094420601,84.50266094420601,169.00549356223175,48.03333333333333,0.009182259182259012
940,Company_940,Healthcare,Asia,2018,551.9,11.1,762.7,-5.3,49.2,52.5,47.4,47.7,45957.9,45957.9,91915.9,83.27215075194782,83.27215075194782,166.5444826961406,49.20000000000001,-0.05253218884120181
940,Company_940,Healthcare,Asia,2019,575.8,12.6,1523.1,4.3,49.9,55.7,47.2,46.7,46653.9,46653.9,93307.8,81.02448766932963,81.02448766932963,162.04897533865926,49.866666666666674,0.04330494654828776
940,Company_940,Healthcare,Asia,2020,681.2,11.3,1250.8,18.3,49.4,58.7,43.7,45.8,53741.5,53741.5,107482.9,78.89239577216676,78.89239577216676,157.7846447445684,49.4,0.18304967002431427
940,Company_940,Healthcare,Asia,2021,691.2,11.4,1627.4,1.5,49.4,58.6,41.0,48.7,54593.7,54593.7,109187.4,78.98394097222221,78.98394097222221,157.96788194444443,49.43333333333334,0.014679976512037562
940,Company_940,Healthcare,Asia,2022,735.3,14.5,1443.9,6.4,50.5,56.6,42.9,52.1,59091.3,59091.3,118182.6,80.36352509179927,80.36352509179927,160.72705018359855,50.53333333333333,0.06380208333333326
940,Company_940,Healthcare,Asia,2023,785.1,11.8,1929.0,6.8,49.8,55.7,41.2,52.6,63621.7,63621.7,127243.5,81.03642848044835,81.03642848044835,162.07298433320597,49.833333333333336,0.06772745818033465
940,Company_940,Healthcare,Asia,2024,928.1,13.2,2121.1,18.2,50.2,53.7,44.4,52.5,76474.3,76474.3,152948.5,82.39877168408577,82.39877168408577,164.7974356211615,50.199999999999996,0.1821424022417526
940,Company_940,Healthcare,Asia,2025,988.5,15.5,1664.0,6.5,51.5,53.2,45.6,55.6,81796.7,81796.7,163593.4,82.74830551340415,82.74830551340415,165.4966110268083,51.46666666666667,0.06507919405236495
941,Company_941,Consumer Goods,Oceania,2015,4322.7,13.5,13700.8,3.25,37.0,16.7,49.8,44.5,936140.9,1170176.1,4680704.3,216.56392995118793,270.7049066555625,1082.8196034885605,37.0,
941,Company_941,Consumer Goods,Oceania,2016,4777.1,13.8,14064.0,10.5,37.7,14.0,51.3,47.8,1052976.2,1316220.3,5264881.0,220.42163655774422,275.52705616378137,1102.108182788721,37.699999999999996,0.10511948550674366
941,Company_941,Consumer Goods,Oceania,2017,5365.7,16.4,12502.9,12.3,41.1,16.4,57.8,49.2,1164699.3,1455874.1,5823496.5,217.06381273645565,271.32976126134525,1085.3190636822783,41.13333333333333,0.12321282786627852
941,Company_941,Consumer Goods,Oceania,2018,5537.5,16.2,12129.8,3.2,46.0,22.8,61.2,54.1,1152166.5,1440208.1,5760832.5,208.06618510158015,260.0827268623025,1040.3309255079007,46.03333333333333,0.03201818961179348
941,Company_941,Consumer Goods,Oceania,2019,5585.1,16.1,16256.0,0.9,45.5,23.0,59.8,53.6,1160366.5,1450458.2,5801832.6,207.76109648887217,259.70138403967695,1038.8055003491431,45.46666666666667,0.008595936794582482
941,Company_941,Consumer Goods,Oceania,2020,5799.0,13.2,8481.7,3.8,45.8,25.6,58.5,53.4,1184058.9,1480073.7,5920294.7,204.18329022245214,255.22912571132954,1020.9164856009658,45.833333333333336,0.03829832948380507
941,Company_941,Consumer Goods,Oceania,2021,5975.2,12.9,13669.8,3.0,45.7,24.9,58.5,53.6,1225615.1,1532018.9,6128075.4,205.11700026777348,256.3962545186772,1025.584984603026,45.666666666666664,0.03038454906018284
941,Company_941,Consumer Goods,Oceania,2022,5836.7,12.7,17052.4,-2.3,45.3,26.5,59.3,50.2,1184466.1,1480582.6,5922330.3,202.9342093991468,253.66775746569127,1014.671012729796,45.333333333333336,-0.023179140447181723
941,Company_941,Consumer Goods,Oceania,2023,6608.5,10.2,11394.1,13.2,45.9,27.5,60.0,50.3,1331794.8,1664743.5,6658974.0,201.52754785503518,251.90943481879398,1007.6377392751759,45.93333333333334,0.13223225452738707
941,Company_941,Consumer Goods,Oceania,2024,6823.4,8.5,12638.5,3.3,46.1,27.7,59.1,51.4,1373019.3,1716274.1,6865096.4,201.2221619720374,251.5276988011842,1006.1107952047367,46.06666666666666,0.032518725883331934
941,Company_941,Consumer Goods,Oceania,2025,7028.0,8.7,8675.8,3.0,45.1,26.4,57.0,52.0,1427362.1,1784202.6,7136810.5,203.09648548662494,253.8706033010814,1015.4824274331246,45.13333333333333,0.029985051440630794
942,Company_942,Transportation,Middle East,2015,604.5,5.6,658.9,1.7,35.1,16.2,8.3,80.8,394124.4,65687.4,1313748.0,651.9841191066998,108.66401985111662,2173.2803970223326,35.1,
942,Company_942,Transportation,Middle East,2016,560.1,3.0,304.1,-7.3,34.5,13.4,9.6,80.7,371852.9,61975.5,1239509.8,663.9044813426174,110.65077664702731,2213.0151758614534,34.56666666666667,-0.07344913151364763
942,Company_942,Transportation,Middle East,2017,574.0,-1.9,1136.9,2.5,33.6,15.9,4.8,80.2,374927.4,62487.9,1249757.9,653.1836236933798,108.86393728222997,2177.2785714285715,33.63333333333333,0.024816996964827753
942,Company_942,Transportation,Middle East,2018,585.6,1.4,121.7,2.0,33.8,14.1,6.0,81.1,386826.6,64471.1,1289422.0,660.5645491803278,110.09409153005464,2201.8818306010926,33.73333333333333,0.020209059233449622
942,Company_942,Transportation,Middle East,2019,594.0,0.1,5.6,1.4,35.5,19.8,5.8,80.8,378405.9,63067.6,1261352.9,637.0469696969698,106.17441077441077,2123.4897306397306,35.46666666666667,0.014344262295082011
942,Company_942,Transportation,Middle East,2020,542.5,4.7,296.2,-8.7,34.8,19.3,5.1,80.1,346662.2,57777.0,1155540.7,639.00866359447,106.50138248847927,2130.0289400921656,34.833333333333336,-0.08670033670033672
942,Company_942,Transportation,Middle East,2021,510.5,2.8,153.4,-5.9,35.8,20.6,8.3,78.6,323415.8,53902.6,1078052.6,633.5275220372184,105.58785504407443,2111.758276199804,35.833333333333336,-0.05898617511520743
942,Company_942,Transportation,Middle East,2022,451.5,3.6,252.2,-11.6,37.3,22.6,6.5,82.9,282119.3,47019.9,940397.7,624.8489479512735,104.14152823920266,2082.829900332226,37.333333333333336,-0.11557296767874636
942,Company_942,Transportation,Middle East,2023,499.5,2.9,258.5,10.6,38.9,26.6,7.8,82.2,303820.8,50636.8,1012736.1,608.2498498498499,101.37497497497498,2027.4996996996997,38.86666666666667,0.10631229235880402
942,Company_942,Transportation,Middle East,2024,538.2,0.3,15.2,7.8,42.8,31.6,10.4,86.3,316049.0,52674.8,1053496.6,587.23337049424,97.87216648086213,1957.4444444444443,42.76666666666667,0.07747747747747757
942,Company_942,Transportation,Middle East,2025,564.1,-1.0,443.7,4.8,43.0,30.0,10.6,88.4,335074.1,55845.7,1116913.8,593.9976954440701,98.99964545293386,1979.9925545116114,43.0,0.04812337421033064
943,Company_943,Transportation,Oceania,2015,471.6,8.2,666.6,11.25,46.6,6.5,53.3,79.9,326731.1,54455.2,1089103.5,692.8140373197624,115.4690415606446,2309.3797709923665,46.56666666666666,
943,Company_943,Transportation,Oceania,2016,518.3,7.1,424.8,9.9,46.2,7.8,53.3,77.4,356245.3,59374.2,1187484.4,687.3341693999614,114.5556627435848,2291.1140266255065,46.166666666666664,0.09902459711620004
943,Company_943,Transportation,Oceania,2017,593.3,8.4,923.9,14.5,48.5,9.4,55.8,80.2,403781.8,67297.0,1345939.5,680.5693578290916,113.42828248778022,2268.56480701163,48.46666666666667,0.14470383947520737
943,Company_943,Transportation,Oceania,2018,690.2,12.5,878.1,16.3,50.3,10.7,57.2,83.0,465972.4,77662.1,1553241.5,675.1266299623297,112.52115328890177,2250.422341350333,50.300000000000004,0.16332378223495714
943,Company_943,Transportation,Oceania,2019,769.7,12.1,1325.7,11.5,52.0,12.6,62.2,81.2,513346.3,85557.7,1711154.4,666.9433545537222,111.15720410549564,2223.144601792906,52.0,0.11518400463633727
943,Company_943,Transportation,Oceania,2020,854.5,11.1,1316.0,11.0,51.7,12.6,62.6,79.9,570139.7,95023.3,1900465.8,667.220245757753,111.20339379754243,2224.0676418958456,51.70000000000001,0.11017279459529683
943,Company_943,Transportation,Oceania,2021,947.1,14.4,2022.7,10.8,51.2,15.5,61.5,76.8,620284.5,103380.7,2067614.9,654.9303135888501,109.15499947207263,2183.1009397106955,51.26666666666667,0.10836746635459327
943,Company_943,Transportation,Oceania,2022,1062.0,15.9,2158.2,12.1,51.1,15.6,62.4,75.3,694864.7,115810.8,2316215.8,654.2982109227871,109.0497175141243,2180.9941619585684,51.1,0.12131770668356023
943,Company_943,Transportation,Oceania,2023,1126.5,18.3,3520.6,6.1,51.9,19.9,60.4,75.3,717028.1,119504.7,2390093.8,636.509631602308,106.0849533954727,2121.6988903683973,51.86666666666667,0.06073446327683607
943,Company_943,Transportation,Oceania,2024,1273.1,16.4,2257.0,13.0,52.1,20.5,60.7,75.0,807047.6,134507.9,2690158.7,633.9231796402482,105.65383709056634,2113.077291650303,52.06666666666666,0.1301375943186862
943,Company_943,Transportation,Oceania,2025,1326.1,18.0,2603.7,4.2,54.1,21.4,63.0,78.1,835785.4,139297.6,2785951.4,630.2582007390092,105.04305859286632,2100.86071940276,54.166666666666664,0.041630665305160575
944,Company_944,Finance,Europe,2015,2730.5,15.1,6908.9,0.75,56.7,99.1,19.2,51.7,27650.0,13825.0,69125.0,10.12635048525911,5.063175242629555,25.315876213147774,56.666666666666664,
944,Company_944,Finance,Europe,2016,2902.0,12.8,2971.2,6.3,57.9,100.0,19.8,53.7,29020.5,14510.2,72551.1,10.000172294968987,5.000068917987595,25.000379048931773,57.833333333333336,0.06280900933894884
944,Company_944,Finance,Europe,2017,2891.9,14.7,7634.8,-0.3,56.4,97.3,19.2,52.7,30001.4,15000.7,75003.6,10.374286801065043,5.187143400532522,25.93575158200491,56.4,-0.0034803583735354415
944,Company_944,Finance,Europe,2018,2498.8,14.1,2830.2,-13.6,55.0,95.9,18.0,51.1,26407.9,13204.0,66019.8,10.568232751720826,5.284136385465023,26.420601888906674,55.0,-0.1359313945848749
944,Company_944,Finance,Europe,2019,2545.0,11.8,3225.3,1.8,54.9,99.0,17.7,47.9,25807.2,12903.6,64517.9,10.140353634577604,5.070176817288802,25.350844793713165,54.86666666666667,0.018488874659836618
944,Company_944,Finance,Europe,2020,2650.9,13.2,3536.7,4.2,55.0,98.2,19.1,47.6,27181.3,13590.7,67953.3,10.253611980836697,5.126824851937078,25.634048813610473,54.96666666666667,0.04161100196463652
944,Company_944,Finance,Europe,2021,2326.1,12.2,4258.1,-12.3,56.0,100.0,19.9,48.2,23260.8,11630.4,58152.1,9.999914019173724,4.999957009586862,24.99982803834745,56.03333333333334,-0.1225244256667547
944,Company_944,Finance,Europe,2022,2369.2,14.0,5621.6,1.9,55.7,100.0,20.3,47.0,23692.4,11846.2,59230.9,10.000168833361474,5.000084416680737,25.000379875063317,55.76666666666667,0.018528868062422044
944,Company_944,Finance,Europe,2023,2245.5,15.4,6490.9,-5.2,54.8,98.0,22.3,44.1,23094.3,11547.1,57735.7,10.284702738810955,5.142329102649744,25.711734580271653,54.800000000000004,-0.052211717035286154
944,Company_944,Finance,Europe,2024,2406.1,19.3,4241.4,7.2,55.6,97.5,22.7,46.7,24901.1,12450.6,62252.9,10.349154232991147,5.174597897011762,25.872947924026434,55.63333333333333,0.07152081941661104
944,Company_944,Finance,Europe,2025,2252.2,18.9,6448.7,-6.4,54.5,93.7,23.0,46.7,24511.0,12255.5,61277.4,10.88313648876654,5.44156824438327,27.207796820886248,54.46666666666667,-0.06396242882673209
945,Company_945,Finance,Europe,2015,1557.9,9.4,2040.2,9.3,66.1,55.9,89.7,52.7,25203.5,12601.8,63008.9,16.177867642339045,8.08896591565569,40.44476538930611,66.10000000000001,
945,Company_945,Finance,Europe,2016,1585.7,9.5,1261.0,1.8,67.2,59.4,90.8,51.2,24860.0,12430.0,62150.0,15.67761871728574,7.83880935864287,39.194046793214355,67.13333333333333,0.017844534309005677
945,Company_945,Finance,Europe,2017,1675.0,8.7,1421.8,5.6,66.3,58.3,91.7,48.9,26537.4,13268.7,66343.6,15.843223880597016,7.921611940298508,39.608119402985075,66.3,0.05631582266506907
945,Company_945,Finance,Europe,2018,1827.7,8.6,2872.0,9.1,67.7,61.7,91.7,49.7,28069.3,14034.6,70173.1,15.357717349674454,7.678831318050008,38.394211303824484,67.7,0.09116417910447772
945,Company_945,Finance,Europe,2019,1952.1,9.7,3423.7,6.8,68.6,64.6,93.1,48.2,29206.5,14603.2,73016.2,14.96157983709851,7.480764305107321,37.40392397930434,68.63333333333333,0.06806368660064543
945,Company_945,Finance,Europe,2020,2137.0,12.4,3135.8,9.5,68.8,65.5,92.2,48.6,31693.5,15846.7,79233.7,14.830837622835752,7.415395414131961,37.07707065980346,68.76666666666667,0.09471850827314188
945,Company_945,Finance,Europe,2021,2506.1,11.0,4590.4,17.3,68.9,65.3,95.7,45.8,37238.3,18619.2,93095.8,14.859063884122742,7.429551893380153,37.14767966162564,68.93333333333334,0.1727187646233037
945,Company_945,Finance,Europe,2022,2399.4,10.3,2629.4,-4.3,71.2,67.2,100.0,46.3,35005.8,17502.9,87514.4,14.589397349337334,7.294698674668667,36.47345169625739,71.16666666666667,-0.04257611428115393
945,Company_945,Finance,Europe,2023,2679.6,7.8,4050.4,11.7,70.5,66.1,97.9,47.5,39497.2,19748.6,98743.1,14.73996118823705,7.369980594118525,36.849940289595466,70.5,0.11677919479869958
945,Company_945,Finance,Europe,2024,3134.6,4.8,1764.0,17.0,72.0,68.0,100.0,48.0,45400.0,22700.0,113500.1,14.483506667517387,7.241753333758694,36.208798570790535,72.0,0.16980146290491116
945,Company_945,Finance,Europe,2025,3622.1,4.0,1409.9,15.6,71.2,67.8,99.0,46.8,52546.8,26273.4,131367.0,14.507274785345519,7.2536373926727595,36.268186963363796,71.2,0.15552223569195434
946,Company_946,Healthcare,Oceania,2015,1903.7,6.4,2395.3,6.6,67.5,61.9,71.5,68.9,145896.0,145896.0,291792.0,76.63812575510848,76.63812575510848,153.27625151021695,67.43333333333334,
946,Company_946,Healthcare,Oceania,2016,1818.2,7.8,1491.0,-4.5,68.5,65.1,70.0,70.6,135316.5,135316.5,270632.9,74.42333076669233,74.42333076669233,148.84660653393468,68.56666666666666,-0.04491253874034773
946,Company_946,Healthcare,Oceania,2017,1874.4,8.9,1957.0,3.1,69.6,66.0,72.4,70.3,138305.3,138305.3,276610.5,73.78643832693128,73.78643832693128,147.5728233034571,69.56666666666666,0.030909690903091036
946,Company_946,Healthcare,Oceania,2018,2045.2,10.1,3119.1,9.1,70.5,67.4,70.5,73.6,148966.1,148966.1,297932.1,72.83693526305495,72.83693526305495,145.6738216311363,70.5,0.09112249253094329
946,Company_946,Healthcare,Oceania,2019,2266.7,8.7,2524.4,10.8,71.5,67.7,69.9,76.9,164515.5,164515.5,329030.9,72.5793003044073,72.5793003044073,145.1585564918163,71.50000000000001,0.10830236651672198
946,Company_946,Healthcare,Oceania,2020,2357.4,9.4,4026.5,4.0,72.0,68.4,68.4,79.1,170041.2,170041.2,340082.4,72.1308220921354,72.1308220921354,144.2616441842708,71.96666666666667,0.04001411743944949
946,Company_946,Healthcare,Oceania,2021,2591.4,7.7,2185.3,9.9,73.5,72.5,70.3,77.8,179396.9,179396.9,358793.7,69.22779192714363,69.22779192714363,138.45554526510767,73.53333333333335,0.09926189870195978
946,Company_946,Healthcare,Oceania,2022,2765.4,11.8,5643.8,6.7,73.8,76.4,68.1,76.9,183857.0,183857.0,367713.9,66.48477616258046,66.48477616258046,132.9695161640269,73.8,0.06714517249363272
946,Company_946,Healthcare,Oceania,2023,2944.2,15.5,5559.7,6.5,74.7,76.2,71.2,76.8,196362.7,196362.7,392725.3,66.69475579104682,66.69475579104682,133.38947761700973,74.73333333333333,0.06465610761553475
946,Company_946,Healthcare,Oceania,2024,2758.0,18.3,7284.5,-6.3,74.6,75.0,68.8,80.1,186166.3,186166.3,372332.6,67.50047135605512,67.50047135605512,135.00094271211023,74.63333333333334,-0.06324298621017588
946,Company_946,Healthcare,Oceania,2025,3164.0,17.2,9653.4,14.7,74.3,72.6,67.4,83.0,218867.3,218867.3,437734.6,69.1742414664981,69.1742414664981,138.3484829329962,74.33333333333333,0.14720812182741128
947,Company_947,Retail,Latin America,2015,2821.7,4.0,1294.5,0.1,41.2,59.2,24.4,40.2,221652.7,110826.4,443305.4,78.5528936456746,39.276464542651595,157.1057872913492,41.266666666666666,
947,Company_947,Retail,Latin America,2016,3449.3,3.2,1789.8,22.2,42.3,60.4,24.0,42.4,268070.4,134035.2,536140.8,77.71733395181631,38.85866697590816,155.43466790363263,42.26666666666667,0.22241910904773743
947,Company_947,Retail,Latin America,2017,3698.8,3.7,3212.8,7.2,39.9,60.6,20.8,38.4,286899.5,143449.8,573799.1,77.56556180382826,38.78279441981183,155.13115064345192,39.93333333333334,0.0723335169454673
947,Company_947,Retail,Latin America,2018,3715.8,4.7,3292.2,0.5,39.2,60.1,20.6,36.7,289596.5,144798.2,579193.0,77.936514344152,38.968243716023466,155.873028688304,39.13333333333333,0.004596085216826973
947,Company_947,Retail,Latin America,2019,3705.0,8.7,5334.3,-0.3,40.6,64.8,21.0,35.8,276493.5,138246.8,552987.1,74.62712550607287,37.31357624831309,149.25427800269904,40.53333333333333,-0.0029065073470047054
947,Company_947,Retail,Latin America,2020,3660.2,7.5,4217.9,-1.2,41.2,64.5,23.9,35.3,274010.7,137005.3,548021.3,74.86222064368069,37.43109666138462,149.72441396644993,41.233333333333334,-0.012091767881241666
947,Company_947,Retail,Latin America,2021,3628.6,7.6,5249.1,-0.9,42.7,67.6,25.2,35.3,263643.0,131821.5,527285.9,72.6569475830899,36.32847379154495,145.31386760734168,42.699999999999996,-0.008633408010491173
947,Company_947,Retail,Latin America,2022,4250.4,8.9,6904.0,17.1,41.9,67.5,23.9,34.4,309293.9,154647.0,618587.8,72.76818652362132,36.384105025409376,145.53637304724265,41.93333333333334,0.17136085542633506
947,Company_947,Retail,Latin America,2023,4486.3,10.6,9720.1,5.6,41.5,71.3,20.4,32.7,314344.9,157172.4,628689.7,70.06773956266858,35.03385863629271,140.135456835254,41.46666666666666,0.05550065876152854
947,Company_947,Retail,Latin America,2024,4159.3,10.5,10193.3,-7.3,41.9,70.5,21.7,33.5,293802.1,146901.0,587604.1,70.63739090712379,35.31868343230832,141.2747577717404,41.9,-0.07288857187437314
947,Company_947,Retail,Latin America,2025,3861.6,6.6,4165.7,-7.2,41.8,71.7,21.1,32.6,269494.1,134747.0,538988.2,69.78819660244457,34.89408535322146,139.57639320488914,41.800000000000004,-0.07157454379342687
948,Company_948,Retail,Africa,2015,879.4,3.4,389.8,9.4,27.3,49.6,26.7,5.5,75012.0,37506.0,150024.1,85.29906754605413,42.649533773027066,170.5982488060041,27.266666666666666,
948,Company_948,Retail,Africa,2016,842.6,3.6,471.3,-4.2,26.4,50.8,24.8,3.5,71157.9,35578.9,142315.7,84.4503916449086,42.22513648231664,168.9006646095419,26.366666666666664,-0.041846713668410196
948,Company_948,Retail,Africa,2017,983.2,1.0,119.0,16.7,27.4,50.3,25.1,6.7,83333.4,41666.7,166666.7,84.75732302685108,42.37866151342554,169.51454434499593,27.36666666666667,0.1668644671255637
948,Company_948,Retail,Africa,2018,953.5,-1.6,1580.4,-3.0,28.1,53.0,24.6,6.8,79047.5,39523.8,158095.0,82.9024646040902,41.45128474043,165.8049292081804,28.13333333333333,-0.03020748576078114
948,Company_948,Retail,Africa,2019,1093.6,-3.1,1426.4,14.7,26.5,52.4,23.4,3.6,91084.3,45542.1,182168.6,83.28849670811998,41.64420263350402,166.57699341623996,26.466666666666665,0.14693235448348174
948,Company_948,Retail,Africa,2020,940.0,-2.8,3412.8,-14.0,26.9,50.8,25.8,4.0,79368.8,39684.4,158737.7,84.43489361702127,42.21744680851064,168.8698936170213,26.866666666666664,-0.14045354791514253
948,Company_948,Retail,Africa,2021,1008.4,-2.4,4918.0,7.3,28.0,52.6,30.7,0.7,83842.5,41921.3,167685.1,83.1440896469655,41.57209440698136,166.2882784609282,28.0,0.07276595744680847
948,Company_948,Retail,Africa,2022,1068.7,-0.2,663.4,6.0,27.9,54.3,29.5,0.0,87649.3,43824.6,175298.5,82.01487788902405,41.00739215869748,164.029662206419,27.933333333333334,0.05979769932566459
948,Company_948,Retail,Africa,2023,1194.5,1.8,349.2,11.8,29.8,55.4,31.7,2.3,96999.9,48500.0,193999.8,81.20544160736709,40.602762662201755,162.41088321473418,29.799999999999997,0.11771310938523438
948,Company_948,Retail,Africa,2024,1411.9,2.2,780.6,18.2,29.7,57.1,30.0,2.0,113005.7,56502.8,226011.3,80.03803385508888,40.01898151427155,160.07599688363197,29.7,0.1820008371703643
948,Company_948,Retail,Africa,2025,1573.8,2.7,467.3,11.5,31.4,60.2,29.3,4.7,122547.0,61273.5,245094.1,77.86694624475791,38.933473122378956,155.7339560299911,31.400000000000002,0.11466817763297676
949,Company_949,Transportation,Middle East,2015,1395.6,11.0,2241.5,-0.7500000000000001,35.6,27.7,36.6,42.7,842758.2,140459.7,2809194.1,603.8680137575236,100.64466895958729,2012.8934508455147,35.666666666666664,
949,Company_949,Transportation,Middle East,2016,1489.7,3.7,678.8,6.7,37.1,27.0,37.2,47.2,903894.7,150649.1,3012982.2,606.7629052829428,101.12713969255555,2022.5429281063302,37.13333333333333,0.06742619661794214
949,Company_949,Transportation,Middle East,2017,1457.3,0.3,81.4,-2.2,39.0,24.8,42.5,49.7,897730.1,149621.7,2992433.8,616.0228504769094,102.67048651616004,2053.409593083099,39.0,-0.02174934550580665
949,Company_949,Transportation,Middle East,2018,1467.7,-4.4,1090.3,0.7,40.6,28.4,42.3,51.2,881438.2,146906.4,2938127.4,600.5574708727942,100.09293452340395,2001.8582816651904,40.63333333333333,0.007136485280999194
949,Company_949,Transportation,Middle East,2019,1423.3,-5.1,6816.8,-3.0,40.2,29.3,41.8,49.6,849677.0,141612.8,2832256.7,596.9767441860465,99.49610061125553,1989.9225040399074,40.23333333333333,-0.03025141377665741
949,Company_949,Transportation,Middle East,2020,1528.0,-5.2,4760.1,7.4,41.8,30.6,44.0,50.7,903972.1,150662.0,3013240.5,591.604777486911,98.60078534031413,1972.0160340314137,41.766666666666666,0.07356144171994661
949,Company_949,Transportation,Middle East,2021,1384.4,-6.2,1141.4,-9.4,42.3,29.6,44.6,52.7,824495.0,137415.8,2748316.5,595.5612539728402,99.26018491765385,1985.2040595203698,42.300000000000004,-0.09397905759162295
949,Company_949,Transportation,Middle East,2022,1349.6,-13.2,4044.2,-2.5,42.6,31.0,43.3,53.6,795860.2,132643.4,2652867.4,589.7008002371073,98.2834914048607,1965.6693835210433,42.63333333333333,-0.025137243571222267
949,Company_949,Transportation,Middle East,2023,1512.5,-11.9,4865.0,12.1,43.5,34.0,41.9,54.6,872794.7,145465.8,2909315.7,577.0543471074379,96.17573553719008,1923.5145123966943,43.5,0.12070243034973327
949,Company_949,Transportation,Middle East,2024,1394.9,-7.8,1094.5,-7.8,43.0,34.5,39.5,55.0,802257.6,133709.6,2674192.1,575.1362821707648,95.85604702846082,1917.1210122589432,43.0,-0.0777520661157024
949,Company_949,Transportation,Middle East,2025,1438.0,-10.0,4417.7,3.1,43.3,35.4,40.9,53.6,821720.8,136953.5,2739069.3,571.4331015299027,95.23887343532684,1904.7769819193322,43.300000000000004,0.030898272277582572
950,Company_950,Technology,Africa,2015,9158.1,24.0,73689.2,0.49999999999999994,32.0,62.3,27.0,6.8,349766.4,209859.8,699532.8,38.19202673043535,22.915211670543016,76.3840534608707,32.03333333333333,
950,Company_950,Technology,Africa,2016,9331.4,25.3,41423.3,1.9,31.5,62.4,26.3,5.7,355991.1,213594.6,711982.1,38.14980603124933,22.889877188846263,76.2996013459931,31.46666666666667,0.01892313907906651
950,Company_950,Technology,Africa,2017,8953.7,24.4,66136.1,-4.0,31.0,60.5,25.2,7.2,347613.6,208568.2,695227.2,38.82345845851435,23.29407954253549,77.6469169170287,30.96666666666667,-0.04047624150716922
950,Company_950,Technology,Africa,2018,9370.5,28.6,87520.0,4.7,32.3,59.4,30.7,6.8,367575.1,220545.0,735150.1,39.2268395496505,23.536097326716824,78.45366842751187,32.3,0.04655058802506229
950,Company_950,Technology,Africa,2019,9286.5,27.4,65006.4,-0.9,32.2,61.1,31.1,4.4,358441.9,215065.2,716883.9,38.59816938566737,23.158908092392185,77.19634953965434,32.2,-0.008964302865375418
950,Company_950,Technology,Africa,2020,9034.0,24.2,67924.0,-2.7,32.0,63.9,28.3,3.7,339922.0,203953.2,679843.9,37.62696479964578,22.57617887978747,75.25391852999779,31.96666666666667,-0.027190006999407768
950,Company_950,Technology,Africa,2021,8446.2,29.0,79474.4,-6.5,32.7,64.1,28.0,5.9,317261.2,190356.7,634522.3,37.56259619710639,22.53755535033506,75.12518055456891,32.666666666666664,-0.06506530883329631
950,Company_950,Technology,Africa,2022,10248.9,29.3,66139.7,21.3,34.5,67.3,29.2,6.9,373580.7,224148.4,747161.5,36.45080935515031,21.87048366166125,72.90162846744529,34.46666666666667,0.21343325992754125
950,Company_950,Technology,Africa,2023,10821.5,28.1,81406.6,5.6,34.6,67.2,28.6,8.1,394944.1,236966.5,789888.2,36.49624358915123,21.897749849835975,72.99248717830245,34.63333333333333,0.055869410375747774
950,Company_950,Technology,Africa,2024,11164.2,27.2,58444.3,3.2,36.2,69.1,29.8,9.6,399735.5,239841.3,799471.0,35.80511814550079,21.483070887300475,71.61023629100158,36.166666666666664,0.0316684378320935
950,Company_950,Technology,Africa,2025,10192.6,28.0,77210.6,-8.7,38.1,72.4,33.9,8.1,353420.8,212052.5,706841.6,34.67425387045503,20.804554284480897,69.34850774091007,38.13333333333333,-0.08702817935902263
951,Company_951,Transportation,Asia,2015,411.0,1.8,145.5,-0.8,64.6,23.9,81.6,88.4,254724.4,42454.1,849081.5,619.767396593674,103.29464720194647,2065.891727493917,64.63333333333334,
951,Company_951,Transportation,Asia,2016,400.8,0.7,36.4,-2.5,65.5,24.3,81.8,90.4,247594.8,41265.8,825316.0,617.751497005988,102.95858283433134,2059.1716566866266,65.5,-0.02481751824817513
951,Company_951,Transportation,Asia,2017,378.0,4.6,293.0,-5.7,65.3,24.1,83.2,88.6,233852.6,38975.4,779508.6,618.6576719576719,103.10952380952381,2062.1920634920634,65.3,-0.05688622754491024
951,Company_951,Transportation,Asia,2018,430.4,4.3,349.9,13.9,65.0,25.4,80.3,89.2,264030.3,44005.0,880100.9,613.4532992565056,102.24210037174721,2044.8440985130112,64.96666666666665,0.13862433862433865
951,Company_951,Transportation,Asia,2019,410.3,2.8,151.7,-4.7,67.5,32.3,79.3,90.9,239741.2,39956.9,799137.4,584.3070923714356,97.38459663660736,1947.6904703875214,67.5,-0.04670074349442377
951,Company_951,Transportation,Asia,2020,420.0,-3.4,1852.9,2.3,68.0,31.8,79.5,92.7,246366.3,41061.1,821221.1,586.5864285714285,97.76452380952381,1955.2883333333332,68.0,0.02364123811844987
951,Company_951,Transportation,Asia,2021,373.8,-3.7,538.3,-11.0,69.1,32.1,82.6,92.7,218694.7,36449.1,728982.3,585.058052434457,97.50963081861957,1950.19341894061,69.13333333333333,-0.10999999999999999
951,Company_951,Transportation,Asia,2022,370.8,-1.5,895.6,-0.8,69.0,31.4,80.8,94.8,218089.0,36348.2,726963.3,588.1580366774541,98.02642934196331,1960.5266990291263,69.0,-0.008025682182985605
951,Company_951,Transportation,Asia,2023,367.9,-0.6,1394.2,-0.8,69.5,30.0,82.0,96.4,218482.4,36413.7,728274.8,593.8635498776841,98.97716770861648,1979.545528676271,69.46666666666667,-0.007820927723840465
951,Company_951,Transportation,Asia,2024,401.8,-4.0,1177.5,9.2,69.6,31.1,81.7,96.1,236799.9,39466.7,789333.1,589.3476854156296,98.22473867595818,1964.4925335988053,69.63333333333334,0.09214460451209572
951,Company_951,Transportation,Asia,2025,434.5,-7.0,1546.0,8.1,70.5,32.5,81.1,98.0,253473.7,42245.6,844912.3,583.3686996547756,97.22807825086306,1944.562255466053,70.53333333333333,0.08138377302140376
952,Company_952,Energy,Africa,2015,9850.2,4.6,6471.1,-3.3,27.4,24.7,31.4,26.0,10116671.0,3035001.3,101166710.4,1027.0523441148403,308.11570323445204,10270.523481756716,27.366666666666664,
952,Company_952,Energy,Africa,2016,10536.1,-5.0,28537.2,7.0,27.7,23.4,32.7,27.0,10918436.2,3275530.9,109184361.7,1036.2882091096326,310.8864665293609,10362.882062622792,27.7,0.06963310389636757
952,Company_952,Energy,Africa,2017,10107.5,-13.0,10772.7,-4.1,27.6,21.6,29.8,31.3,10597495.5,3179248.6,105974954.9,1048.4784071234233,314.5435171902053,10484.78406134059,27.566666666666666,-0.040679188694108914
952,Company_952,Energy,Africa,2018,9428.2,-7.1,46532.8,-6.7,29.9,22.5,33.3,34.0,9828322.8,2948496.8,98283227.5,1042.438938503638,312.73167730849997,10424.389332003988,29.933333333333334,-0.06720751916893386
952,Company_952,Energy,Africa,2019,9140.7,-3.7,15545.1,-3.0,32.0,25.9,36.5,33.7,9314494.2,2794348.2,93144941.6,1019.0132265581409,305.70396140339363,10190.132221821084,32.03333333333333,-0.030493625506459288
952,Company_952,Energy,Africa,2020,9091.7,-3.1,40257.7,-0.5,31.0,23.4,35.8,33.7,9419125.3,2825737.6,94191252.5,1036.0136498124664,310.80409604364417,10360.136443129448,30.96666666666667,-0.00536063977594714
952,Company_952,Energy,Africa,2021,7922.4,-3.8,35776.4,-12.9,29.2,22.2,35.1,30.4,8275770.4,2482731.1,82757704.3,1044.6039583964457,313.38118499444613,10446.039621831767,29.23333333333333,-0.12861181077246286
952,Company_952,Energy,Africa,2022,6525.7,-10.6,24483.7,-17.6,28.2,18.0,35.9,30.8,7008537.3,2102561.2,70085373.4,1073.990116002881,322.19703633326696,10739.901221324917,28.233333333333334,-0.17629758658992223
952,Company_952,Energy,Africa,2023,6323.2,-10.3,15729.7,-3.1,29.6,21.5,38.3,29.0,6634119.2,1990235.8,66341192.1,1049.1711791497976,314.75136007085024,10491.711807312753,29.599999999999998,-0.03103115374595833
952,Company_952,Energy,Africa,2024,6102.1,-5.0,20643.4,-3.5,30.0,25.1,37.0,28.1,6252184.0,1875655.2,62521839.7,1024.5954671342652,307.3786401402796,10245.95462217925,30.066666666666666,-0.03496647267206465
952,Company_952,Energy,Africa,2025,6877.7,-11.8,23798.1,12.7,32.1,27.6,36.3,32.4,6924780.2,2077434.1,69247802.1,1006.8453407389098,302.0536080375707,10068.453421928842,32.1,0.12710378394323252
953,Company_953,Technology,Latin America,2015,2028.5,19.9,8650.7,11.75,34.7,59.0,23.1,22.0,79800.4,47880.2,159600.8,39.33961054966724,23.603746610796154,78.67922109933448,34.699999999999996,
953,Company_953,Technology,Latin America,2016,2458.8,17.2,11095.7,21.2,35.8,59.3,24.8,23.5,96536.6,57922.0,193073.2,39.26167236050106,23.55701968439889,78.52334472100212,35.86666666666667,0.21212718757702742
953,Company_953,Technology,Latin America,2017,2763.5,15.5,9884.0,12.4,35.3,58.2,23.9,23.6,109492.2,65695.3,218984.4,39.620843133707254,23.772498643025152,79.24168626741451,35.23333333333333,0.12392223849032047
953,Company_953,Technology,Latin America,2018,2769.6,13.7,12258.7,0.2,36.3,60.9,24.9,23.1,107128.1,64276.9,214256.2,38.67998989023686,23.208008376660892,77.35997978047372,36.300000000000004,0.0022073457571918365
953,Company_953,Technology,Latin America,2019,3035.6,13.4,7232.8,9.6,38.2,62.2,26.8,25.5,116000.7,69600.4,232001.3,38.21343391751219,22.928053762023982,76.42683489260772,38.166666666666664,0.0960427498555747
953,Company_953,Technology,Latin America,2020,3371.9,11.6,9404.9,11.1,37.6,61.3,26.7,24.6,129922.0,77953.2,259844.1,38.53079865950947,23.118479195705685,77.06162697588897,37.53333333333333,0.11078534721307154
953,Company_953,Technology,Latin America,2021,3949.8,14.2,11978.4,17.1,34.5,62.1,23.6,17.7,151117.8,90670.7,302235.6,38.25960808142184,22.955769912400626,76.51921616284368,34.46666666666667,0.17138705181055203
953,Company_953,Technology,Latin America,2022,3958.1,14.7,17066.3,0.2,34.8,61.6,22.1,20.8,152145.4,91287.3,304290.9,38.43899850938582,23.063414264419798,76.87802228341882,34.833333333333336,0.002101372221378295
953,Company_953,Technology,Latin America,2023,4621.8,13.8,19129.7,16.8,37.4,63.0,24.7,24.6,175350.8,105210.5,350701.5,37.93993682115193,22.76396642000952,75.87985200571205,37.43333333333334,0.16768146332836475
953,Company_953,Technology,Latin America,2024,5096.7,14.4,21009.0,10.3,37.4,60.2,27.7,24.2,198438.5,119063.1,396877.0,38.934702846940176,23.360821708164107,77.86940569388035,37.36666666666667,0.1027521744774762
953,Company_953,Technology,Latin America,2025,6218.1,19.2,30086.8,22.0,38.3,64.9,25.7,24.4,231853.7,139112.2,463707.4,37.286904359852684,22.372139399495023,74.57380871970537,38.333333333333336,0.2200247218788629
954,Company_954,Utilities,Latin America,2015,882.2,6.7,707.5,1.5,47.4,30.8,58.5,52.9,694729.0,434205.6,6947289.7,787.4960326456585,492.1849920652913,7874.959986397642,47.4,
954,Company_954,Utilities,Latin America,2016,850.4,6.9,646.9,-3.6,45.9,29.7,55.6,52.3,674735.1,421709.4,6747350.8,793.432619943556,495.89534336782697,7934.325964252117,45.86666666666667,-0.036046248016322946
954,Company_954,Utilities,Latin America,2017,842.0,8.8,736.8,-1.0,45.0,29.0,53.9,52.0,671726.1,419828.8,6717261.1,797.7744655581947,498.609026128266,7977.744774346793,44.96666666666667,-0.009877704609595472
954,Company_954,Utilities,Latin America,2018,922.6,9.4,1243.6,9.6,46.4,29.4,56.3,53.5,733901.9,458688.7,7339018.8,795.4713852156948,497.16962930847603,7954.713635378278,46.4,0.0957244655581948
954,Company_954,Utilities,Latin America,2019,971.2,10.8,1176.6,5.3,46.8,30.1,57.6,52.7,768823.1,480514.4,7688231.0,791.6218080724876,494.7635914332784,7916.218080724876,46.800000000000004,0.05267721656189028
954,Company_954,Utilities,Latin America,2020,1035.2,12.3,1664.2,6.6,48.8,32.0,57.5,56.9,808212.3,505132.7,8082122.7,780.7305834621329,487.9566267387944,7807.305544822257,48.800000000000004,0.0658978583196046
954,Company_954,Utilities,Latin America,2021,1025.1,13.3,1950.5,-1.0,48.3,33.2,57.1,54.6,793445.6,495903.5,7934456.3,774.0177543654278,483.7610964783924,7740.177836308653,48.300000000000004,-0.009756568778980013
954,Company_954,Utilities,Latin America,2022,1095.3,12.2,1451.6,6.8,49.8,35.4,57.2,56.8,834254.8,521409.2,8342547.6,761.6678535561034,476.0423628229709,7616.678170364284,49.79999999999999,0.06848112379280069
954,Company_954,Utilities,Latin America,2023,1138.9,10.4,1357.1,4.0,50.6,34.6,60.2,57.0,872447.6,545279.7,8724475.9,766.0440776187548,478.77750460971106,7660.440688383527,50.6,0.039806445722633255
954,Company_954,Utilities,Latin America,2024,1124.2,11.4,1661.4,-1.3,51.8,36.8,64.0,54.6,847900.7,529938.0,8479007.3,754.2258494929727,471.3912115281978,7542.258761786159,51.800000000000004,-0.01290719114935468
954,Company_954,Utilities,Latin America,2025,1102.1,10.4,1120.3,-2.0,53.5,39.8,64.2,56.5,812349.4,507718.4,8123493.8,737.0922783776427,460.68269666999373,7370.922602304691,53.5,-0.019658423768012967
955,Company_955,Transportation,Asia,2015,479.2,5.6,308.6,11.8,60.1,48.5,70.8,61.0,247310.7,41218.5,824369.1,516.0907762938231,86.01523372287146,1720.302796327212,60.1,
955,Company_955,Transportation,Asia,2016,566.4,4.2,214.5,18.2,59.7,49.6,68.6,60.9,289751.6,48291.9,965838.8,511.5670903954802,85.26112288135594,1705.2238700564974,59.699999999999996,0.18196994991652748
955,Company_955,Transportation,Asia,2017,639.5,2.7,287.9,12.9,59.1,48.9,65.9,62.4,329171.3,54861.9,1097237.8,514.7322908522283,85.78874120406567,1715.7745113369822,59.06666666666667,0.12906073446327682
955,Company_955,Transportation,Asia,2018,731.8,3.2,320.8,14.4,60.4,47.8,69.0,64.3,379939.5,63323.2,1266464.9,519.1848865810331,86.53074610549331,1730.6161519540858,60.36666666666667,0.14433150899139946
955,Company_955,Transportation,Asia,2019,810.4,-1.8,3155.9,10.7,61.0,51.2,66.8,65.0,409399.4,68233.2,1364664.7,505.18188548864765,84.19693978282329,1683.9396594274433,61.0,0.10740639518994266
955,Company_955,Transportation,Asia,2020,921.2,-5.2,4439.4,13.7,61.8,51.3,68.6,65.6,464937.7,77489.6,1549792.4,504.7087494572297,84.11810681719497,1682.3625705601387,61.833333333333336,0.13672260612043452
955,Company_955,Transportation,Asia,2021,972.8,-10.9,2566.7,5.6,63.7,56.2,65.7,69.1,470936.3,78489.4,1569787.6,484.1039268092105,80.68400493421052,1613.6796875000002,63.666666666666664,0.05601389491966979
955,Company_955,Transportation,Asia,2022,1013.2,-12.7,797.8,4.2,64.6,58.5,64.7,70.6,480704.9,80117.5,1602349.8,474.44226213975526,79.0737268061587,1581.4743387287801,64.60000000000001,0.041529605263157965
955,Company_955,Transportation,Asia,2023,1028.7,-14.5,4597.1,1.5,65.7,63.1,65.1,69.0,468027.7,78004.6,1560092.2,454.97005929814327,75.82832701467872,1516.5667347137162,65.73333333333333,0.015298065534938843
955,Company_955,Transportation,Asia,2024,1212.4,-13.1,1384.7,17.9,64.8,59.4,69.2,65.9,570256.5,95042.8,1900855.1,470.3534312108215,78.3922797756516,1567.8448531837678,64.83333333333333,0.17857490035967727
955,Company_955,Transportation,Asia,2025,1216.6,-14.8,4161.8,0.3,66.6,63.2,69.7,67.0,553172.6,92195.4,1843908.5,454.68732533289494,75.78119349005425,1515.6242807825088,66.63333333333334,0.0034642032332561357
956,Company_956,Finance,Oceania,2015,3285.6,11.9,4904.8,6.1,61.5,96.0,47.0,41.5,34689.6,17344.8,86724.1,10.558071585098611,5.279035792549306,26.39520939858778,61.5,
956,Company_956,Finance,Oceania,2016,3383.7,10.7,5815.7,3.0,60.7,96.1,44.4,41.7,35675.2,17837.6,89188.0,10.543251470284009,5.271625735142004,26.358128675710024,60.73333333333333,0.0298575602629656
956,Company_956,Finance,Oceania,2017,3651.9,14.2,4590.3,7.9,61.4,97.3,45.1,41.8,37912.5,18956.2,94781.1,10.381582190092828,5.190777403543361,25.953914400722912,61.4,0.07926234595265536
956,Company_956,Finance,Oceania,2018,3925.5,15.7,5213.1,7.5,61.6,100.0,44.8,39.9,39254.8,19627.4,98136.9,9.999949051076296,4.999974525538148,24.999847153228888,61.56666666666667,0.07491990470713872
956,Company_956,Finance,Oceania,2019,4315.0,13.3,11283.8,9.9,61.5,100.0,46.6,37.8,43149.7,21574.8,107874.2,9.999930475086906,4.999953650057937,24.999814600231748,61.46666666666666,0.09922302891351431
956,Company_956,Finance,Oceania,2020,4345.7,12.9,9253.3,0.7,62.4,100.0,48.1,39.2,43457.5,21728.7,108643.6,10.000115056262512,5.000046022505005,25.00025312377753,62.43333333333334,0.007114716106604746
956,Company_956,Finance,Oceania,2021,4618.5,12.4,5247.4,6.3,62.8,100.0,50.2,38.2,46185.1,23092.5,115462.7,10.000021652051531,5.0,25.000043304103063,62.79999999999999,0.06277469682674841
956,Company_956,Finance,Oceania,2022,5021.4,14.0,8875.4,8.7,62.9,98.3,48.0,42.2,51387.0,25693.5,128467.4,10.233600191181743,5.116800095590872,25.58398056318955,62.833333333333336,0.08723611562195499
956,Company_956,Finance,Oceania,2023,5316.4,14.4,13936.3,5.9,61.3,98.2,45.1,40.8,54514.5,27257.2,136286.2,10.254025280264841,5.127003235271989,25.635053795801674,61.366666666666674,0.05874855617955155
956,Company_956,Finance,Oceania,2024,5537.3,14.8,14709.9,4.2,61.8,100.0,46.6,38.9,55373.3,27686.7,138433.3,10.000054178029004,5.000036118686002,25.000144474744005,61.833333333333336,0.04155067338800711
956,Company_956,Finance,Oceania,2025,5813.1,16.2,15794.5,5.0,60.0,97.1,45.7,37.1,60488.9,30244.5,151222.3,10.405618344773012,5.202817773649171,26.014054463195194,59.96666666666667,0.049807667997038285
957,Company_957,Technology,Latin America,2015,565.8,19.8,3273.5,14.299999999999999,48.4,80.7,39.0,25.4,17968.8,10781.3,35937.7,31.758218451749737,19.05496641922941,63.51661364439731,48.36666666666667,
957,Company_957,Technology,Latin America,2016,623.5,20.2,2284.8,10.2,48.1,80.9,39.0,24.5,19758.2,11854.9,39516.3,31.689174017642344,19.013472333600642,63.37818765036087,48.13333333333333,0.10197949805585016
957,Company_957,Technology,Latin America,2017,769.5,16.0,3230.5,23.4,48.5,80.0,40.6,24.8,24614.7,14768.8,49229.5,31.987914230019495,19.19272254710851,63.9759584145549,48.46666666666667,0.23416198877305527
957,Company_957,Technology,Latin America,2018,794.2,18.0,4739.7,3.2,48.7,81.0,41.2,23.8,25137.9,15082.7,50275.7,31.651850919163937,18.991060186351046,63.303575925459576,48.666666666666664,0.032098765432098775
957,Company_957,Technology,Latin America,2019,854.4,14.1,3313.3,7.6,49.5,79.6,42.3,26.5,27456.0,16473.6,54911.9,32.13483146067416,19.280898876404493,64.26954588014982,49.46666666666666,0.07579954671367406
957,Company_957,Technology,Latin America,2020,941.3,15.0,3173.7,10.2,51.7,81.5,45.1,28.5,29629.4,17777.7,59258.9,31.477106129820463,18.88632741952619,62.95431849569744,51.699999999999996,0.10170880149812733
957,Company_957,Technology,Latin America,2021,1204.9,17.0,5326.1,28.0,51.6,82.4,45.5,26.9,37530.2,22518.1,75060.5,31.147979085401275,18.68877085235289,62.296041165241924,51.6,0.28003824498034646
957,Company_957,Technology,Latin America,2022,1453.0,21.5,8872.3,20.6,50.1,78.8,47.2,24.4,47121.1,28272.6,94242.1,32.43021335168616,19.458086717136958,64.86035788024776,50.13333333333333,0.20590920408332636
957,Company_957,Technology,Latin America,2023,1786.5,22.3,10357.7,23.0,49.8,80.2,43.9,25.4,57052.8,34231.7,114105.5,31.93551637279597,19.161321018751746,63.870976770221105,49.833333333333336,0.22952512044046802
957,Company_957,Technology,Latin America,2024,1927.6,22.4,9006.3,7.9,51.5,82.9,46.1,25.5,59739.1,35843.4,119478.1,30.991440132807636,18.594832952894794,61.982828387632296,51.5,0.07898124825076969
957,Company_957,Technology,Latin America,2025,2282.9,23.7,14248.2,18.4,51.9,81.9,46.1,27.6,71548.9,42929.3,143097.8,31.34123264269131,18.80472206404135,62.68246528538262,51.86666666666667,0.18432247354222886
958,Company_958,Healthcare,Africa,2015,1074.6,21.6,4104.2,5.3,43.0,34.7,38.9,55.3,102840.8,102840.8,205681.7,95.70147031453565,95.70147031453565,191.4030336869533,42.96666666666666,
958,Company_958,Healthcare,Africa,2016,1259.2,20.7,5721.4,17.2,43.5,34.7,38.5,57.3,120482.8,120482.8,240965.7,95.68202033036849,95.68202033036849,191.3641200762389,43.5,0.17178485017681022
958,Company_958,Healthcare,Africa,2017,1338.3,19.6,5208.5,6.3,43.8,38.2,38.6,54.5,124828.3,124828.3,249656.7,93.27378016887096,93.27378016887096,186.54763505940375,43.76666666666667,0.06281766200762373
958,Company_958,Healthcare,Africa,2018,1629.4,21.0,5471.1,21.7,45.0,39.4,39.5,56.2,150628.8,150628.8,301257.6,92.44433533816128,92.44433533816128,184.88867067632256,45.03333333333334,0.21751475752820748
958,Company_958,Healthcare,Africa,2019,1509.7,23.4,5431.8,-7.3,44.6,38.2,38.7,56.9,140772.0,140772.0,281544.1,93.24501556600649,93.24501556600649,186.49009737033845,44.6,-0.07346262427887573
958,Company_958,Healthcare,Africa,2020,1774.6,24.4,7386.6,17.5,45.3,36.4,43.6,56.1,167788.0,167788.0,335576.0,94.54975769187423,94.54975769187423,189.09951538374847,45.36666666666667,0.1754653242366031
958,Company_958,Healthcare,Africa,2021,1955.1,26.0,9728.7,10.2,45.8,36.7,43.4,57.4,184399.3,184399.3,368798.6,94.31706818065572,94.31706818065572,188.63413636131145,45.833333333333336,0.10171306209850117
958,Company_958,Healthcare,Africa,2022,1968.9,27.2,11333.8,0.7,46.1,36.8,42.0,59.6,185515.6,185515.6,371031.2,94.22296713901163,94.22296713901163,188.44593427802326,46.13333333333333,0.007058462482737449
958,Company_958,Healthcare,Africa,2023,2054.0,24.9,8545.0,4.3,47.7,39.8,43.5,59.7,189285.3,189285.3,378570.7,92.15447906523855,92.15447906523855,184.30900681596884,47.666666666666664,0.04322210371273294
958,Company_958,Healthcare,Africa,2024,2127.1,25.2,7567.2,3.6,50.1,42.8,46.0,61.5,191498.3,191498.3,382996.6,90.02787833200131,90.02787833200131,180.05575666400262,50.1,0.03558909444985381
958,Company_958,Healthcare,Africa,2025,2012.2,24.0,7602.7,-5.4,52.6,44.2,49.0,64.6,179156.9,179156.9,358313.7,89.03533445979524,89.03533445979524,178.07061922274127,52.6,-0.05401720652531605
959,Company_959,Manufacturing,Middle East,2015,1527.7,21.4,4352.7,-1.75,44.5,40.7,38.2,54.4,419361.4,559148.5,6989356.2,274.50507298553384,366.00674216141914,4575.0842442888,44.43333333333334,
959,Company_959,Manufacturing,Middle East,2016,1499.8,24.1,3047.2,-1.8,45.3,42.0,38.5,55.3,407566.2,543421.5,6792769.2,271.74703293772507,362.3293105747433,4529.116682224297,45.26666666666667,-0.018262747921712452
959,Company_959,Manufacturing,Middle East,2017,1342.5,20.5,5735.3,-10.5,45.3,42.0,37.8,56.3,364940.4,486587.2,6082339.7,271.8364245810056,362.44856610800747,4530.606852886406,45.36666666666667,-0.10488065075343378
959,Company_959,Manufacturing,Middle East,2018,1320.3,20.7,5680.1,-1.7,45.6,41.1,37.7,58.0,361468.6,481958.1,6024476.2,273.7776262970537,365.0368098159509,4562.960084829206,45.6,-0.016536312849162016
959,Company_959,Manufacturing,Middle East,2019,1300.4,20.4,4774.1,-1.5,47.2,45.0,36.5,60.0,345298.9,460398.5,5754981.6,265.532836050446,354.04375576745616,4425.547216241156,47.166666666666664,-0.015072332045747094
959,Company_959,Manufacturing,Middle East,2020,1093.1,21.3,4873.7,-15.9,48.1,43.0,38.4,62.8,294900.0,393200.1,4915000.7,269.7831854359162,359.71100539749335,4496.3870643125065,48.06666666666666,-0.15941248846508782
959,Company_959,Manufacturing,Middle East,2021,1116.9,25.5,3128.9,2.2,48.1,44.1,40.3,59.9,298551.9,398069.2,4975865.3,267.3040558689229,356.40540782523055,4455.067866415972,48.1,0.021772939346812015
959,Company_959,Manufacturing,Middle East,2022,1142.0,24.2,2534.1,2.3,48.1,45.7,38.5,60.2,301491.3,401988.5,5024855.8,264.00288966725043,352.0039404553415,4400.048861646234,48.13333333333333,0.02247291610708202
959,Company_959,Manufacturing,Middle East,2023,1025.6,22.9,2900.3,-10.2,48.9,47.5,37.3,61.8,266869.9,355826.5,4447831.4,260.20856084243377,346.9447152886116,4336.809087363496,48.86666666666667,-0.10192644483362534
959,Company_959,Manufacturing,Middle East,2024,1259.8,22.3,4311.5,22.8,48.3,45.4,37.1,62.6,333523.7,444698.3,5558728.8,264.7433719638038,352.99118907763136,4412.389903159232,48.36666666666667,0.22835413416536676
959,Company_959,Manufacturing,Middle East,2025,1116.5,18.3,2063.0,-11.4,48.3,44.8,36.0,64.2,296897.5,395863.4,4948292.3,265.9180474697716,354.5574563367667,4431.9680250783695,48.333333333333336,-0.11374821400222257
960,Company_960,Energy,Asia,2015,10565.3,17.1,33266.5,5.35,46.6,12.0,68.0,59.8,11789876.8,3536963.1,117898768.4,1115.9055398332277,334.77166762893626,11159.055436192064,46.6,
960,Company_960,Energy,Asia,2016,11193.7,18.3,24262.9,5.9,43.5,9.5,65.9,55.2,12687642.4,3806292.7,126876423.9,1133.46278710346,340.0388343443187,11334.627862101002,43.53333333333334,0.05947772424824671
960,Company_960,Energy,Asia,2017,11017.0,26.2,32494.7,-1.6,43.6,8.3,66.1,56.4,12583163.7,3774949.1,125831636.7,1142.1588181900697,342.6476445493329,11421.588154670055,43.599999999999994,-0.01578566515093316
960,Company_960,Energy,Asia,2018,11545.3,18.5,25501.9,4.8,44.5,12.2,64.1,57.2,12866846.1,3860053.8,128668461.3,1114.4661550587684,334.33984391917056,11144.661576572285,44.5,0.047953163293092516
960,Company_960,Energy,Asia,2019,12893.1,23.2,37572.4,11.7,45.2,14.6,62.1,58.8,14152308.9,4245692.7,141523088.5,1097.6653326197734,329.299602112758,10976.6532874173,45.166666666666664,0.11674014534052835
960,Company_960,Energy,Asia,2020,13157.1,18.9,21878.1,2.0,46.9,17.0,64.5,59.3,14222297.9,4266689.4,142222979.2,1080.959930379795,324.2879813940762,10809.599318998866,46.93333333333334,0.020476068594829755
960,Company_960,Energy,Asia,2021,14081.6,20.8,27678.1,7.0,46.6,14.4,64.7,60.7,15476972.5,4643091.8,154769725.1,1099.091900068174,329.7275735711851,10990.919007783206,46.6,0.07026624408114257
960,Company_960,Energy,Asia,2022,12077.7,15.8,15944.7,-14.2,47.2,15.5,64.2,61.8,13178781.5,3953634.4,131787814.6,1091.1664886526407,327.34994245593117,10911.66485340752,47.166666666666664,-0.14230627201454382
960,Company_960,Energy,Asia,2023,12465.6,12.0,29794.0,3.2,46.8,13.8,65.0,61.5,13753687.7,4126106.3,137536876.6,1103.3313839686816,330.9994143883969,11033.31380759851,46.76666666666667,0.032117042152065345
960,Company_960,Energy,Asia,2024,13699.3,9.1,23586.5,9.9,47.9,15.2,67.9,60.6,14982123.0,4494636.9,149821230.2,1093.6414999306535,328.0924499791961,10936.41501390582,47.900000000000006,0.0989683609292773
960,Company_960,Energy,Asia,2025,14943.0,18.1,26336.5,9.1,47.5,13.2,68.2,61.2,16550190.3,4965057.1,165501902.5,1107.554727966272,332.26641905909116,11075.547246202235,47.53333333333334,0.09078566058119764
961,Company_961,Transportation,Europe,2015,163.2,3.8,88.9,-2.0,49.3,11.6,67.9,68.5,109565.4,18260.9,365217.9,671.3566176470588,111.89276960784315,2237.854779411765,49.333333333333336,
961,Company_961,Transportation,Europe,2016,159.9,-1.3,677.0,-2.0,49.8,12.5,66.2,70.7,106746.0,17791.0,355820.0,667.5797373358349,111.26328955597248,2225.2657911194497,49.800000000000004,-0.020220588235294046
961,Company_961,Transportation,Europe,2017,179.6,-1.8,229.7,12.3,49.1,9.8,66.4,71.2,121951.4,20325.2,406504.8,679.0167037861916,113.16926503340758,2263.389755011136,49.13333333333333,0.12320200125078173
961,Company_961,Transportation,Europe,2018,189.8,-2.5,548.4,5.7,47.8,9.9,63.7,69.6,128779.0,21463.2,429263.4,678.4984193888303,113.08324552160168,2261.6617492096943,47.73333333333333,0.056792873051225046
961,Company_961,Transportation,Europe,2019,172.6,-4.4,504.0,-9.1,49.5,13.2,66.5,68.8,114710.6,19118.4,382368.6,664.6037079953651,110.76709154113558,2215.3453070683663,49.5,-0.09062170706006334
961,Company_961,Transportation,Europe,2020,169.2,-9.2,129.2,-2.0,49.6,12.7,67.1,69.1,112811.2,18801.9,376037.4,666.7328605200946,111.12234042553193,2222.443262411348,49.633333333333326,-0.01969872537659334
961,Company_961,Transportation,Europe,2021,154.8,-6.7,167.8,-8.5,48.3,13.2,63.2,68.7,102882.8,17147.1,342942.6,664.6175710594315,110.76937984496122,2215.3914728682166,48.366666666666674,-0.0851063829787233
961,Company_961,Transportation,Europe,2022,152.9,-2.5,518.9,-1.2,50.3,16.7,64.6,69.4,99347.3,16557.9,331157.5,649.753433616743,108.29234793982997,2165.843688685415,50.23333333333333,-0.012273901808785515
961,Company_961,Transportation,Europe,2023,139.3,0.4,9.7,-8.9,49.6,16.4,64.9,67.5,90707.1,15117.9,302357.1,651.1636755204594,108.52763819095476,2170.5463029432876,49.6,-0.08894702419882272
961,Company_961,Transportation,Europe,2024,153.7,-0.1,108.0,10.3,51.3,18.5,66.7,68.8,98701.3,16450.2,329004.4,642.1685100845804,107.02797657774887,2140.5621340273265,51.333333333333336,0.10337401292175152
961,Company_961,Transportation,Europe,2025,140.6,3.1,59.8,-8.5,53.1,20.5,68.1,70.6,89143.3,14857.2,297144.5,634.020625889047,105.66998577524895,2113.4032716927454,53.06666666666666,-0.08523096942094988
962,Company_962,Finance,Middle East,2015,1819.6,18.7,5610.7,3.6,48.1,76.6,34.0,33.6,24145.8,12072.9,60364.4,13.269839525170367,6.6349197625851835,33.174543855792486,48.06666666666666,
962,Company_962,Finance,Middle East,2016,2137.5,16.4,6529.0,17.5,48.4,78.2,31.6,35.3,27889.8,13944.9,69724.5,13.047859649122806,6.523929824561403,32.61964912280702,48.366666666666674,0.17470872719278963
962,Company_962,Finance,Middle East,2017,2212.7,15.5,5878.5,3.5,48.9,81.2,30.9,34.5,27958.2,13979.1,69895.6,12.635332399331135,6.317666199665568,31.58837619198265,48.86666666666667,0.035181286549707425
962,Company_962,Finance,Middle East,2018,2400.1,15.1,6251.3,8.5,50.8,82.7,30.5,39.3,29822.4,14911.2,74556.1,12.425482271572019,6.212741135786009,31.063747343860676,50.833333333333336,0.08469290911556016
962,Company_962,Finance,Middle East,2019,2352.8,15.3,4935.3,-2.0,50.5,83.2,29.3,39.1,29077.7,14538.9,72694.3,12.35876402584155,6.179403264195851,30.896931315878952,50.53333333333333,-0.01970751218699207
962,Company_962,Finance,Middle East,2020,2387.2,14.1,5280.5,1.5,51.1,85.5,31.0,36.9,28718.3,14359.1,71795.7,12.030118967828418,6.015038538873995,30.07527647453083,51.13333333333333,0.014620877252635056
962,Company_962,Finance,Middle East,2021,2440.2,14.7,6512.9,2.2,51.3,86.1,32.9,35.0,29166.5,14583.3,72916.3,11.952503893123515,5.976272436685518,29.88128022293255,51.333333333333336,0.022201742627345755
962,Company_962,Finance,Middle East,2022,2530.1,13.4,3380.7,3.7,50.9,87.4,31.0,34.2,29757.5,14878.7,74393.7,11.761392830322913,5.880676653096716,29.40346231374254,50.866666666666674,0.03684124252110488
962,Company_962,Finance,Middle East,2023,2694.9,17.0,4477.1,6.5,51.7,90.0,32.6,32.5,30725.6,15362.8,76814.0,11.401387806597647,5.7006939032988235,28.503469516494118,51.699999999999996,0.06513576538476751
962,Company_962,Finance,Middle East,2024,2685.2,15.0,5417.1,-0.4,50.4,88.1,30.6,32.5,31333.7,15666.8,78334.2,11.66903768806793,5.834500223447043,29.1725755995829,50.4,-0.0035993914430962892
962,Company_962,Finance,Middle East,2025,2918.7,16.0,8881.7,8.7,53.0,93.1,31.7,34.1,31988.0,15994.0,79970.0,10.959673827388906,5.479836913694453,27.39918456847227,52.96666666666667,0.08695814092060172
963,Company_963,Transportation,Africa,2015,2235.1,4.6,1031.0,7.75,32.9,16.2,32.7,49.7,1456932.3,242822.0,4856441.0,651.8421099727082,108.64032929175428,2172.807033242361,32.86666666666667,
963,Company_963,Transportation,Africa,2016,2748.6,8.4,2820.2,23.0,31.7,16.6,29.6,48.9,1787146.4,297857.7,5957154.5,650.2024303281671,108.36705959397513,2167.3413737902933,31.7,0.22974363563151545
963,Company_963,Transportation,Africa,2017,3062.0,8.2,3382.9,11.4,33.5,20.3,30.8,49.3,1943397.7,323899.6,6477992.4,634.6824624428479,105.78040496407576,2115.6082299150885,33.46666666666667,0.11402168376628108
963,Company_963,Transportation,Africa,2018,3202.1,8.1,3131.8,4.6,34.2,21.5,31.4,49.8,2016464.9,336077.5,6721549.6,629.7320196121295,104.9553418069392,2099.106711220761,34.23333333333333,0.04575440888308302
963,Company_963,Transportation,Africa,2019,3456.0,10.9,6328.8,7.9,33.6,20.5,34.1,46.3,2190257.3,365042.9,7300857.7,633.755005787037,105.62583912037037,2112.516695601852,33.63333333333333,0.07929171481215458
963,Company_963,Transportation,Africa,2020,3568.4,12.1,3553.0,3.3,37.2,25.6,35.6,50.5,2185838.9,364306.5,7286129.7,612.5543380786906,102.09239435040915,2041.8478029368905,37.233333333333334,0.03252314814814827
963,Company_963,Transportation,Africa,2021,4258.0,16.1,5852.4,19.3,36.2,24.3,35.7,48.7,2631407.1,438567.9,8771357.1,617.9913339596055,102.99856740253641,2059.971136683889,36.233333333333334,0.19325187759219808
963,Company_963,Transportation,Africa,2022,4619.9,17.4,9861.6,8.5,37.2,27.7,35.9,48.0,2789350.8,464891.8,9297835.9,603.7686530011472,100.62810883352454,2012.5621550250007,37.199999999999996,0.08499295443870358
963,Company_963,Transportation,Africa,2023,4971.5,12.9,12028.0,7.6,36.6,26.0,35.6,48.1,3036990.9,506165.2,10123303.1,610.8801971236045,101.8133762445942,2036.267343860002,36.56666666666667,0.07610554341003062
963,Company_963,Transportation,Africa,2024,5160.3,12.6,11652.0,3.8,37.6,25.3,41.0,46.5,3166546.3,527757.7,10555154.5,613.6360870492025,102.2726779450807,2045.4536557952056,37.6,0.03797646585537562
963,Company_963,Transportation,Africa,2025,4739.7,11.1,4665.8,-8.1,39.5,27.4,43.7,47.3,2867953.7,477992.3,9559845.7,605.091820157394,100.84864020929595,2016.9727408907736,39.46666666666666,-0.08150688913435267
964,Company_964,Technology,Middle East,2015,6131.8,20.8,21061.6,2.7,53.7,87.8,54.0,19.3,179565.5,107739.3,359131.1,29.284304771845136,17.57058286310708,58.5686258521152,53.70000000000001,
964,Company_964,Technology,Middle East,2016,6056.8,24.6,48249.5,-1.2,52.4,88.3,49.0,19.8,176241.3,105744.8,352482.6,29.098088099326375,17.45885616166953,58.19617619865275,52.366666666666674,-0.01223131869923999
964,Company_964,Technology,Middle East,2017,5840.0,26.5,45378.6,-3.6,52.3,87.7,49.5,19.6,171044.3,102626.6,342088.6,29.288407534246574,17.57304794520548,58.57681506849315,52.26666666666666,-0.03579447893276977
964,Company_964,Technology,Middle East,2018,6129.1,25.1,50831.8,4.9,53.3,88.0,51.1,20.8,178997.1,107398.3,357994.2,29.204467213783428,17.52268685451371,58.408934427566855,53.300000000000004,0.04950342465753432
964,Company_964,Technology,Middle East,2019,6199.7,19.5,37714.2,1.2,53.8,91.7,50.0,19.8,172978.4,103787.0,345956.7,27.901091988322015,16.740648741068117,55.8021678468313,53.833333333333336,0.011518820055146595
964,Company_964,Technology,Middle East,2020,5796.3,21.3,29072.9,-6.5,53.7,89.9,50.0,21.3,165456.8,99274.1,330913.7,28.545244380035538,17.127150078498353,57.090506012456224,53.73333333333334,-0.06506766456441437
964,Company_964,Technology,Middle East,2021,6618.5,21.1,25930.3,14.2,54.3,88.5,51.3,23.2,192083.6,115250.1,384167.2,29.022225579814158,17.41332628239027,58.044451159628316,54.333333333333336,0.14184911063954586
964,Company_964,Technology,Middle East,2022,7095.7,16.4,32475.3,7.2,53.0,86.5,52.0,20.6,210826.9,126496.2,421653.9,29.711924123060445,17.827162929661625,59.42386233916316,53.03333333333333,0.07210092921356792
964,Company_964,Technology,Middle East,2023,7673.7,16.4,28288.7,8.1,52.4,85.0,51.8,20.4,232111.9,139267.2,464223.9,30.247716225549606,18.148637554243717,60.495445482622465,52.400000000000006,0.0814577842918951
964,Company_964,Technology,Middle East,2024,7934.7,14.6,31022.7,3.4,53.1,86.3,52.6,20.3,236497.1,141898.3,472994.2,29.805424275649994,17.883259606538367,59.61084855129999,53.06666666666667,0.03401227569490595
964,Company_964,Technology,Middle East,2025,8091.3,12.1,17710.2,2.0,52.7,88.0,52.0,18.1,236149.0,141689.4,472297.9,29.185544968052106,17.511326980831264,58.37107757715077,52.699999999999996,0.019736095882642024
965,Company_965,Healthcare,Middle East,2015,1221.6,21.3,5725.5,7.85,44.4,90.3,7.9,34.8,69339.2,69339.2,138678.5,56.76096922069417,56.76096922069417,113.52202030124428,44.333333333333336,
965,Company_965,Healthcare,Middle East,2016,1506.6,20.6,7125.8,23.3,47.1,92.0,13.1,36.1,83769.6,83769.6,167539.1,55.60175228992434,55.60175228992434,111.20343820523033,47.06666666666666,0.23330058939096276
965,Company_965,Healthcare,Middle East,2017,1625.1,21.9,7120.9,7.9,47.1,94.5,13.7,33.2,87487.6,87487.6,174975.1,53.83521014091441,53.83521014091441,107.67035874715403,47.13333333333333,0.07865392273994432
965,Company_965,Healthcare,Middle East,2018,1752.5,24.0,7369.2,7.8,47.1,95.5,14.5,31.4,93206.5,93206.5,186413.0,53.1848787446505,53.1848787446505,106.369757489301,47.13333333333333,0.07839517568149668
965,Company_965,Healthcare,Middle East,2019,2117.8,21.0,6068.8,20.8,46.4,96.8,10.9,31.4,110592.9,110592.9,221185.9,52.22065350835772,52.22065350835772,104.44135423552743,46.36666666666667,0.2084450784593439
965,Company_965,Healthcare,Middle East,2020,2243.7,18.9,7034.9,5.9,48.1,99.4,14.4,30.5,113187.8,113187.8,226375.7,50.4469403217899,50.4469403217899,100.89392521281813,48.1,0.05944848427613536
965,Company_965,Healthcare,Middle East,2021,2048.6,17.9,8138.7,-8.7,49.8,99.0,17.6,32.9,103931.0,103931.0,207862.1,50.73269549936542,50.73269549936542,101.46543981255492,49.833333333333336,-0.08695458394616029
965,Company_965,Healthcare,Middle East,2022,2192.9,20.1,9132.8,7.0,50.0,100.0,18.4,31.5,109643.1,109643.1,219286.3,49.999133567422135,49.999133567422135,99.99831273655889,49.96666666666667,0.07043834814019334
965,Company_965,Healthcare,Middle East,2023,2297.0,19.5,9408.6,4.8,50.1,98.8,16.7,34.8,116732.5,116732.5,233465.1,50.819547235524595,50.819547235524595,101.63913800609491,50.1,0.0474713849240731
965,Company_965,Healthcare,Middle East,2024,2702.6,26.1,16033.8,17.7,51.8,97.4,19.4,38.6,140009.5,140009.5,280019.0,51.80548360837712,51.80548360837712,103.61096721675425,51.800000000000004,0.17657814540705274
965,Company_965,Healthcare,Middle East,2025,2952.4,22.7,14201.1,9.2,53.7,99.7,22.9,38.3,148261.6,148261.6,296523.2,50.217314727001764,50.217314727001764,100.43462945400353,53.633333333333326,0.09242951232146823
966,Company_966,Manufacturing,Oceania,2015,825.7,9.1,1372.9,-5.1,72.2,80.8,82.8,53.0,157127.3,209503.1,2618788.9,190.29587017076418,253.72786726413952,3171.598522465786,72.2,
966,Company_966,Manufacturing,Oceania,2016,771.4,12.5,1416.1,-6.6,75.0,82.9,84.1,57.8,143424.5,191232.7,2390408.9,185.9275343531242,247.9034223489759,3098.792973813845,74.93333333333334,-0.06576238343223939
966,Company_966,Manufacturing,Oceania,2017,778.8,10.2,1424.1,1.0,77.1,85.9,83.2,62.3,139917.8,186557.1,2331963.6,179.6581920903955,239.54429892141758,2994.303543913714,77.13333333333334,0.009592947886958747
966,Company_966,Manufacturing,Oceania,2018,776.5,10.2,1723.2,-0.3,78.7,85.1,86.7,64.4,140827.1,187769.4,2347117.6,181.36136509980685,241.81506761107534,3022.6884739214424,78.73333333333333,-0.0029532614278376945
966,Company_966,Manufacturing,Oceania,2019,827.9,7.5,1313.3,6.6,78.2,86.3,86.1,62.2,147966.0,197288.0,2466100.4,178.72448363328905,238.29931151105205,2978.7418770382897,78.19999999999999,0.06619446233097226
966,Company_966,Manufacturing,Oceania,2020,772.7,6.4,411.4,-6.7,79.4,87.6,87.1,63.4,136070.0,181426.7,2267833.5,176.09680341659117,234.79578102756568,2934.94693930374,79.36666666666666,-0.06667471916898171
966,Company_966,Manufacturing,Oceania,2021,736.0,7.4,770.0,-4.7,80.6,88.6,87.8,65.4,128051.8,170735.8,2134197.4,173.98342391304348,231.97798913043476,2899.7247282608696,80.6,-0.04749579396919901
966,Company_966,Manufacturing,Oceania,2022,695.8,6.5,766.8,-5.5,80.9,88.9,88.6,65.1,120538.6,160718.2,2008977.1,173.23742454728372,230.98332854268472,2887.2910319057205,80.86666666666666,-0.05461956521739142
966,Company_966,Manufacturing,Oceania,2023,642.3,6.0,707.8,-7.7,81.7,91.7,88.1,65.5,107539.3,143385.7,1792320.9,167.4284602210805,223.2378950646116,2790.4731433909387,81.76666666666667,-0.07688991089393504
966,Company_966,Manufacturing,Oceania,2024,696.6,4.4,531.5,8.5,81.7,94.5,87.1,63.7,112594.1,150125.4,1876567.9,161.63379270743613,215.51162790697674,2693.8959230548376,81.76666666666667,0.08453993460999554
966,Company_966,Manufacturing,Oceania,2025,625.1,4.9,508.4,-10.3,82.7,94.0,90.6,63.4,101587.9,135450.6,1693132.0,162.5146376579747,216.68629019356902,2708.5778275475923,82.66666666666667,-0.1026414010910135
967,Company_967,Technology,Europe,2015,10317.1,20.4,47584.6,11.15,86.7,89.1,82.2,88.7,297141.4,178284.9,594282.9,28.80086458404009,17.280524566011767,57.601738860726364,86.66666666666667,
967,Company_967,Technology,Europe,2016,10954.7,17.0,46061.0,6.2,88.1,91.0,82.3,91.1,308402.3,185041.4,616804.7,28.152509881603326,16.89150775466238,56.305028891708574,88.13333333333333,0.061800312103207355
967,Company_967,Technology,Europe,2017,11765.7,16.0,57520.5,7.4,89.3,92.3,83.6,91.9,325811.7,195487.0,651623.4,27.691654555190087,16.614991033257688,55.383309110380175,89.26666666666665,0.07403215058376778
967,Company_967,Technology,Europe,2018,14162.6,15.0,72943.5,20.4,88.5,93.4,83.5,88.6,386902.2,232141.3,773804.4,27.318585570446103,16.39114993009758,54.63717114089221,88.5,0.2037192857203567
967,Company_967,Technology,Europe,2019,15758.1,12.8,41875.6,11.3,89.5,96.1,85.1,87.4,415370.0,249222.0,830740.1,26.359142282381757,15.815485369429055,52.71829091070624,89.53333333333335,0.11265586827277474
967,Company_967,Technology,Europe,2020,17493.8,8.2,34996.9,11.0,90.4,95.1,87.2,88.9,467369.8,280421.9,934739.6,26.71631092158365,16.029787696212374,53.4326218431673,90.40000000000002,0.11014652781743983
967,Company_967,Technology,Europe,2021,19966.0,6.1,30666.8,14.1,91.7,95.4,88.6,91.0,531166.4,318699.8,1062332.7,26.603546028248022,15.962125613543023,53.20708704798157,91.66666666666667,0.1413186386033909
967,Company_967,Technology,Europe,2022,21869.3,2.8,16646.8,9.5,92.6,97.4,89.6,90.8,566673.1,340003.9,1133346.3,25.911807876795326,15.547086555125222,51.82362032621072,92.60000000000001,0.09532705599519176
967,Company_967,Technology,Europe,2023,25077.0,4.7,29795.3,14.7,94.0,97.3,91.0,93.8,650665.9,390399.6,1301331.9,25.946720102085578,15.568034453882042,51.89344419188898,94.03333333333335,0.146675933843333
967,Company_967,Technology,Europe,2024,27148.6,7.5,70625.0,8.3,94.7,99.6,89.3,95.0,682063.9,409238.3,1364127.8,25.12335442711595,15.074011182897094,50.2467088542319,94.63333333333333,0.08260956254735419
967,Company_967,Technology,Europe,2025,31905.9,8.8,70101.1,17.5,94.1,97.2,91.0,94.1,829427.9,497656.7,1658855.7,25.996066558222772,15.597638681247041,51.99212998222899,94.09999999999998,0.1752318719933994
968,Company_968,Healthcare,North America,2015,2019.5,7.5,3101.9,5.25,59.3,37.4,90.9,49.5,189499.1,189499.1,378998.2,93.83466204506067,93.83466204506067,187.66932409012134,59.26666666666667,
968,Company_968,Healthcare,North America,2016,2236.4,5.9,2949.2,10.7,60.4,40.2,91.5,49.5,205370.8,205370.8,410741.5,91.83097835807547,91.83097835807547,183.66191200143086,60.4,0.10740282248081212
968,Company_968,Healthcare,North America,2017,2157.8,5.6,3003.6,-3.5,58.4,40.2,87.2,47.8,198194.5,198194.5,396389.1,91.85026415793864,91.85026415793864,183.70057465937526,58.4,-0.03514576998747987
968,Company_968,Healthcare,North America,2018,2216.1,5.9,1989.6,2.7,59.5,38.4,93.5,46.4,206347.5,206347.5,412695.0,93.11290104237173,93.11290104237173,186.22580208474346,59.43333333333334,0.027018259338214667
968,Company_968,Healthcare,North America,2019,2376.7,10.1,3492.1,7.2,59.7,36.9,95.0,47.1,223757.2,223757.2,447514.4,94.14616905793748,94.14616905793748,188.29233811587497,59.666666666666664,0.07246965389648485
968,Company_968,Healthcare,North America,2020,2513.3,10.9,3458.4,5.8,61.2,37.4,98.4,47.9,235825.5,235825.5,471651.0,93.83101897903154,93.83101897903154,187.66203795806308,61.23333333333334,0.057474649724407856
968,Company_968,Healthcare,North America,2021,2722.2,9.1,3679.2,8.3,61.1,36.3,100.0,46.9,257478.4,257478.4,514956.8,94.5846741606054,94.5846741606054,189.1693483212108,61.06666666666667,0.08311781323359702
968,Company_968,Healthcare,North America,2022,2643.4,7.7,3857.0,-2.9,63.2,36.5,100.0,53.3,249695.6,249695.6,499391.2,94.46001361882423,94.46001361882423,188.92002723764847,63.26666666666667,-0.028947175078980147
968,Company_968,Healthcare,North America,2023,2767.8,8.8,5167.4,4.7,63.2,35.5,100.0,54.1,263354.8,263354.8,526709.5,95.14950502203915,95.14950502203915,190.29897391430015,63.199999999999996,0.04706060376787469
968,Company_968,Healthcare,North America,2024,3107.8,3.5,2674.0,12.3,63.6,39.1,98.9,52.8,287912.1,287912.1,575824.3,92.64177231482076,92.64177231482076,185.28357680674432,63.6,0.12284124575475097
968,Company_968,Healthcare,North America,2025,3253.1,2.6,1311.8,4.7,62.5,34.3,100.0,53.1,312361.2,312361.2,624722.5,96.01955058252129,96.01955058252129,192.0391319049522,62.46666666666667,0.046753330330137066
969,Company_969,Technology,Africa,2015,5278.2,20.7,35911.0,2.85,41.0,97.6,12.0,13.5,136432.2,81859.3,272864.4,25.848243719449815,15.508942442499338,51.69648743889963,41.03333333333333,
969,Company_969,Technology,Africa,2016,5281.2,20.0,30013.3,0.1,41.2,95.1,14.6,14.0,141065.7,84639.4,282131.4,26.710917973187914,16.026546996894645,53.42183594637583,41.23333333333333,0.0005683755825849346
969,Company_969,Technology,Africa,2017,5371.2,19.6,30777.5,1.7,40.6,93.0,12.7,16.1,147445.9,88467.5,294891.8,27.45120271075365,16.47071417932678,54.9024054215073,40.6,0.017041581458759447
969,Company_969,Technology,Africa,2018,4879.8,22.6,26607.9,-9.1,42.5,95.7,16.8,14.9,129328.0,77596.8,258655.9,26.502725521537766,15.90163531292266,53.00543055043239,42.46666666666667,-0.09148793565683644
969,Company_969,Technology,Africa,2019,5530.9,23.2,42788.4,13.3,42.0,95.4,15.7,14.7,147135.2,88281.1,294270.5,26.602397439838004,15.96143484785478,53.20481295991611,41.93333333333334,0.1334275994917824
969,Company_969,Technology,Africa,2020,5869.8,20.4,25886.1,6.1,42.9,98.9,13.5,16.4,148999.2,89399.5,297998.4,25.38403352754779,15.230416709257556,50.76806705509558,42.93333333333334,0.061273933717839846
969,Company_969,Technology,Africa,2021,6243.7,23.9,29450.5,6.4,42.1,96.5,13.3,16.7,163802.8,98281.7,327605.5,26.234892771914087,15.740938866377308,52.46976952768391,42.166666666666664,0.06369893352414047
969,Company_969,Technology,Africa,2022,6680.0,17.3,28754.0,7.0,42.4,95.2,12.6,19.3,178139.3,106883.6,356278.5,26.66755988023952,16.00053892215569,53.33510479041916,42.36666666666667,0.0698784374649648
969,Company_969,Technology,Africa,2023,6712.9,17.1,31372.6,0.5,43.7,97.1,12.0,22.1,174734.8,104840.9,349469.7,26.029704002740992,15.617825380982884,52.05942290217343,43.73333333333333,0.004925149700598652
969,Company_969,Technology,Africa,2024,6456.6,15.0,30711.6,-3.8,44.4,99.3,13.6,20.5,163021.5,97812.9,326043.1,25.248815165876774,15.149289099526065,50.497645819781305,44.46666666666666,-0.03818022017309941
969,Company_969,Technology,Africa,2025,6717.9,14.1,23595.8,4.0,44.1,97.4,14.5,20.3,174160.6,104496.3,348321.1,25.924857470340434,15.554905550841783,51.84970005507674,44.06666666666667,0.04047021652262783
970,Company_970,Healthcare,Europe,2015,1209.1,25.1,6736.4,19.2,65.8,79.6,40.3,77.4,77686.0,77686.0,155372.0,64.25109585642214,64.25109585642214,128.50219171284428,65.76666666666667,
970,Company_970,Healthcare,Europe,2016,1526.8,19.4,5025.0,26.3,67.1,82.7,40.5,78.2,94789.5,94789.5,189579.0,62.08376997642127,62.08376997642127,124.16753995284255,67.13333333333334,0.2627574228765197
970,Company_970,Healthcare,Europe,2017,1843.2,21.3,9017.0,20.7,67.6,83.7,41.5,77.6,113178.6,113178.6,226357.3,61.4033203125,61.4033203125,122.80669487847221,67.60000000000001,0.20723080953628514
970,Company_970,Healthcare,Europe,2018,1964.6,16.6,4841.3,6.6,66.8,86.5,39.6,74.3,116737.8,116737.8,233475.6,59.42064542400489,59.42064542400489,118.84129084800978,66.8,0.06586371527777768
970,Company_970,Healthcare,Europe,2019,2313.1,12.5,6251.5,17.7,67.7,84.7,43.0,75.5,140459.0,140459.0,280918.0,60.723271799749256,60.723271799749256,121.44654359949851,67.73333333333333,0.17738979945026978
970,Company_970,Healthcare,Europe,2020,2697.4,13.7,5088.2,16.6,67.8,85.7,43.1,74.5,161858.7,161858.7,323717.3,60.00544969229629,60.00544969229629,120.01086231185586,67.76666666666667,0.16614067701353163
970,Company_970,Healthcare,Europe,2021,3342.4,11.5,8052.5,23.9,67.5,86.4,43.3,72.9,199050.5,199050.5,398101.0,59.55316539013882,59.55316539013882,119.10633078027764,67.53333333333333,0.23911915177578402
970,Company_970,Healthcare,Europe,2022,4064.2,8.0,4459.9,21.6,68.8,89.0,43.5,73.9,234457.8,234457.8,468915.6,57.68854879189016,57.68854879189016,115.37709758378033,68.8,0.21595260890378154
970,Company_970,Healthcare,Europe,2023,4721.5,9.9,11630.3,16.2,70.5,90.4,44.4,76.8,267824.5,267824.5,535648.9,56.724451975007945,56.724451975007945,113.44888277030606,70.53333333333335,0.16172924560799173
970,Company_970,Healthcare,Europe,2024,5770.8,12.5,17373.3,22.2,71.9,92.2,46.4,77.1,320125.2,320125.2,640250.3,55.47327926803909,55.47327926803909,110.94654120745824,71.89999999999999,0.22223869532987406
970,Company_970,Healthcare,Europe,2025,6722.7,15.5,14070.1,16.5,72.5,92.1,48.1,77.4,373213.8,373213.8,746427.7,55.515462537373374,55.515462537373374,111.03093994972258,72.53333333333333,0.1649511332917446
971,Company_971,Healthcare,Africa,2015,1044.1,12.9,1863.4,6.9,45.2,86.6,28.7,20.2,61983.3,61983.3,123966.5,59.36529068096927,59.36529068096927,118.73048558567189,45.166666666666664,
971,Company_971,Healthcare,Africa,2016,1169.9,12.5,1761.3,12.1,47.0,89.6,31.2,20.1,66976.9,66976.9,133953.8,57.25010684673903,57.25010684673903,114.50021369347806,46.96666666666667,0.12048654343453702
971,Company_971,Healthcare,Africa,2017,1485.0,12.4,2759.3,26.9,49.1,91.9,34.5,20.7,82681.9,82681.9,165363.9,55.678047138047134,55.678047138047134,111.35616161616161,49.03333333333333,0.26933925976579176
971,Company_971,Healthcare,Africa,2018,1560.1,9.7,2805.0,5.1,49.6,92.2,37.3,19.2,86474.3,86474.3,172948.6,55.428690468559715,55.428690468559715,110.85738093711943,49.56666666666666,0.05057239057239049
971,Company_971,Healthcare,Africa,2019,1705.0,9.5,3285.0,9.3,50.2,93.0,38.5,19.1,93625.3,93625.3,187250.6,54.91219941348974,54.91219941348974,109.82439882697948,50.199999999999996,0.09287866162425495
971,Company_971,Healthcare,Africa,2020,1807.9,10.7,2239.8,6.0,52.0,96.7,38.2,21.2,94622.2,94622.2,189244.4,52.33818242159411,52.33818242159411,104.67636484318822,52.03333333333333,0.06035190615835773
971,Company_971,Healthcare,Africa,2021,1807.2,14.2,4120.8,-0.0,53.9,96.2,40.8,24.6,95195.7,95195.7,190391.5,52.675796812749,52.675796812749,105.35164895971668,53.86666666666667,-0.0003871895569445005
971,Company_971,Healthcare,Africa,2022,1836.6,14.2,6441.1,1.6,54.0,96.0,41.2,24.7,96937.6,96937.6,193875.3,52.78100838505935,52.78100838505935,105.56207121855603,53.96666666666666,0.01626826029216466
971,Company_971,Healthcare,Africa,2023,1976.6,18.3,8794.3,7.6,54.8,97.1,40.7,26.6,102823.1,102823.1,205646.2,52.020186178285954,52.020186178285954,104.04037235657191,54.800000000000004,0.0762278122617881
971,Company_971,Healthcare,Africa,2024,2181.6,12.9,5700.4,10.4,56.0,99.5,42.2,26.4,109875.5,109875.5,219751.0,50.36464063072974,50.36464063072974,100.72928126145948,56.03333333333333,0.1037134473338055
971,Company_971,Healthcare,Africa,2025,2317.6,11.9,3568.5,6.2,55.5,98.9,42.8,24.9,117701.3,117701.3,235402.6,50.785856057991026,50.785856057991026,101.57171211598205,55.53333333333333,0.0623395672900624
972,Company_972,Finance,Africa,2015,1580.6,21.0,4869.3,0.7000000000000001,55.3,99.6,61.9,4.4,15893.4,7946.7,39733.4,10.055295457421233,5.027647728710616,25.138175376439328,55.300000000000004,
972,Company_972,Finance,Africa,2016,1606.1,21.1,4572.7,1.6,54.6,95.6,65.3,2.8,17047.9,8523.9,42619.6,10.614469833758797,5.307203785567524,26.536081190461367,54.56666666666666,0.016133114007339078
972,Company_972,Finance,Africa,2017,1642.4,18.2,5281.5,2.3,53.7,98.8,61.9,0.4,16694.2,8347.1,41735.6,10.164515343399902,5.082257671699951,25.411349245007305,53.699999999999996,0.02260133242014839
972,Company_972,Finance,Africa,2018,1580.8,20.3,5859.9,-3.8,53.9,100.0,60.6,1.2,15807.8,7903.9,39519.6,9.999873481781377,4.999936740890688,24.999746963562753,53.93333333333333,-0.03750608865075511
972,Company_972,Finance,Africa,2019,1577.0,22.1,6235.2,-0.2,53.5,99.1,60.4,0.9,15963.3,7981.6,39908.2,10.122574508560557,5.061255548509829,25.30640456563094,53.46666666666667,-0.0024038461538461453
972,Company_972,Finance,Africa,2020,1525.3,23.1,2903.4,-3.3,56.0,100.0,66.6,1.4,15253.2,7626.6,38132.9,10.000131121746543,5.000065560873272,25.000262243493086,56.0,-0.03278376664552951
972,Company_972,Finance,Africa,2021,1373.2,23.4,2783.9,-10.0,57.2,100.0,68.6,3.1,13731.9,6865.9,34329.7,9.999927177395863,4.999927177395863,24.999781532187587,57.23333333333333,-0.09971808824493533
972,Company_972,Finance,Africa,2022,1480.0,22.3,5825.7,7.8,57.6,100.0,69.1,3.8,14800.3,7400.2,37000.8,10.000202702702703,5.000135135135135,25.00054054054054,57.63333333333333,0.07777454121759386
972,Company_972,Finance,Africa,2023,1607.1,23.5,4307.3,8.6,56.9,100.0,67.0,3.7,16071.3,8035.7,40178.3,10.000186671644578,5.000124447763052,25.000497791052208,56.9,0.0858783783783783
972,Company_972,Finance,Africa,2024,1536.3,24.1,7045.8,-4.4,58.5,100.0,69.8,5.7,15363.0,7681.5,38407.6,10.0,5.0,25.000065091453493,58.5,-0.044054508120216496
972,Company_972,Finance,Africa,2025,1596.4,22.6,2979.6,3.9,59.1,100.0,70.2,7.1,15963.9,7981.9,39909.7,9.99993735905788,4.9999373590578795,24.999812077173637,59.099999999999994,0.03911996354878622
973,Company_973,Transportation,Latin America,2015,337.6,4.6,140.4,6.3,32.8,12.3,53.9,32.2,225671.1,37611.9,752237.1,668.4570497630332,111.40965639810426,2228.190462085308,32.800000000000004,
973,Company_973,Transportation,Latin America,2016,366.5,6.9,243.8,8.5,33.1,10.6,56.3,32.3,247596.1,41266.0,825320.4,675.5691678035471,112.59481582537516,2251.897407912688,33.06666666666666,0.0856042654028435
973,Company_973,Transportation,Latin America,2017,396.2,2.9,103.1,8.1,32.5,11.1,53.9,32.3,266789.6,44464.9,889298.8,673.3710247349823,112.2284199899041,2244.570418980313,32.43333333333333,0.08103683492496594
973,Company_973,Transportation,Latin America,2018,438.2,5.1,218.0,10.6,33.7,16.2,52.2,32.7,285612.4,47602.1,952041.5,651.7854860794158,108.63099041533546,2172.618667275217,33.7,0.10600706713780927
973,Company_973,Transportation,Latin America,2019,437.2,4.4,201.7,-0.2,34.5,20.1,49.7,33.7,277968.8,46328.1,926562.8,635.7932296431838,105.96546203110704,2119.3110704483074,34.50000000000001,-0.0022820629849383822
973,Company_973,Transportation,Latin America,2020,421.3,5.6,270.1,-3.6,35.6,22.6,48.3,36.0,263361.5,43893.6,877871.6,625.1163066698315,104.18609067173035,2083.7208639924042,35.63333333333333,-0.0363677950594693
973,Company_973,Transportation,Latin America,2021,437.5,5.8,214.6,3.8,36.2,24.4,47.4,36.7,270096.8,45016.1,900322.6,617.3641142857142,102.89394285714286,2057.8802285714287,36.166666666666664,0.038452409209589256
973,Company_973,Transportation,Latin America,2022,468.5,9.7,586.8,7.1,35.5,21.8,46.0,38.6,294495.1,49082.5,981650.4,628.5914621131269,104.76520811099253,2095.305016008538,35.46666666666667,0.07085714285714295
973,Company_973,Transportation,Latin America,2023,494.2,5.4,428.2,5.5,35.3,22.0,45.0,38.9,310240.0,51706.7,1034133.3,627.7620396600566,104.62707405908539,2092.5400647511133,35.300000000000004,0.054855923159018216
973,Company_973,Transportation,Latin America,2024,444.5,5.2,421.1,-10.1,34.5,23.8,42.2,37.5,275557.5,45926.3,918525.1,619.9268841394826,103.3212598425197,2066.423172103487,34.5,-0.10056657223796028
973,Company_973,Transportation,Latin America,2025,476.9,3.9,212.1,7.3,35.0,22.9,45.6,36.6,297437.1,49572.8,991457.0,623.6886139651918,103.94799748374922,2078.9620465506396,35.03333333333333,0.07289088863892013
974,Company_974,Energy,Europe,2015,7847.7,11.6,12936.0,10.8,47.7,7.0,45.1,90.9,9033404.5,2710021.4,90334045.5,1151.089427475566,345.32683461396334,11510.894338468595,47.666666666666664,
974,Company_974,Energy,Europe,2016,8337.7,21.0,21430.3,6.2,47.4,7.1,42.9,92.1,9590016.6,2877005.0,95900166.1,1150.1992875733115,345.0597886707365,11501.99288772683,47.36666666666667,0.06243867630006261
974,Company_974,Energy,Europe,2017,8827.9,23.6,37963.1,5.9,48.5,7.4,47.0,91.1,10136444.3,3040933.3,101364443.1,1148.2282649327701,344.46848061260323,11482.282660655423,48.5,0.058793192367199376
974,Company_974,Energy,Europe,2018,9639.4,29.2,33306.3,9.2,49.1,7.2,51.2,89.0,11080573.7,3324172.1,110805737.0,1149.5086519907877,344.8525945598274,11495.086519907878,49.13333333333333,0.09192446674747101
974,Company_974,Energy,Europe,2019,11477.2,22.2,41947.2,19.1,49.4,9.4,50.7,87.9,13015910.6,3904773.2,130159105.8,1134.0667235911196,340.2200188199212,11340.667218485343,49.333333333333336,0.1906550200219932
974,Company_974,Energy,Europe,2020,11558.6,16.9,19957.4,0.7,48.3,10.8,45.3,88.8,12994423.5,3898327.0,129944234.5,1124.2212292146107,337.2663644385998,11242.212248888274,48.29999999999999,0.007092322169170107
974,Company_974,Energy,Europe,2021,11707.5,18.5,40725.6,1.3,50.5,16.2,46.1,89.1,12717466.7,3815240.0,127174667.0,1086.266641042067,325.8799914584668,10862.66641042067,50.46666666666666,0.012882182963334543
974,Company_974,Energy,Europe,2022,13201.1,12.9,16791.4,12.8,49.9,14.0,48.8,87.1,14551508.7,4365452.6,145515087.2,1102.295164796873,330.6885486815492,11022.951663118982,49.96666666666666,0.12757633995302164
974,Company_974,Energy,Europe,2023,14930.1,21.5,61674.6,13.1,49.0,14.6,48.2,84.2,16393245.1,4917973.5,163932451.4,1097.9996851996973,329.39990355054556,10979.996878788488,49.0,0.1309739339903493
974,Company_974,Energy,Europe,2024,17423.2,28.8,84572.7,16.7,50.8,17.0,50.5,85.1,18837786.1,5651335.8,188377861.3,1081.189798659259,324.3569378759355,10811.898003811011,50.86666666666667,0.16698481590880165
974,Company_974,Energy,Europe,2025,19581.8,27.8,66417.2,12.4,50.9,16.4,53.0,83.3,21251219.0,6375365.7,212512189.6,1085.2536028352858,325.57608085058575,10852.536007925726,50.9,0.12389228155562693
975,Company_975,Consumer Goods,Oceania,2015,1130.3,12.7,2864.9,9.149999999999999,68.5,53.6,64.3,87.7,186424.7,233030.9,932123.5,164.93382287888173,206.1673007166239,824.6691143944086,68.53333333333335,
975,Company_975,Consumer Goods,Oceania,2016,1269.0,11.6,2165.6,12.3,71.2,54.3,65.7,93.6,208060.9,260076.1,1040304.3,163.95657998423957,204.94570527974784,819.782742316785,71.2,0.12271078474741226
975,Company_975,Consumer Goods,Oceania,2017,1392.3,12.0,3551.3,9.7,73.2,57.9,66.3,95.4,221302.5,276628.1,1106512.3,158.94742512389573,198.68426344896932,794.7369819722761,73.2,0.09716312056737575
975,Company_975,Consumer Goods,Oceania,2018,1511.8,13.9,2359.4,8.6,73.6,60.6,65.4,94.9,234676.0,293345.0,1173380.1,155.22952771530626,194.03690964413283,776.147704722847,73.63333333333334,0.08582920347626222
975,Company_975,Consumer Goods,Oceania,2019,1659.3,12.5,2210.1,9.8,75.8,63.2,69.6,94.6,251390.0,314237.5,1256950.0,151.50364611583197,189.37955764478997,757.5182305791599,75.8,0.09756581558407196
975,Company_975,Consumer Goods,Oceania,2020,1701.8,10.1,3418.8,2.6,78.1,65.4,72.9,96.2,252732.5,315915.6,1263662.6,148.50893171935599,185.63614995886707,742.5447173580915,78.16666666666667,0.02561321038992337
975,Company_975,Consumer Goods,Oceania,2021,1665.8,11.8,2542.6,-2.1,78.2,68.5,71.8,94.4,240131.3,300164.1,1200656.5,144.15373994477127,180.19215992316003,720.7686997238565,78.23333333333333,-0.021154072158890536
975,Company_975,Consumer Goods,Oceania,2022,1845.4,13.0,3516.4,10.8,78.3,69.8,69.4,95.8,262565.6,328207.0,1312828.2,142.28113146201363,177.85141432751706,711.4057656876557,78.33333333333333,0.1078160643534638
975,Company_975,Consumer Goods,Oceania,2023,1794.5,10.4,1870.2,-2.8,79.8,72.9,68.6,98.0,247489.9,309362.4,1237449.6,137.9157982724993,172.39476177208138,689.5790470883255,79.83333333333333,-0.02758209602254258
975,Company_975,Consumer Goods,Oceania,2024,2065.7,10.4,2572.2,15.1,80.3,74.1,67.9,98.9,281446.3,351807.9,1407231.6,136.2474221813429,170.30928982911365,681.2371593164546,80.3,0.1511284480356645
975,Company_975,Consumer Goods,Oceania,2025,2224.3,8.4,3193.4,7.7,79.9,74.8,64.9,100.0,300935.5,376169.4,1504677.6,135.2944746661871,169.11810457222498,676.4724182888999,79.89999999999999,0.07677784770295792
976,Company_976,Utilities,Africa,2015,1581.2,12.3,1554.5,-2.1,24.6,11.2,42.2,20.4,1418453.0,886533.2,14184530.5,897.0737414621806,560.6711358461927,8970.737730837338,24.600000000000005,
976,Company_976,Utilities,Africa,2016,1575.7,13.5,3048.5,-0.3,24.9,14.2,42.5,18.0,1387180.5,866987.8,13871804.9,880.3582534746462,550.2239004886717,8803.582471282605,24.900000000000002,-0.003478370857576518
976,Company_976,Utilities,Africa,2017,1432.7,15.2,2717.8,-9.1,25.8,17.3,41.8,18.1,1236677.1,772923.2,12366770.6,863.179381587213,539.4871222167934,8631.793536678997,25.73333333333333,-0.09075331598654568
976,Company_976,Utilities,Africa,2018,1408.3,16.0,3049.8,-1.7,24.4,18.1,37.9,17.2,1208924.2,755577.6,12089241.9,858.4280337996165,536.5175033728609,8584.280266988568,24.400000000000002,-0.017030781042786436
976,Company_976,Utilities,Africa,2019,1386.1,16.4,1997.0,-1.6,25.4,18.9,39.4,17.8,1183948.2,739967.6,11839481.8,854.1578529687613,533.8486400692591,8541.57838539788,25.366666666666664,-0.015763686714478475
976,Company_976,Utilities,Africa,2020,1419.1,17.0,2858.7,2.4,25.9,20.8,40.0,16.9,1197183.3,748239.6,11971833.2,843.6215206821225,527.2634768515256,8436.21534775562,25.899999999999995,0.02380780607459787
976,Company_976,Utilities,Africa,2021,1378.7,15.1,3058.5,-2.8,26.0,18.9,41.9,17.2,1177730.2,736081.4,11777301.9,854.232392833829,533.895263654167,8542.323855806195,26.0,-0.028468747797899985
976,Company_976,Utilities,Africa,2022,1455.7,16.3,2442.2,5.6,26.8,18.8,42.2,19.6,1244489.8,777806.1,12444898.4,854.9081541526414,534.3175791715325,8549.081816308306,26.866666666666664,0.055849713498222986
976,Company_976,Utilities,Africa,2023,1419.9,17.2,2333.6,-2.5,27.6,20.9,44.0,17.8,1196770.4,747981.5,11967703.6,842.8554123529825,526.7846327206141,8428.553841819845,27.566666666666666,-0.024592979322662578
976,Company_976,Utilities,Africa,2024,1285.4,18.0,3022.5,-9.5,27.8,23.7,43.9,15.8,1063767.2,664854.5,10637672.3,827.5767854364399,517.235490897775,8275.768087754785,27.799999999999997,-0.09472498063243895
976,Company_976,Utilities,Africa,2025,1217.3,17.7,2086.7,-5.3,27.6,26.8,42.8,13.3,985740.4,616087.8,9857404.1,809.7760617760619,506.1100796845478,8097.760699909636,27.63333333333333,-0.05297961723976985
977,Company_977,Energy,Oceania,2015,7840.6,15.7,16922.8,-1.85,57.5,16.3,84.9,71.3,8512583.8,2553775.1,85125837.8,1085.705660281101,325.7116929826799,10857.056577302757,57.5,
977,Company_977,Energy,Oceania,2016,6668.6,15.1,14060.7,-14.9,57.7,16.2,85.6,71.3,7245464.3,2173639.3,72454642.7,1086.5045586779834,325.9513691029601,10865.04554179288,57.699999999999996,-0.14947835624824635
977,Company_977,Energy,Oceania,2017,6588.2,11.9,15625.4,-1.2,58.0,17.0,85.7,71.2,7120580.6,2136174.2,71205805.9,1080.8082025439421,324.24246379891326,10808.08201026077,57.96666666666667,-0.012056503613952052
977,Company_977,Energy,Oceania,2018,5968.6,14.3,14220.8,-9.4,58.6,19.8,85.5,70.7,6336436.0,1900930.8,63364360.4,1061.628522601615,318.48855678048454,10616.285293033541,58.666666666666664,-0.09404693239428064
977,Company_977,Energy,Oceania,2019,5598.2,13.6,13624.6,-6.2,58.8,18.9,83.7,73.8,5976577.1,1792973.1,59765771.3,1067.5890643421099,320.2767139437677,10675.890697009752,58.79999999999999,-0.06205810407800838
977,Company_977,Energy,Oceania,2020,5256.2,13.1,7995.2,-6.1,58.9,21.4,82.5,72.6,5518444.9,1655533.5,55184449.1,1049.8924888702866,314.96775236863135,10498.924907728016,58.833333333333336,-0.061091064985173804
977,Company_977,Energy,Oceania,2021,5476.5,9.4,7535.0,4.2,59.4,24.4,79.7,74.1,5637181.5,1691154.5,56371815.4,1029.340180772391,308.8020633616361,10293.40188076326,59.4,0.04191240820364528
977,Company_977,Energy,Oceania,2022,5828.9,5.0,2418.5,6.4,60.1,22.6,79.8,78.0,6072157.4,1821647.2,60721573.8,1041.7329856405154,312.5198922609755,10417.329822093363,60.13333333333333,0.0643476673057608
977,Company_977,Energy,Oceania,2023,5682.7,9.8,11059.5,-2.5,61.4,24.9,80.9,78.4,5827739.8,1748321.9,58277397.7,1025.5230436236295,307.6569060481813,10255.23038344449,61.400000000000006,-0.025081919401602315
977,Company_977,Energy,Oceania,2024,5709.1,13.4,11364.1,0.5,62.1,26.4,81.7,78.4,5796652.5,1738995.8,57966525.0,1015.3356045611391,304.6006901262896,10153.356045611392,62.166666666666664,0.0046456789906208495
977,Company_977,Energy,Oceania,2025,6501.8,19.3,18467.4,13.9,63.1,27.8,82.1,79.4,6537534.0,1961260.2,65375339.6,1005.4960164877418,301.6488049463225,10054.960103355994,63.1,0.13884850501830415
978,Company_978,Transportation,North America,2015,1499.6,8.8,2164.6,11.3,52.3,52.5,30.9,73.5,748994.8,124832.5,2496649.2,499.46305681515076,83.24386503067485,1664.8767671379037,52.300000000000004,
978,Company_978,Transportation,North America,2016,1772.6,12.1,4222.0,18.2,53.9,54.1,33.7,73.8,873635.8,145606.0,2912119.4,492.85557937492956,82.14261536725714,1642.8519688593028,53.866666666666674,0.1820485462790078
978,Company_978,Transportation,North America,2017,1966.4,14.1,2323.9,10.9,54.4,57.3,30.9,75.1,942702.6,157117.1,3142342.2,479.405309194467,79.9008848657445,1598.0177990235964,54.43333333333333,0.10933092632291563
978,Company_978,Transportation,North America,2018,2275.9,14.3,5064.3,15.7,55.1,61.7,33.2,70.4,1049023.9,174837.3,3496746.4,460.92706182169684,76.82116964717254,1536.4235686980974,55.1,0.1573942229454841
978,Company_978,Transportation,North America,2019,2696.7,18.0,8386.3,18.5,54.7,60.8,32.6,70.7,1252521.1,208753.5,4175070.2,464.4643823932956,77.41072421848926,1548.2145585345054,54.70000000000001,0.18489388813216734
978,Company_978,Transportation,North America,2020,3375.1,21.3,9896.3,25.2,56.7,63.4,32.5,74.1,1531111.5,255185.3,5103705.2,453.649225208142,75.60821901573287,1512.1641432846436,56.666666666666664,0.2515667297066786
978,Company_978,Transportation,North America,2021,3629.7,24.4,16383.7,7.5,57.8,65.6,34.4,73.5,1613664.4,268944.1,5378881.5,444.5723889026641,74.09540733393945,1481.9080089263575,57.833333333333336,0.07543480193179453
978,Company_978,Transportation,North America,2022,4053.8,28.6,16863.4,11.7,58.1,67.4,31.1,75.8,1771160.8,295193.5,5903869.3,436.91371059253044,72.81895998815925,1456.3790270856973,58.1,0.11684161225445644
978,Company_978,Transportation,North America,2023,4308.6,24.4,10224.5,6.3,60.8,69.8,33.7,78.8,1839390.9,306565.2,6131303.1,426.9115025762428,71.15192870073805,1423.0383651302045,60.76666666666667,0.06285460555528144
978,Company_978,Transportation,North America,2024,4333.5,23.3,16764.1,0.6,62.0,72.1,33.4,80.4,1807700.8,301283.5,6025669.3,417.1456790123457,69.52428752740279,1390.4855890158071,61.96666666666667,0.005779139395627242
978,Company_978,Transportation,North America,2025,4789.9,16.9,7230.1,10.5,60.4,73.3,31.4,76.7,1973593.9,328932.3,6578646.4,412.03238063425124,68.67205995949811,1373.4412826990126,60.46666666666666,0.10531902619130018
979,Company_979,Energy,Middle East,2015,10868.5,2.0,1915.0,8.8,36.7,39.2,40.1,30.6,10056875.2,3017062.6,100568752.3,925.3232000736072,277.59696370244285,9253.232028338776,36.63333333333333,
979,Company_979,Energy,Middle East,2016,12090.9,13.2,16925.7,11.2,39.3,41.1,43.2,33.6,11032200.2,3309660.0,110322001.6,912.4382965701477,273.7314840086346,9124.382932618746,39.300000000000004,0.11247182223857943
979,Company_979,Energy,Middle East,2017,13775.0,11.3,27184.4,13.9,41.7,44.2,45.5,35.6,12265318.3,3679595.5,122653182.8,890.4042323049002,267.12127041742286,8904.042308529946,41.76666666666667,0.13928657089215868
979,Company_979,Energy,Middle East,2018,15382.0,12.0,20162.9,11.7,43.9,45.6,46.4,39.6,13543565.4,4063069.6,135435653.5,880.4814328435834,264.144428552854,8804.814295930308,43.86666666666667,0.11666061705989117
979,Company_979,Energy,Middle East,2019,15334.9,12.9,24997.2,-0.3,46.1,47.8,49.6,40.8,13265561.6,3979668.5,132655616.4,865.0569354870263,259.51708195032245,8650.569380954556,46.06666666666666,-0.003062020543492472
979,Company_979,Energy,Middle East,2020,14506.5,14.3,24535.7,-5.4,46.3,45.0,52.6,41.3,12839589.5,3851876.8,128395894.6,885.0921655809465,265.52764622755313,8850.921628235617,46.29999999999999,-0.05402056746375916
979,Company_979,Energy,Middle East,2021,15729.7,13.1,26756.2,8.4,46.9,46.4,50.8,43.6,13763886.2,4129165.9,137638861.9,875.025346955123,262.50760662949705,8750.25346319383,46.93333333333333,0.08432082170061705
979,Company_979,Energy,Middle East,2022,17633.3,19.5,34300.0,12.1,48.7,48.8,49.6,47.8,15130959.5,4539287.8,151309594.6,858.0900625521032,257.42701593008684,8580.900602836678,48.73333333333333,0.12101947271721647
979,Company_979,Energy,Middle East,2023,19072.8,23.2,64155.1,8.2,50.4,52.3,50.6,48.4,15910432.2,4773129.7,159104321.8,834.1948848622121,250.25846755589114,8341.948838135986,50.43333333333334,0.08163531500059551
979,Company_979,Energy,Middle East,2024,19656.6,11.6,21731.6,3.1,51.0,53.4,51.9,47.8,16247073.0,4874121.9,162470730.5,826.5454351210282,247.96363053630844,8265.45437664703,51.03333333333333,0.03060903485592048
979,Company_979,Energy,Middle East,2025,21474.8,8.1,34475.6,9.2,52.3,53.3,52.8,50.8,17754795.2,5326438.6,177547952.2,826.7734833386108,248.03204686423155,8267.73484269935,52.29999999999999,0.09249819399082249
980,Company_980,Retail,Africa,2015,1115.9,2.2,341.1,13.45,52.0,67.5,66.3,22.3,81205.9,40603.0,162411.8,72.77166412761,36.38587687068733,145.54332825522,52.03333333333334,
980,Company_980,Retail,Africa,2016,1351.8,2.4,739.7,21.1,53.8,67.0,68.3,26.2,98783.4,49391.7,197566.9,73.07545494895695,36.53772747447847,146.15098387335405,53.833333333333336,0.21139887086656506
980,Company_980,Retail,Africa,2017,1644.6,0.2,42.2,21.7,58.0,70.4,71.1,32.6,116329.1,58164.5,232658.2,70.73397786695854,35.36695853094978,141.46795573391708,58.03333333333333,0.21660008877052817
980,Company_980,Retail,Africa,2018,1618.2,-0.5,6948.1,-1.6,58.3,69.5,71.0,34.4,115406.1,57703.1,230812.3,71.31757508342604,35.65881844024224,142.6352119639105,58.300000000000004,-0.016052535570959425
980,Company_980,Retail,Africa,2019,1949.3,-1.8,4831.4,20.5,58.0,69.6,70.1,34.1,138908.2,69454.1,277816.3,71.26055507105116,35.63027753552558,142.52105884163547,57.93333333333333,0.2046100605611172
980,Company_980,Retail,Africa,2020,2117.8,-3.4,6646.2,8.6,58.2,68.4,70.4,35.9,152723.4,76361.7,305446.9,72.1141750873548,36.0570875436774,144.2283973935216,58.23333333333334,0.08644128661570827
980,Company_980,Retail,Africa,2021,2507.3,-3.6,6109.8,18.4,58.8,70.4,69.9,36.0,177269.5,88634.8,354539.0,70.70135205200813,35.3506959677741,141.40270410401627,58.76666666666667,0.18391727264142022
980,Company_980,Retail,Africa,2022,2759.3,-6.4,13535.5,10.1,59.3,71.5,69.6,36.7,193100.8,96550.4,386201.7,69.98180698003115,34.990903490015576,139.96365020113797,59.26666666666667,0.1005065209588003
980,Company_980,Retail,Africa,2023,3059.7,-7.2,2767.5,10.9,59.8,71.2,71.0,37.3,214612.2,107306.1,429224.4,70.14158250808903,35.070791254044515,140.28316501617806,59.833333333333336,0.10886819120791502
980,Company_980,Retail,Africa,2024,3264.2,-6.4,13133.3,6.7,59.7,68.8,71.0,39.4,234586.2,117293.1,469172.4,71.8663684823234,35.9331842411617,143.7327369646468,59.73333333333334,0.06683661796908202
980,Company_980,Retail,Africa,2025,3785.2,-7.8,13340.8,16.0,59.5,68.3,70.6,39.6,273246.4,136623.2,546492.7,72.18810102504492,36.09405051252246,144.37617563140654,59.49999999999999,0.15961031799522085
981,Company_981,Utilities,Africa,2015,1395.6,5.0,999.8,2.95,43.5,52.4,48.4,29.6,930418.0,581511.2,9304179.5,666.6795643450846,416.67469188879335,6666.795285182001,43.46666666666667,
981,Company_981,Utilities,Africa,2016,1587.1,5.4,1254.9,13.7,43.1,50.6,47.9,30.9,1073804.3,671127.7,10738042.9,676.5826349946444,422.86415474765295,6765.826286938442,43.13333333333333,0.13721696761249635
981,Company_981,Utilities,Africa,2017,1699.2,6.5,1323.7,7.1,44.3,50.6,49.2,33.1,1149800.4,718625.3,11498004.5,676.6716101694915,422.91978578154425,6766.716395951035,44.300000000000004,0.07063197026022316
981,Company_981,Utilities,Africa,2018,1921.6,8.0,1950.7,13.1,43.5,49.4,48.5,32.8,1313512.9,820945.6,13135129.4,683.5516756869275,427.21981681931726,6835.516965029143,43.56666666666666,0.13088512241054606
981,Company_981,Utilities,Africa,2019,1785.2,5.5,1340.0,-7.1,44.5,53.6,48.1,31.8,1177700.6,736062.9,11777005.9,659.7023302711182,412.313970423482,6597.023246695048,44.5,-0.07098251457119065
981,Company_981,Utilities,Africa,2020,1820.6,6.6,1394.9,2.0,46.5,55.2,50.6,33.7,1184913.3,740570.8,11849133.3,650.8367021860926,406.7729320004395,6508.367186641767,46.5,0.019829710956755564
981,Company_981,Utilities,Africa,2021,1632.3,6.3,1434.5,-10.3,47.3,56.7,51.5,33.8,1048806.9,655504.3,10488069.4,642.533174048888,401.5832261226491,6425.331985541874,47.333333333333336,-0.10342744150280125
981,Company_981,Utilities,Africa,2022,1696.2,4.3,668.4,3.9,48.7,57.0,51.8,37.3,1087149.7,679468.6,10871497.4,640.9324961679047,400.58283221318237,6409.325197500295,48.699999999999996,0.03914721558537049
981,Company_981,Utilities,Africa,2023,1713.6,3.1,798.3,1.0,47.3,57.0,49.7,35.2,1097787.9,686117.4,10977879.0,640.6325280112045,400.3953081232493,6406.325280112045,47.300000000000004,0.01025822426600631
981,Company_981,Utilities,Africa,2024,1811.0,3.3,565.6,5.7,46.3,58.7,46.1,34.2,1143661.8,714788.6,11436617.6,631.5084483710657,394.69276642738816,6315.084262838211,46.333333333333336,0.05683940242763774
981,Company_981,Utilities,Africa,2025,1803.6,2.3,487.7,-0.4,46.8,55.0,49.5,35.9,1175562.4,734726.5,11755624.1,651.7866489243735,407.36665557773347,6517.8665446884015,46.800000000000004,-0.004086140254003334
982,Company_982,Technology,Europe,2015,2082.1,20.7,8927.6,11.5,76.0,75.1,95.6,57.2,70183.4,42110.0,140366.7,33.70798712838,20.22477306565487,67.41592622832718,75.96666666666665,
982,Company_982,Technology,Europe,2016,2291.4,20.0,14689.3,10.1,76.0,76.8,95.6,55.7,75924.5,45554.7,151849.0,33.13454656541852,19.88072793925111,66.26909313083704,76.03333333333332,0.1005235099178714
982,Company_982,Technology,Europe,2017,2394.0,21.6,15392.4,4.5,76.9,75.6,100.0,55.2,80324.5,48194.7,160649.1,33.55242272347535,20.13145363408521,67.10488721804512,76.93333333333334,0.04477611940298498
982,Company_982,Technology,Europe,2018,2632.5,21.7,19587.8,10.0,75.6,73.4,100.0,53.4,90284.5,54170.7,180568.9,34.29610636277303,20.577663817663815,68.59217473884141,75.60000000000001,0.09962406015037595
982,Company_982,Technology,Europe,2019,2893.2,18.7,11097.1,9.9,74.8,72.1,99.2,53.2,100595.8,60357.5,201191.7,34.769735932531454,20.86184847227983,69.5395064288677,74.83333333333333,0.09903133903133887
982,Company_982,Technology,Europe,2020,3391.0,20.8,13693.5,17.2,75.6,73.1,100.0,53.6,116655.8,69993.5,233311.5,34.40159245060454,20.640961368327925,68.80315541138307,75.56666666666666,0.17205862021291307
982,Company_982,Technology,Europe,2021,3827.3,23.8,18030.3,12.9,77.0,76.6,100.0,54.3,127012.7,76207.6,254025.4,33.185979672353874,19.91158257779636,66.37195934470775,76.96666666666665,0.1286641108817459
982,Company_982,Technology,Europe,2022,4765.6,25.5,25479.5,24.5,76.5,75.0,100.0,54.5,160830.3,96498.2,321660.7,33.748174416652674,20.24890884673493,67.49636981702199,76.5,0.24515977320826687
982,Company_982,Technology,Europe,2023,5237.5,23.5,23742.4,9.9,76.3,76.0,97.9,54.9,174988.7,104993.2,349977.4,33.41073031026253,20.046434367541767,66.82146062052506,76.26666666666667,0.0990221588047675
982,Company_982,Technology,Europe,2024,5928.5,29.2,49894.3,13.2,76.2,76.6,96.8,55.3,196802.3,118081.4,393604.5,33.19596862612802,19.917584549211437,66.39192038458295,76.23333333333333,0.1319331742243437
982,Company_982,Technology,Europe,2025,6710.5,32.2,52639.6,13.2,77.6,78.2,99.6,55.0,218892.0,131335.2,437783.9,32.61932791893302,19.57159675135981,65.23864093584682,77.60000000000001,0.13190520367715264
983,Company_983,Retail,Oceania,2015,377.4,5.1,247.4,5.5,52.3,63.3,37.6,56.0,28565.0,14282.5,57130.0,75.68892421833598,37.84446210916799,151.37784843667197,52.300000000000004,
983,Company_983,Retail,Oceania,2016,423.7,5.6,424.7,12.3,56.1,62.8,42.5,63.0,32220.3,16110.1,64440.6,76.04507906537644,38.02242152466368,152.09015813075288,56.1,0.1226815050344463
983,Company_983,Retail,Oceania,2017,458.3,7.1,815.8,8.2,57.4,62.9,39.2,70.1,34819.5,17409.8,69639.0,75.97534366135719,37.987780929522145,151.95068732271437,57.4,0.08166155298560307
983,Company_983,Retail,Oceania,2018,480.5,8.0,752.1,4.9,58.4,63.8,38.2,73.1,36187.9,18094.0,72375.8,75.31300728407909,37.65660770031217,150.62601456815818,58.36666666666667,0.04843988653720266
983,Company_983,Retail,Oceania,2019,510.0,8.1,483.5,6.1,59.6,63.2,39.4,76.2,38623.4,19311.7,77246.8,75.7321568627451,37.86607843137255,151.4643137254902,59.6,0.06139438085327775
983,Company_983,Retail,Oceania,2020,509.9,5.6,684.3,-0.0,61.6,64.6,42.9,77.3,38139.5,19069.7,76279.0,74.79799960776623,37.398901745440284,149.59599921553246,61.6,-0.00019607843137259273
983,Company_983,Retail,Oceania,2021,542.4,5.9,649.3,6.4,64.3,68.4,45.6,78.8,39106.1,19553.1,78212.2,72.09826696165192,36.04922566371681,144.19653392330383,64.26666666666667,0.06373798784075313
983,Company_983,Retail,Oceania,2022,561.2,8.7,550.3,3.5,67.0,70.6,48.9,81.5,39604.3,19802.2,79208.7,70.57074126870991,35.28545972915182,141.14166072701352,67.0,0.0346607669616521
983,Company_983,Retail,Oceania,2023,570.9,8.3,881.4,1.7,67.0,70.9,48.7,81.5,40162.9,20081.4,80325.8,70.35014888772115,35.17498686284814,140.7002977754423,67.03333333333335,0.01728439059158937
983,Company_983,Retail,Oceania,2024,564.0,6.7,932.7,-1.2,68.1,74.6,48.7,80.9,38206.5,19103.2,76413.0,67.74202127659575,33.870921985815606,135.4840425531915,68.06666666666666,-0.012086179716237488
983,Company_983,Retail,Oceania,2025,624.9,9.0,903.6,10.8,68.5,75.6,49.1,80.8,41897.7,20948.9,83795.5,67.04704752760442,33.52360377660426,134.09425508081293,68.5,0.1079787234042553
984,Company_984,Utilities,Latin America,2015,538.9,10.2,655.3,-7.8,40.1,45.3,37.1,37.9,380593.5,237870.9,3805935.1,706.2414177027279,441.40081647801077,7062.414362590463,40.1,
984,Company_984,Utilities,Latin America,2016,484.0,4.8,303.1,-10.2,40.3,43.6,40.9,36.5,346462.1,216538.8,3464620.7,715.8307851239668,447.39421487603306,7158.307231404959,40.333333333333336,-0.10187418816106886
984,Company_984,Utilities,Latin America,2017,474.1,6.2,350.4,-2.0,42.0,44.5,45.4,36.0,337077.6,210673.5,3370776.1,710.984180552626,444.36511284539125,7109.842016452225,41.96666666666667,-0.020454545454545392
984,Company_984,Utilities,Latin America,2018,437.2,7.5,410.1,-7.8,42.9,44.4,47.0,37.2,311125.5,194453.4,3111255.1,711.6319762122598,444.76989935956084,7116.3199908508695,42.866666666666674,-0.07783168107994098
984,Company_984,Utilities,Latin America,2019,386.7,7.0,393.0,-11.5,43.8,44.9,47.8,38.9,274048.9,171280.5,2740488.8,708.6860615464185,442.9286268425136,7086.860098267391,43.86666666666667,-0.11550777676120771
984,Company_984,Utilities,Latin America,2020,370.2,9.3,298.7,-4.3,44.6,46.0,47.9,39.9,259961.7,162476.1,2599617.4,702.2196110210698,438.88735818476505,7022.197190707726,44.6,-0.0426687354538402
984,Company_984,Utilities,Latin America,2021,424.3,11.1,398.3,14.6,46.1,48.8,51.2,38.2,291491.6,182182.3,2914916.4,686.9941079424934,429.37143530520854,6869.942022154136,46.06666666666666,0.14613722312263655
984,Company_984,Utilities,Latin America,2022,391.4,9.2,407.8,-7.8,46.9,50.7,49.8,40.0,264481.0,165300.6,2644810.2,675.7307102708228,422.3316300459888,6757.307613694431,46.833333333333336,-0.07753947678529349
984,Company_984,Utilities,Latin America,2023,417.4,6.1,357.7,6.7,49.2,50.7,56.3,40.5,282304.4,176440.3,2823044.4,676.3402012458075,422.71274556780065,6763.402970771443,49.166666666666664,0.06642820643842606
984,Company_984,Utilities,Latin America,2024,355.4,7.1,342.8,-14.9,49.0,48.0,55.9,43.1,245721.0,153575.6,2457210.2,691.3927968486213,432.12042768711314,6913.9285312324155,49.0,-0.14853857211308097
984,Company_984,Utilities,Latin America,2025,326.1,9.4,250.0,-8.3,50.9,50.7,57.3,44.6,220445.6,137778.5,2204456.2,676.0061330880097,422.5038331800061,6760.061944188899,50.86666666666667,-0.08244231851434991
985,Company_985,Healthcare,Oceania,2015,5302.7,19.5,17441.5,12.35,66.7,45.3,62.4,92.3,468354.1,468354.1,936708.2,88.32370301921662,88.32370301921662,176.64740603843325,66.66666666666667,
985,Company_985,Healthcare,Oceania,2016,6093.9,14.0,16428.0,14.9,64.8,44.6,60.6,89.3,541107.8,541107.8,1082215.7,88.79499171302452,88.79499171302452,177.58999983590147,64.83333333333333,0.14920700775076834
985,Company_985,Healthcare,Oceania,2017,6741.4,11.9,14613.4,10.6,64.3,42.1,60.9,90.0,610435.5,610435.5,1220870.9,90.55025662325333,90.55025662325333,181.1004984127926,64.33333333333333,0.10625379477838504
985,Company_985,Healthcare,Oceania,2018,6783.5,15.0,23506.8,0.6,64.4,41.3,62.2,89.6,618124.6,618124.6,1236249.2,91.12178079162673,91.12178079162673,182.24356158325347,64.36666666666666,0.006244993621502992
985,Company_985,Healthcare,Oceania,2019,8142.8,15.6,23617.2,20.0,62.4,38.1,58.8,90.4,760087.9,760087.9,1520175.8,93.34478312128506,93.34478312128506,186.68956624257012,62.43333333333334,0.2003832829660206
985,Company_985,Healthcare,Oceania,2020,8353.1,14.5,12752.2,2.6,63.9,42.9,57.7,91.2,751698.3,751698.3,1503396.7,89.99033891609103,89.99033891609103,179.9806898037854,63.93333333333334,0.02582649702804929
985,Company_985,Healthcare,Oceania,2021,8492.6,12.6,12773.7,1.7,64.0,43.2,56.4,92.3,762508.4,762508.4,1525016.7,89.7850363846172,89.7850363846172,179.57006099427736,63.96666666666666,0.016700386682788393
985,Company_985,Healthcare,Oceania,2022,8623.1,13.2,26177.5,1.5,64.7,43.9,55.9,94.3,769793.9,769793.9,1539587.8,89.27113219143928,89.27113219143928,178.54226438287856,64.7,0.01536631891293605
985,Company_985,Healthcare,Oceania,2023,10003.4,12.4,22489.5,16.0,66.4,44.1,58.6,96.5,891573.9,891573.9,1783147.8,89.12708679049123,89.12708679049123,178.25417358098247,66.39999999999999,0.16007004441558137
985,Company_985,Healthcare,Oceania,2024,11909.0,13.7,27121.9,19.1,66.5,41.2,62.6,95.6,1085395.9,1085395.9,2170791.7,91.14080947182802,91.14080947182802,182.2816105466454,66.46666666666667,0.19049523162124893
985,Company_985,Healthcare,Oceania,2025,13583.3,15.4,43406.0,14.1,66.7,41.2,62.2,96.7,1238013.4,1238013.4,2476026.8,91.14231445966739,91.14231445966739,182.28462891933478,66.7,0.1405911495507599
986,Company_986,Retail,Latin America,2015,2354.7,-2.0,3702.8,10.85,20.2,22.2,24.4,14.0,245907.9,122953.9,491815.7,104.4327939864951,52.21637575912006,208.86554550473522,20.2,
986,Company_986,Retail,Latin America,2016,2663.8,-0.9,3110.2,13.1,22.2,24.2,24.4,18.1,274613.8,137306.9,549227.5,103.09099782265935,51.54549891132967,206.18195810496283,22.23333333333333,0.1312693761413346
986,Company_986,Retail,Latin America,2017,2716.6,-3.0,2604.5,2.0,24.6,27.1,27.8,18.9,274490.7,137245.4,548981.5,101.04200103070015,50.52101892070971,202.08403887211958,24.600000000000005,0.019821307905998786
986,Company_986,Retail,Latin America,2018,2754.6,-3.6,1924.2,1.4,23.6,26.5,26.5,17.6,279384.5,139692.3,558769.0,101.42470776156249,50.712372032236985,202.84941552312497,23.53333333333333,0.013988073326952843
986,Company_986,Retail,Latin America,2019,3006.7,-1.2,9259.0,9.2,24.0,28.1,23.8,20.2,301560.6,150780.3,603121.2,100.29620514184987,50.148102570924934,200.59241028369973,24.033333333333335,0.09151963987511791
986,Company_986,Retail,Latin America,2020,3381.4,-0.9,11901.8,12.5,25.1,27.4,24.2,23.6,341027.5,170513.8,682055.0,100.85393623942745,50.42698290648843,201.7078724788549,25.066666666666663,0.12462167825190429
986,Company_986,Retail,Latin America,2021,3497.9,-2.6,3200.2,3.4,25.1,28.4,24.6,22.4,350313.1,175156.6,700626.2,100.14954687097972,50.074787729780724,200.29909374195944,25.133333333333336,0.03445318507127215
986,Company_986,Retail,Latin America,2022,4157.8,-1.0,9773.1,18.9,25.3,31.2,21.1,23.4,408171.5,204085.7,816342.9,98.1700659002357,49.08502092452739,196.3401077492905,25.23333333333333,0.18865605077332126
986,Company_986,Retail,Latin America,2023,5130.7,-3.6,10921.4,23.4,27.4,35.6,21.7,24.9,487919.3,243959.7,975838.7,95.09799832381546,47.549008907166666,190.1960161381488,27.399999999999995,0.23399393910240973
986,Company_986,Retail,Latin America,2024,5582.9,-1.9,27467.9,8.8,28.5,37.1,22.5,25.8,524823.6,262411.8,1049647.1,94.00555266975945,47.00277633487973,188.011087427681,28.46666666666667,0.08813612177675556
986,Company_986,Retail,Latin America,2025,6466.6,-2.4,8056.7,15.8,33.3,39.5,30.5,29.9,597091.9,298546.0,1194183.8,92.33475087372035,46.167383168898645,184.6695017474407,33.300000000000004,0.15828691182002208
987,Company_987,Consumer Goods,Africa,2015,1332.9,18.1,4890.1,5.0,50.9,60.9,51.8,40.1,206221.7,257777.1,1031108.5,154.71655788131142,193.39567859554353,773.582789406557,50.93333333333333,
987,Company_987,Consumer Goods,Africa,2016,1298.2,19.7,6223.6,-2.6,50.3,60.7,51.1,39.0,201231.0,251538.8,1006155.1,155.0077029733477,193.75966723155136,775.038591896472,50.26666666666667,-0.02603346087478431
987,Company_987,Consumer Goods,Africa,2017,1403.6,19.9,5895.8,8.1,50.0,59.7,50.3,40.1,219597.2,274496.5,1097986.1,156.45283556568825,195.5660444571103,782.2642490738103,50.03333333333333,0.08118933908488657
987,Company_987,Consumer Goods,Africa,2018,1524.0,16.8,4794.4,8.6,50.9,63.1,50.6,39.1,231203.2,289004.0,1156016.1,151.70813648293964,189.63517060367454,758.5407480314962,50.93333333333334,0.08577942433741814
987,Company_987,Consumer Goods,Africa,2019,1314.9,19.2,2580.6,-13.7,50.8,61.1,50.6,40.9,203151.7,253939.6,1015758.3,154.49973382006237,193.12464826222526,772.4985169974902,50.86666666666667,-0.13720472440944875
987,Company_987,Consumer Goods,Africa,2020,1309.3,16.9,3917.0,-0.4,52.3,62.2,54.5,40.1,200138.1,250172.6,1000690.3,152.8588558771863,191.0735507523104,764.2941266325518,52.26666666666667,-0.004258879002205562
987,Company_987,Consumer Goods,Africa,2021,1394.6,15.9,2618.3,6.5,54.0,63.8,58.6,39.6,210130.2,262662.7,1050650.8,150.67417180553565,188.34267890434535,753.3707156173814,54.0,0.06514931642862587
987,Company_987,Consumer Goods,Africa,2022,1517.4,17.3,4641.6,8.8,54.4,64.6,59.9,38.7,226861.6,283577.0,1134308.1,149.50678792671675,186.88348490839593,747.5340055357849,54.4,0.08805392227161923
987,Company_987,Consumer Goods,Africa,2023,1614.3,14.9,5335.9,6.4,54.9,65.9,61.4,37.5,238577.2,298221.5,1192886.0,147.78987796568174,184.73734745710215,738.9493898284086,54.93333333333334,0.06385923289837869
987,Company_987,Consumer Goods,Africa,2024,1672.2,14.2,4176.1,3.6,53.4,63.4,60.0,36.8,253016.3,316270.3,1265081.3,151.30743930151894,189.13425427580432,756.5370769046765,53.4,0.03586693923062634
987,Company_987,Consumer Goods,Africa,2025,1724.9,15.1,4053.0,3.2,54.6,65.5,61.6,36.7,255835.7,319794.6,1279178.4,148.31914893617022,185.3989216766189,741.5956867064756,54.6,0.031515368975002955
988,Company_988,Consumer Goods,Europe,2015,6769.0,13.5,16225.6,9.35,64.9,61.1,43.0,90.6,1045581.2,1306976.5,5227905.8,154.46612498153345,193.08265622691684,772.3305953612055,64.89999999999999,
988,Company_988,Consumer Goods,Europe,2016,7414.8,15.3,11920.1,9.5,66.4,64.8,42.1,92.4,1107130.4,1383913.0,5535652.1,149.31358903813992,186.64198629767492,746.5679586772401,66.43333333333334,0.09540552518835876
988,Company_988,Consumer Goods,Europe,2017,8424.8,17.4,24946.5,13.6,67.6,66.9,43.6,92.3,1233443.4,1541804.3,6167217.0,146.4062529674295,183.00782214414588,732.0312648371475,67.60000000000001,0.13621405836974687
988,Company_988,Consumer Goods,Europe,2018,8754.7,15.8,34169.6,3.9,70.3,67.1,47.6,96.1,1278599.3,1598249.1,6392996.3,146.04718608290403,182.55897974802104,730.2359075696482,70.26666666666667,0.03915819960117761
988,Company_988,Consumer Goods,Europe,2019,10293.7,14.7,25877.0,17.6,72.3,69.2,48.8,98.9,1473037.4,1841296.8,7365187.1,143.10086752091084,178.8760892584785,715.5043473192341,72.3,0.17579128925034548
988,Company_988,Consumer Goods,Europe,2020,12221.5,14.7,39844.8,18.7,73.6,73.2,48.9,98.8,1680798.8,2100998.5,8403994.0,137.52802847440987,171.9100355930123,687.6401423720492,73.63333333333333,0.18727959820084128
988,Company_988,Consumer Goods,Europe,2021,12316.2,9.1,18238.6,0.8,73.8,75.0,50.5,95.7,1663179.4,2078974.2,8315897.0,135.03997986391906,168.79997077020508,675.1998993195953,73.73333333333333,0.007748639692345627
988,Company_988,Consumer Goods,Europe,2022,13854.9,7.0,12595.7,12.5,74.7,77.9,48.6,97.5,1814162.4,2267703.0,9070811.9,130.94012948487537,163.67516185609423,654.700640206714,74.66666666666667,0.12493301505334431
988,Company_988,Consumer Goods,Europe,2023,14872.4,2.0,7117.1,7.3,75.4,78.2,48.1,100.0,1941070.8,2426338.4,9705353.8,130.51496732201932,163.1437024286598,652.5748231623679,75.43333333333334,0.07343972168691226
988,Company_988,Consumer Goods,Europe,2024,16243.2,3.5,11125.7,9.2,77.0,79.3,51.7,100.0,2095491.1,2619363.9,10477455.4,129.00728304767534,161.25910534869976,645.0364090819543,77.0,0.09217073236330386
988,Company_988,Consumer Goods,Europe,2025,17491.0,4.2,10354.9,7.7,75.7,80.6,49.3,97.2,2223027.9,2778784.8,11115139.4,127.09552912926648,158.8694071236636,635.4776399291064,75.69999999999999,0.0768198384554768
989,Company_989,Energy,Africa,2015,3259.4,21.1,8807.7,5.75,29.6,6.7,61.5,20.7,3757996.9,1127399.1,37579968.7,1152.9719887095785,345.89160581702157,11529.719795054305,29.633333333333336,
989,Company_989,Energy,Africa,2016,3443.5,24.7,15357.4,5.6,31.4,10.2,63.1,21.0,3886869.8,1166060.9,38868697.8,1128.7555684623203,338.62665892260776,11287.55562654276,31.433333333333334,0.05648278824323483
989,Company_989,Energy,Africa,2017,3561.7,16.6,10343.7,3.4,33.5,13.8,62.1,24.5,3929444.2,1178833.3,39294441.9,1103.2496279866357,330.97489962658284,11032.496251789877,33.46666666666667,0.03432554087411055
989,Company_989,Energy,Africa,2018,3700.0,2.3,1234.7,3.9,34.4,12.8,61.1,29.1,4108122.4,1232436.7,41081223.8,1110.3033513513512,333.091,11103.033459459459,34.333333333333336,0.0388297722997446
989,Company_989,Energy,Africa,2019,3843.3,-0.3,12623.4,3.9,35.6,17.8,60.8,28.3,4132657.7,1239797.3,41326576.6,1075.2888663388235,322.58665729971636,10752.888559311008,35.63333333333333,0.03872972972972977
989,Company_989,Energy,Africa,2020,4069.3,4.9,3891.2,5.9,36.3,16.9,63.8,28.1,4400842.5,1320252.7,44008424.6,1081.4740864522153,324.44221364853905,10814.74076622515,36.26666666666666,0.058803632295163055
989,Company_989,Energy,Africa,2021,4207.5,-0.3,20073.7,3.4,40.7,20.3,67.9,33.8,4451607.4,1335482.2,44516074.0,1058.0172073677957,317.40515745692215,10580.172073677955,40.666666666666664,0.03396161501978212
989,Company_989,Energy,Africa,2022,4712.6,2.6,1952.4,12.0,41.7,21.5,69.6,34.1,4946365.9,1483909.8,49463659.0,1049.6044434070363,314.8813393880236,10496.044434070363,41.73333333333333,0.12004753416518121
989,Company_989,Energy,Africa,2023,5432.2,-1.3,23505.8,15.3,43.2,24.0,72.7,32.9,5605879.5,1681763.9,56058795.3,1031.972221199514,309.5916755642281,10319.722267221383,43.199999999999996,0.15269702499681692
989,Company_989,Energy,Africa,2024,5970.5,-1.9,8108.9,9.9,41.7,20.2,74.4,30.3,6319535.7,1895860.7,63195357.2,1058.4600452223433,317.5380118918014,10584.600485721465,41.63333333333333,0.09909428960642108
989,Company_989,Energy,Africa,2025,6509.1,-7.4,10023.3,9.0,43.4,21.2,74.2,34.8,6843015.4,2052904.6,68430154.3,1051.2997803075693,315.3899310196494,10512.997849165014,43.4,0.09021020015074122
990,Company_990,Consumer Goods,Asia,2015,3456.5,19.9,11486.2,0.30000000000000004,32.7,36.0,27.1,35.0,655137.4,818921.7,3275686.8,189.53779835093303,236.92223347316647,947.6889338926659,32.699999999999996,
990,Company_990,Consumer Goods,Asia,2016,3770.7,20.2,13452.7,9.1,33.2,38.0,27.3,34.2,704142.7,880178.4,3520713.5,186.74057867239503,233.42572997056251,933.7028933619753,33.166666666666664,0.090901200636482
990,Company_990,Consumer Goods,Asia,2017,3451.7,17.1,12264.8,-8.5,34.3,41.4,26.7,34.8,628184.3,785230.4,3140921.7,181.9927282208767,227.49091751890376,909.9636990468466,34.3,-0.0845996764526481
990,Company_990,Consumer Goods,Asia,2018,3556.2,15.3,13588.5,3.0,35.4,43.9,27.2,34.9,634863.8,793579.7,3174318.9,178.52308644058266,223.15384399077666,892.6154040830099,35.333333333333336,0.030274936987571444
990,Company_990,Consumer Goods,Asia,2019,3307.5,16.5,5860.4,-7.0,36.3,42.5,28.4,38.0,597025.9,746282.3,2985129.3,180.50669690098263,225.63334845049133,902.5334240362811,36.300000000000004,-0.06993419942635393
990,Company_990,Consumer Goods,Asia,2020,3171.3,16.9,7892.5,-4.1,37.5,41.8,31.7,39.0,575480.5,719350.6,2877402.6,181.46517201147793,226.83145713114493,907.3258915901996,37.5,-0.04117913832199538
990,Company_990,Consumer Goods,Asia,2021,3096.4,13.9,9717.4,-2.4,38.0,44.3,30.3,39.5,550983.6,688729.5,2754918.0,177.94328898075182,222.4291112259398,889.7164449037592,38.03333333333333,-0.023618074606628237
990,Company_990,Consumer Goods,Asia,2022,3514.8,10.8,7359.0,13.5,37.7,45.2,29.5,38.3,621221.4,776526.7,3106106.9,176.74445203141005,220.93055081370204,883.7222317059292,37.666666666666664,0.13512466089652508
990,Company_990,Consumer Goods,Asia,2023,3092.3,12.2,6371.6,-12.0,39.3,46.4,31.1,40.5,541199.7,676499.7,2705998.6,175.01526371956146,218.76910390324352,875.0763509361964,39.333333333333336,-0.12020598611585298
990,Company_990,Consumer Goods,Asia,2024,3390.7,13.3,10218.0,9.6,39.2,45.5,30.3,41.9,597789.4,747236.8,2988947.2,176.30265136992364,220.37832895862215,881.5133158344886,39.23333333333333,0.09649775248197123
990,Company_990,Consumer Goods,Asia,2025,3723.8,16.2,10906.5,9.8,41.7,50.5,33.3,41.3,630212.6,787765.7,3151063.0,169.23911058596056,211.54887480530638,846.1955529298028,41.699999999999996,0.09823930161913474
991,Company_991,Transportation,Middle East,2015,393.5,6.1,407.4,11.3,38.7,29.9,31.4,54.7,233928.0,38988.0,779760.0,594.4803049555273,99.08005082592122,1981.6010165184243,38.666666666666664,
991,Company_991,Transportation,Middle East,2016,445.7,8.0,593.8,13.3,41.5,34.1,34.7,55.7,257151.8,42858.6,857172.8,576.9616333856854,96.16019744222571,1923.205743773839,41.50000000000001,0.1326556543837356
991,Company_991,Transportation,Middle East,2017,488.5,11.2,886.3,9.6,42.7,36.6,35.5,56.0,276625.8,46104.3,922085.9,566.2759467758444,94.37932446264074,1887.586284544524,42.699999999999996,0.09602871886919462
991,Company_991,Transportation,Middle East,2018,519.4,9.0,501.1,6.3,45.9,40.6,41.1,56.1,285394.8,47565.8,951315.9,549.4701578744706,91.5783596457451,1831.5670003850598,45.93333333333334,0.06325486182190376
991,Company_991,Transportation,Middle East,2019,643.2,9.9,1110.5,23.8,45.9,41.4,39.8,56.4,351357.0,58559.5,1171189.9,546.2639925373134,91.0439987562189,1820.879819651741,45.86666666666667,0.23835194455140551
991,Company_991,Transportation,Middle East,2020,770.5,9.1,688.4,19.8,48.9,44.7,43.5,58.5,410163.0,68360.5,1367210.1,532.3335496430889,88.72225827384815,1774.4452952628164,48.9,0.19791666666666652
991,Company_991,Transportation,Middle East,2021,778.2,8.6,713.7,1.0,50.1,48.5,42.6,59.1,401739.0,66956.5,1339130.1,516.2413261372398,86.0402210228733,1720.8045489591366,50.06666666666666,0.009993510707333009
991,Company_991,Transportation,Middle East,2022,817.7,11.5,1755.4,5.1,49.3,47.5,40.3,60.0,425786.6,70964.4,1419288.7,520.712486241898,86.78537360890301,1735.7083282377398,49.26666666666667,0.05075815985607823
991,Company_991,Transportation,Middle East,2023,982.5,9.0,1423.9,20.2,48.6,44.3,38.3,63.3,524568.3,87428.1,1748561.1,533.9117557251909,88.98534351145038,1779.7059541984734,48.633333333333326,0.20154090742326036
991,Company_991,Transportation,Middle East,2024,1109.4,6.5,1158.5,12.9,48.7,46.4,38.1,61.6,582508.4,97084.7,1941694.7,525.0661618893096,87.51099693528032,1750.2205696773028,48.699999999999996,0.12916030534351153
991,Company_991,Transportation,Middle East,2025,1217.1,2.8,459.0,9.7,48.4,46.5,38.4,60.4,638548.9,106424.8,2128496.4,524.6478514501684,87.44129488127517,1748.8262262755732,48.43333333333334,0.09707950243374786
992,Company_992,Consumer Goods,North America,2015,1590.9,6.2,1824.6,-6.1,46.7,33.8,59.9,46.4,306462.2,383077.8,1532311.2,192.6344836256207,240.7931359607769,963.1725438431076,46.699999999999996,
992,Company_992,Consumer Goods,North America,2016,1453.6,6.9,1104.8,-8.6,48.5,36.2,59.9,49.3,275163.9,343954.9,1375819.7,189.29822509631262,236.62279856906991,946.4912630709962,48.46666666666666,-0.08630335030485903
992,Company_992,Consumer Goods,North America,2017,1535.8,8.3,3189.8,5.7,50.6,39.0,59.6,53.3,284730.8,355913.6,1423654.2,185.3957546555541,231.7447584320875,926.9789035030603,50.633333333333326,0.05654925701706115
992,Company_992,Consumer Goods,North America,2018,1415.1,8.0,2424.6,-7.9,51.9,38.2,61.1,56.4,263878.8,329848.4,1319393.8,186.47360610557558,233.0919369655855,932.36788919511,51.900000000000006,-0.07859096236489127
992,Company_992,Consumer Goods,North America,2019,1309.9,8.5,1860.4,-7.4,54.4,42.8,63.1,57.4,235923.4,294904.2,1179616.9,180.1079471715398,225.134895793572,900.5396595159934,54.43333333333334,-0.07434103596918928
992,Company_992,Consumer Goods,North America,2020,1246.4,7.0,1902.9,-4.8,57.0,44.3,64.8,61.9,221902.1,277377.6,1109510.3,178.034419127086,222.5430038510911,890.1719351732991,57.0,-0.04847698297579972
992,Company_992,Consumer Goods,North America,2021,1299.2,9.0,2002.9,4.2,56.2,45.3,62.1,61.1,229389.2,286736.5,1146946.0,176.5618842364532,220.7023552955665,882.809421182266,56.166666666666664,0.042362002567394086
992,Company_992,Consumer Goods,North America,2022,1166.1,9.0,2212.9,-10.2,59.6,50.7,64.4,63.7,197022.8,246278.5,985113.8,168.95875139353402,211.19843924191753,844.7935854557929,59.6,-0.10244766009852224
992,Company_992,Consumer Goods,North America,2023,1340.2,10.2,3367.1,14.9,61.4,53.8,66.6,63.8,220718.2,275897.7,1103590.9,164.69049395612595,205.86308013729294,823.4523951649006,61.4,0.14930108910042028
992,Company_992,Consumer Goods,North America,2024,1145.1,6.3,1215.7,-14.6,63.5,53.1,70.5,66.9,189740.1,237175.1,948700.5,165.69740634005765,207.12173609291767,828.4870317002883,63.5,-0.14557528727055669
992,Company_992,Consumer Goods,North America,2025,1180.5,8.2,2242.3,3.1,65.1,51.5,73.6,70.2,198138.1,247672.6,990690.5,167.84252435408726,209.8031342651419,839.2126217704363,65.10000000000001,0.030914330626146347
993,Company_993,Healthcare,Latin America,2015,3773.4,12.0,9021.9,6.6,62.4,50.9,66.9,69.4,318319.5,318319.5,636639.0,84.35880108125298,84.35880108125298,168.71760216250595,62.400000000000006,
993,Company_993,Healthcare,Latin America,2016,3837.7,12.6,12026.0,1.7,64.1,52.6,69.9,69.9,319256.9,319256.9,638513.9,83.18964483935692,83.18964483935692,166.37931573598772,64.13333333333334,0.017040334976413662
993,Company_993,Healthcare,Latin America,2017,4411.3,11.0,8403.5,14.9,65.2,55.7,71.2,68.6,357382.6,357382.6,714765.2,81.01525627366081,81.01525627366081,162.03051254732162,65.16666666666667,0.14946452302160163
993,Company_993,Healthcare,Latin America,2018,4674.5,15.3,9057.5,6.0,66.2,55.5,74.0,69.0,379352.3,379352.3,758704.6,81.15355653011017,81.15355653011017,162.30711306022033,66.16666666666667,0.05966495137487815
993,Company_993,Healthcare,Latin America,2019,5131.8,16.5,20044.5,9.8,65.5,54.1,72.0,70.4,421595.0,421595.0,843190.1,82.15343544175532,82.15343544175532,164.30689036985072,65.5,0.09782864477484221
993,Company_993,Healthcare,Latin America,2020,5474.5,15.7,17775.7,6.7,67.0,54.1,73.2,73.7,449550.1,449550.1,899100.2,82.11710658507626,82.11710658507626,164.23421317015251,67.0,0.06677968743910512
993,Company_993,Healthcare,Latin America,2021,6119.1,18.6,17694.0,11.8,67.7,50.9,75.6,76.6,516392.9,516392.9,1032785.7,84.39033518001013,84.39033518001013,168.78065401774768,67.7,0.11774591286875524
993,Company_993,Healthcare,Latin America,2022,6315.9,18.3,21878.3,3.2,67.0,50.6,73.3,77.1,533992.9,533992.9,1067985.7,84.5473962538989,84.5473962538989,169.09477667474152,67.0,0.032161592391037885
993,Company_993,Healthcare,Latin America,2023,6723.4,20.0,28563.0,6.5,68.1,55.1,74.6,74.8,547557.3,547557.3,1095114.6,81.44053603831397,81.44053603831397,162.88107207662793,68.16666666666667,0.06451970423850906
993,Company_993,Healthcare,Latin America,2024,6953.5,17.1,18123.5,3.4,71.5,61.2,79.4,73.8,536603.8,536603.8,1073207.7,77.17031710649314,77.17031710649314,154.3406485942331,71.46666666666668,0.034223755837820224
993,Company_993,Healthcare,Latin America,2025,8472.9,17.0,31533.9,21.9,71.0,59.4,78.5,75.0,664185.3,664185.3,1328370.6,78.38937081754771,78.38937081754771,156.77874163509543,70.96666666666667,0.21850866470122954
994,Company_994,Manufacturing,Europe,2015,1057.0,8.4,1841.7,7.2,52.8,11.5,94.8,52.2,355070.0,473426.6,5917832.8,335.922421948912,447.89649952696305,5598.706527909177,52.833333333333336,
994,Company_994,Manufacturing,Europe,2016,1110.0,7.7,1489.1,5.0,53.1,13.4,93.1,52.7,368327.8,491103.7,6138796.2,331.8268468468468,442.4357657657658,5530.447027027028,53.06666666666666,0.050141911069063294
994,Company_994,Manufacturing,Europe,2017,1271.8,3.6,794.3,14.6,54.6,16.6,95.2,51.9,413567.6,551423.5,6892793.3,325.182890391571,433.5772133983331,5419.714813649945,54.56666666666667,0.14576576576576583
994,Company_994,Manufacturing,Europe,2018,1324.3,1.3,251.4,4.1,55.6,16.4,96.7,53.8,431060.5,574747.4,7184342.4,325.50064184852374,434.00090613909236,5425.011251227063,55.633333333333326,0.04128007548356649
994,Company_994,Manufacturing,Europe,2019,1528.0,4.9,1329.5,15.4,56.9,17.9,94.6,58.2,492770.2,657026.9,8212836.9,322.49358638743456,429.9914267015707,5374.893259162304,56.9,0.15381711092652717
994,Company_994,Manufacturing,Europe,2020,1818.7,5.9,1697.9,19.0,57.5,19.3,97.0,56.1,581075.9,774767.9,9684598.6,319.50068730411834,426.0009347336009,5325.011601693517,57.46666666666667,0.1902486910994765
994,Company_994,Manufacturing,Europe,2021,1904.7,3.6,959.5,4.7,58.2,19.3,98.0,57.4,608439.8,811253.1,10140663.9,319.44127684149737,425.92171995589854,5324.021578201292,58.23333333333333,0.04728652334084793
994,Company_994,Manufacturing,Europe,2022,1952.7,0.2,41.0,2.5,59.6,19.7,100.0,59.0,622154.0,829538.6,10369233.0,318.61217800993495,424.81620320581754,5310.2027961284375,59.56666666666666,0.025200819026618415
994,Company_994,Manufacturing,Europe,2023,2204.6,1.5,300.8,12.9,58.6,19.1,96.5,60.1,705384.1,940512.2,11756402.1,319.9601288215549,426.6135353352082,5332.669010251293,58.56666666666666,0.1290008705894401
994,Company_994,Manufacturing,Europe,2024,2168.0,2.4,511.0,-1.7,58.3,19.6,95.0,60.2,691116.5,921488.7,11518608.8,318.78067343173433,425.04091328413284,5313.011439114392,58.26666666666667,-0.0166016510931688
994,Company_994,Manufacturing,Europe,2025,2372.4,-3.2,7099.6,9.4,59.4,22.7,94.3,61.2,740965.2,987953.5,12349419.3,312.3272635306019,416.436309222728,5205.4540971168435,59.4,0.09428044280442816
995,Company_995,Healthcare,Latin America,2015,2012.2,16.2,5031.8,3.75,53.5,87.4,32.1,41.1,118358.2,118358.2,236716.4,58.820296193221346,58.820296193221346,117.64059238644269,53.53333333333333,
995,Company_995,Healthcare,Latin America,2016,2050.7,16.8,5468.6,1.9,53.8,87.1,33.5,40.8,121009.2,121009.2,242018.4,59.008728726776226,59.008728726776226,118.01745745355245,53.79999999999999,0.019133286949607253
995,Company_995,Healthcare,Latin America,2017,2119.0,16.3,4865.2,3.3,54.3,87.8,32.4,42.7,124054.4,124054.4,248108.8,58.54384143463898,58.54384143463898,117.08768286927796,54.29999999999999,0.0333057004925148
995,Company_995,Healthcare,Latin America,2018,2004.0,16.9,5337.6,-5.4,55.9,92.0,33.2,42.4,111378.9,111378.9,222757.8,55.57829341317365,55.57829341317365,111.1565868263473,55.86666666666667,-0.05427088249174139
995,Company_995,Healthcare,Latin America,2019,1857.3,13.5,3335.4,-7.3,57.5,94.7,34.8,43.0,99710.9,99710.9,199421.7,53.68594195875733,53.68594195875733,107.37183007591666,57.5,-0.07320359281437128
995,Company_995,Healthcare,Latin America,2020,1984.2,15.5,5022.2,6.8,59.4,98.4,35.9,43.8,101370.9,101370.9,202741.8,51.089053522830355,51.089053522830355,102.17810704566071,59.366666666666674,0.06832498788564045
995,Company_995,Healthcare,Latin America,2021,2067.0,12.4,5910.0,4.2,60.8,100.0,38.8,43.4,103349.6,103349.6,206699.2,49.999806482825356,49.999806482825356,99.99961296565071,60.73333333333334,0.041729664348352014
995,Company_995,Healthcare,Latin America,2022,2213.0,9.4,2196.1,7.1,62.1,100.0,38.3,47.9,110651.6,110651.6,221303.2,50.00072300045188,50.00072300045188,100.00144600090375,62.06666666666667,0.07063376874697624
995,Company_995,Healthcare,Latin America,2023,2238.9,9.8,4118.2,1.2,62.3,100.0,37.9,49.1,111944.0,111944.0,223887.9,49.99955335209254,49.99955335209254,99.99906203939433,62.333333333333336,0.011703569814731196
995,Company_995,Healthcare,Latin America,2024,2390.3,8.2,4801.1,6.8,64.0,100.0,40.3,51.8,119515.8,119515.8,239031.5,50.000334686022676,50.000334686022676,100.00062753629251,64.03333333333335,0.06762249318861935
995,Company_995,Healthcare,Latin America,2025,2805.6,9.3,4865.8,17.4,63.8,100.0,39.6,51.7,140279.2,140279.2,280558.5,49.999714856002285,49.999714856002285,99.99946535500428,63.76666666666667,0.17374388152114784
996,Company_996,Healthcare,Europe,2015,3099.7,18.2,11376.4,7.1,57.4,75.5,39.7,56.9,208168.1,208168.1,416336.3,67.15749911281738,67.15749911281738,134.3150304868213,57.36666666666667,
996,Company_996,Healthcare,Europe,2016,3068.8,18.5,10787.8,-1.0,59.8,76.6,42.2,60.4,203669.9,203669.9,407339.8,66.36792883211679,66.36792883211679,132.73585766423358,59.73333333333333,-0.00996870664903049
996,Company_996,Healthcare,Europe,2017,3220.8,20.0,12289.1,5.0,59.6,79.4,41.1,58.4,207401.9,207401.9,414803.8,64.39452930948832,64.39452930948832,128.78905861897664,59.63333333333333,0.04953076120959343
996,Company_996,Healthcare,Europe,2018,3420.8,21.5,12339.9,6.2,61.7,85.9,40.7,58.6,204892.1,204892.1,409784.2,59.89596000935454,59.89596000935454,119.79192001870908,61.73333333333334,0.062096373571783436
996,Company_996,Healthcare,Europe,2019,3760.8,27.6,19500.1,9.9,61.0,86.5,38.7,57.9,223640.9,223640.9,447281.7,59.466310359497975,59.466310359497975,118.93259412890875,61.03333333333333,0.09939195509822274
996,Company_996,Healthcare,Europe,2020,4221.5,26.1,23420.9,12.2,62.4,88.9,39.6,58.8,243996.7,243996.7,487993.4,57.798578704252044,57.798578704252044,115.59715740850409,62.43333333333334,0.12250053180174425
996,Company_996,Healthcare,Europe,2021,4201.6,24.7,17733.5,-0.5,61.7,92.3,37.0,55.6,232581.3,232581.3,465162.5,55.35541222391469,55.35541222391469,110.71080064737242,61.63333333333333,-0.004713964230723566
996,Company_996,Healthcare,Europe,2022,5028.5,27.2,22252.7,19.7,62.8,93.1,36.4,59.0,275736.2,275736.2,551472.5,54.83468231082828,54.83468231082828,109.66938450830267,62.833333333333336,0.19680597867479044
996,Company_996,Healthcare,Europe,2023,5431.8,24.3,32217.1,8.0,61.8,91.0,35.6,58.7,305997.5,305997.5,611995.0,56.33445634964468,56.33445634964468,112.66891269928936,61.76666666666667,0.08020284379039477
996,Company_996,Healthcare,Europe,2024,5915.9,24.4,30318.1,8.9,60.1,88.5,33.8,58.1,343417.5,343417.5,686834.9,58.04991632718606,58.04991632718606,116.09981575077335,60.13333333333333,0.08912331087300696
996,Company_996,Healthcare,Europe,2025,5503.9,20.3,25775.5,-7.0,60.4,91.3,32.9,56.9,308688.0,308688.0,617376.0,56.085321317611154,56.085321317611154,112.17064263522231,60.36666666666667,-0.06964282695785928
997,Company_997,Utilities,Africa,2015,537.0,15.7,716.1,1.55,61.2,44.9,82.4,56.4,380375.4,237734.6,3803753.9,708.3340782122906,442.70875232774677,7083.340595903165,61.23333333333334,
997,Company_997,Utilities,Africa,2016,525.5,15.3,1095.3,-2.1,63.0,47.6,84.3,57.0,364491.1,227806.9,3644911.0,693.6081826831588,433.50504281636535,6936.081826831589,62.96666666666667,-0.02141527001862198
997,Company_997,Utilities,Africa,2017,499.5,13.5,571.5,-5.0,63.3,45.9,86.9,56.9,351049.5,219405.9,3510494.7,702.8018018018018,439.25105105105104,7028.017417417418,63.23333333333334,-0.04947668886774503
997,Company_997,Utilities,Africa,2018,538.7,10.7,758.8,7.9,64.1,44.4,87.6,60.2,383159.8,239474.8,3831597.5,711.2674958232782,444.54204566549095,7112.674030072396,64.06666666666666,0.07847847847847866
997,Company_997,Utilities,Africa,2019,532.5,9.7,607.0,-1.2,64.5,47.7,86.8,59.1,368949.1,230593.2,3689491.4,692.8621596244132,433.03887323943667,6928.6223474178405,64.53333333333333,-0.011509188787822588
997,Company_997,Utilities,Africa,2020,542.4,8.0,564.6,1.9,65.1,48.9,89.3,57.0,372018.6,232511.6,3720185.8,685.875,428.6718289085546,6858.749631268436,65.06666666666666,0.018591549295774668
997,Company_997,Utilities,Africa,2021,591.3,7.3,515.0,9.0,64.5,47.4,87.5,58.6,410747.8,256717.4,4107477.9,694.6521224420768,434.15761880602065,6946.521055301878,64.5,0.09015486725663724
997,Company_997,Utilities,Africa,2022,639.8,7.2,646.4,8.2,63.7,47.0,85.2,58.9,445911.6,278694.8,4459116.3,696.9546733354173,435.5967489840575,6969.547202250704,63.699999999999996,0.08202266193133778
997,Company_997,Utilities,Africa,2023,623.2,10.3,696.7,-2.6,64.4,48.7,87.7,56.7,428201.7,267626.1,4282017.2,687.1015725288831,429.438543003851,6871.016046213093,64.36666666666667,-0.025945608002500675
997,Company_997,Utilities,Africa,2024,634.7,11.5,733.2,1.8,66.1,51.0,88.9,58.3,427979.2,267487.0,4279792.1,674.3015597920277,421.4384748700173,6743.015755475027,66.06666666666666,0.018453145057766296
997,Company_997,Utilities,Africa,2025,642.9,10.2,818.5,1.3,66.7,49.5,91.4,59.2,439038.9,274399.3,4390388.8,682.9038730751283,426.81490122880695,6829.038419660911,66.7,0.012919489522609018
998,Company_998,Healthcare,Oceania,2015,1055.4,14.9,3871.5,9.649999999999999,62.2,96.3,25.1,65.3,55490.0,55490.0,110980.0,52.5772219063862,52.5772219063862,105.1544438127724,62.23333333333333,
998,Company_998,Healthcare,Oceania,2016,1203.4,16.3,3002.2,14.0,62.0,94.8,26.5,64.8,64513.3,64513.3,129026.6,53.60919062655808,53.60919062655808,107.21838125311616,62.03333333333333,0.14023119196513179
998,Company_998,Healthcare,Oceania,2017,1321.8,20.0,6339.2,9.8,62.4,95.1,26.3,65.8,70649.3,70649.3,141298.6,53.44931154486307,53.44931154486307,106.89862308972614,62.4,0.09838790094731586
998,Company_998,Healthcare,Oceania,2018,1448.5,24.1,4956.7,9.6,63.6,96.9,23.9,70.1,75610.1,75610.1,151220.2,52.19889540904384,52.19889540904384,104.39779081808769,63.63333333333333,0.09585413829626277
998,Company_998,Healthcare,Oceania,2019,1589.7,23.1,4561.5,9.7,62.8,98.9,23.3,66.1,80656.8,80656.8,161313.6,50.73712021136063,50.73712021136063,101.47424042272127,62.76666666666667,0.09748015188125647
998,Company_998,Healthcare,Oceania,2020,1644.3,27.4,10808.2,3.4,63.9,100.0,23.8,67.9,82213.6,82213.6,164427.1,49.99914857386122,49.99914857386122,99.99823633156967,63.9,0.034346103038308984
998,Company_998,Healthcare,Oceania,2021,1646.4,25.4,4816.0,0.1,65.0,100.0,23.8,71.1,82321.5,82321.5,164643.0,50.000911078717195,50.000911078717195,100.00182215743439,64.96666666666665,0.0012771392081738497
998,Company_998,Healthcare,Oceania,2022,1561.9,27.3,9491.6,-5.1,64.5,100.0,24.3,69.3,78097.0,78097.0,156193.9,50.00128049170881,50.00128049170881,100.00249695883218,64.53333333333333,-0.051324101068998984
998,Company_998,Healthcare,Oceania,2023,1776.7,28.9,10634.1,13.8,66.0,98.8,29.8,69.4,90299.6,90299.6,180599.2,50.82433725446052,50.82433725446052,101.64867450892103,66.0,0.1375248095268582
998,Company_998,Healthcare,Oceania,2024,1838.2,30.5,13081.9,3.5,66.5,100.0,32.3,67.1,91910.8,91910.8,183821.5,50.000435208356,50.000435208356,100.0008160156675,66.46666666666667,0.0346147351832049
998,Company_998,Healthcare,Oceania,2025,2042.3,29.8,12788.3,11.1,65.6,100.0,31.7,65.2,102112.6,102112.6,204225.2,49.998824854330906,49.998824854330906,99.99764970866181,65.63333333333333,0.11103253182461104
999,Company_999,Finance,Asia,2015,5928.4,18.2,9585.9,0.6499999999999999,52.8,95.3,25.1,38.1,63210.0,31605.0,158025.0,10.662236016463128,5.331118008231564,26.65559004115782,52.833333333333336,
999,Company_999,Finance,Asia,2016,5732.1,17.6,14223.4,-3.3,52.1,96.3,23.7,36.3,60267.5,30133.8,150668.8,10.51403499590028,5.25702622075679,26.28509621255735,52.1,-0.033111800823156234
999,Company_999,Finance,Asia,2017,6311.1,15.1,16256.3,10.1,52.6,98.4,23.8,35.6,64497.8,32248.9,161244.4,10.219739823485604,5.109869911742802,25.54933371361569,52.6,0.101010101010101
999,Company_999,Finance,Asia,2018,7014.0,15.3,16530.9,11.1,51.7,97.6,22.2,35.4,72464.1,36232.0,181160.1,10.331351582549187,5.16566866267465,25.82835757057314,51.73333333333333,0.11137519608309154
999,Company_999,Finance,Asia,2019,5681.0,16.7,14933.1,-19.0,51.8,96.2,22.5,36.8,59841.3,29920.6,149603.2,10.533585636331633,5.266784016898433,26.3339552895617,51.833333333333336,-0.19004847447961215
999,Company_999,Finance,Asia,2020,5316.0,18.1,13661.7,-6.4,51.7,96.2,19.8,39.2,55987.0,27993.5,139967.5,10.531790820165538,5.265895410082769,26.329477050413846,51.73333333333333,-0.06424925189227249
999,Company_999,Finance,Asia,2021,5106.7,17.2,14494.9,-3.9,54.1,97.0,24.2,41.0,53176.5,26588.2,132941.1,10.413084770987135,5.206532594434763,26.032682554291423,54.06666666666666,-0.0393717080511663
999,Company_999,Finance,Asia,2022,5340.0,21.2,21433.7,4.6,52.7,96.5,20.6,40.9,55993.6,27996.8,139984.1,10.485692883895132,5.242846441947566,26.214250936329588,52.666666666666664,0.045685080384592736
999,Company_999,Finance,Asia,2023,5178.3,20.7,12652.4,-3.0,53.6,98.2,19.2,43.4,53102.2,26551.1,132755.5,10.254755421663479,5.127377710831739,25.6368885541587,53.6,-0.030280898876404505
999,Company_999,Finance,Asia,2024,5464.8,21.5,9851.2,5.5,53.6,98.3,17.7,45.0,55977.4,27988.7,139943.5,10.243265993265993,5.1216329966329965,25.608164983164983,53.666666666666664,0.05532703783094828
999,Company_999,Finance,Asia,2025,5700.3,21.6,19402.0,4.3,53.1,100.0,16.2,43.1,57003.4,28501.7,142508.6,10.000070171745346,5.000035085872673,25.000192972299704,53.1,0.043093983311374595
1000,Company_1000,Consumer Goods,Latin America,2015,2388.7,14.7,6004.2,1.7999999999999998,46.4,60.0,38.8,40.4,372525.7,465657.2,1862628.6,155.9533218905681,194.9416837610416,779.7666513166158,46.4,
1000,Company_1000,Consumer Goods,Latin America,2016,2459.4,14.7,8024.3,3.0,49.0,61.8,42.6,42.5,377376.2,471720.3,1886881.0,153.4423843213792,191.80300073188582,767.211921606896,48.96666666666667,0.02959768911960503
1000,Company_1000,Consumer Goods,Latin America,2017,2685.8,16.3,10157.8,9.2,50.3,65.2,46.4,39.1,399264.1,499080.1,1996320.4,148.6574205078561,185.82176632660656,743.2870653064263,50.23333333333333,0.09205497275758323
1000,Company_1000,Consumer Goods,Latin America,2018,2778.2,16.9,10003.6,3.4,48.3,64.9,42.2,37.8,414154.8,517693.5,2070774.1,149.0730688935282,186.34133611691024,745.3653804621698,48.300000000000004,0.034403157346041935
1000,Company_1000,Consumer Goods,Latin America,2019,2798.3,16.8,6684.5,0.7,48.9,66.8,41.1,38.9,409725.5,512156.9,2048627.7,146.41943322731657,183.02430046814138,732.097237608548,48.93333333333334,0.007234900295155278
1000,Company_1000,Consumer Goods,Latin America,2020,3405.5,19.5,8599.9,21.7,50.4,68.0,42.6,40.5,492885.5,616106.9,2464427.6,144.73219791513728,180.9152547349875,723.66101893995,50.36666666666667,0.21698888610942357
1000,Company_1000,Consumer Goods,Latin America,2021,3419.2,21.7,14416.7,0.4,52.2,67.2,46.3,43.1,498875.8,623594.7,2494378.8,145.90424660739356,182.38029363593822,729.5211745437529,52.199999999999996,0.004022904125678961
1000,Company_1000,Consumer Goods,Latin America,2022,3518.8,21.4,8078.9,2.9,51.9,68.7,44.7,42.3,506013.7,632517.1,2530068.4,143.80291576673866,179.75363760372852,719.0145504149141,51.9,0.029129620963968206
1000,Company_1000,Consumer Goods,Latin America,2023,3417.1,17.1,13263.4,-2.9,52.9,72.4,43.1,43.2,473561.5,591951.9,2367807.7,138.58578911942877,173.23224371543122,692.929004126306,52.9,-0.0289018983744459
1000,Company_1000,Consumer Goods,Latin America,2024,3183.2,15.7,6960.1,-6.8,52.0,72.4,40.5,42.9,441310.9,551638.6,2206554.3,138.63750314149286,173.29687107313396,693.1874528776074,51.93333333333334,-0.06844985514032365
1000,Company_1000,Consumer Goods,Latin America,2025,3173.5,17.5,5666.1,-0.3,51.8,74.5,39.7,41.4,430741.6,538427.0,2153707.9,135.73077044272884,169.66346305341105,678.6538207026941,51.86666666666667,-0.0030472480522744094
